284
301
255
305
268
292
258
289
255
290
288
270
364
331
281
300
276
312
289
313
278
301
277
290
301
302
302
294
318
307
268
316
319
282
318
309
282
281
334
286
275
336
269
310
309
277
329
311
287
309
274
289
312
280
310
345
322
382
325
266
326
307
324
323
328
318
323
300
283
286
294
297
336
305
299
324
301
341
318
318
321
280
295
276
318
285
292
324
283
309
335
297
312
315
315
317
289
327
279
339
347
319
284
337
322
292
325
330
310
316
311
286
313
319
329
317
321
349
298
321
329
311
336
316
314
324
325
303
312
310
312
325
314
312
320
329
314
318
288
313
271
311
558
319
328
351
281
317
345
290
288
290
283
325
321
313
332
325
316
286
298
322
323
302
276
300
307
304
280
302
328
301
303
277
306
319
289
310
286
298
319
316
308
305
275
304
377
350
323
302
288
306
329
327
294
283
316
299
329
319
345
303
323
310
290
306
324
320
319
342
347
297
313
317
286
319
278
319
335
314
292
351
345
338
329
309
270
304
325
419
291
342
386
327
414
339
344
341
452
385
339
458
516
484
600
490
519
398
440
310
348
383
402
531
525
315
302
328
299
308
302
268
272
286
295
262
325
365
277
275
255
279
258
279
278
274
265
273
305
283
282
275
267
297
272
287
279
255
286
257
299
384
361
396
305
331
265
289
295
279
275
301
267
247
279
250
294
256
256
284
251
278
278
284
266
289
281
296
287
289
297
300
291
287
309
280
288
309
279
266
305
280
301
285
310
292
292
320
476
310
348
299
329
313
300
313
282
319
328
276
269
307
320
314
305
304
339
321
331
274
301
293
315
286
273
306
326
321
299
326
300
265
306
293
328
327
332
316
279
399
321
335
311
313
297
329
296
307
310
309
303
344
293
281
328
335
323
338
336
314
310
329
276
279
338
269
277
330
336
302
308
331
293
297
280
315
287
336
322
309
306
282
287
281
272
277
298
325
347
326
330
324
325
332
330
294
313
316
321
343
293
281
289
268
291
285
316
316
317
321
297
305
335
350
309
321
283
325
316
290
324
283
302
312
287
327
304
321
313
310
267
304
297
299
273
279
311
314
322
349
330
329
318
292
294
334
283
320
310
312
309
328
310
329
338
287
277
312
287
301
318
271
317
318
308
316
281
338
323
318
303
310
311
312
311
286
316
276
300
327
302
365
348
276
319
272
330
305
320
318
301
344
325
345
320
314
316
317
327
304
288
310
330
287
303
276
299
279
315
340
335
327
294
344
320
312
275
327
324
314
342
296
333
293
396
330
317
326
287
301
303
294
318
276
314
331
312
327
320
322
272
305
323
326
332
278
286
310
301
297
339
353
309
324
283
310
332
324
286
311
291
319
315
318
354
291
280
369
285
328
304
306
338
329
306
288
306
288
305
274
307
311
282
320
290
293
296
306
311
309
289
296
333
311
311
293
308
294
326
275
274
324
304
292
301
307
318
313
290
313
282
335
325
307
326
333
310
338
335
272
320
316
324
309
322
297
314
283
326
281
312
320
296
309
343
321
286
325
303
298
282
327
339
294
280
328
313
286
329
316
337
353
313
914
347
325
318
327
311
332
325
324
317
298
304
307
318
299
294
306
273
338
299
273
271
306
313
296
323
335
319
269
305
317
333
327
353
326
274
310
287
324
330
281
312
381
319
323
345
328
296
327
289
278
336
276
277
334
341
311
300
297
331
320
288
339
298
296
307
277
291
315
279
301
285
278
347
300
287
288
317
315
304
315
334
293
301
287
293
547
597
619
670
636
450
467
385
396
556
325
401
347
460
548
464
356
324
297
320
341
335
331
345
296
280
295
315
311
284
332
319
338
346
302
285
280
287
274
280
297
251
260
262
307
332
307
303
327
363
334
295
319
318
334
601
398
324
328
344
294
319
336
294
329
322
336
337
341
330
328
294
330
287
321
322
283
340
303
320
337
290
299
306
286
341
326
333
309
285
294
319
301
285
344
381
499
567
446
309
315
278
282
301
259
262
309
323
308
330
348
331
330
334
316
327
318
358
359
331
321
327
323
331
349
323
322
301
329
329
302
335
328
292
305
338
305
303
289
340
327
296
290
291
283
276
285
309
281
288
291
297
289
285
305
263
311
307
288
280
274
278
307
314
281
333
304
293
299
265
275
310
331
316
283
299
308
309
313
435
293
330
304
321
330
294
320
281
277
301
306
307
284
308
310
271
299
300
304
301
281
335
318
292
315
303
304
291
312
315
296
285
332
270
309
303
289
315
303
272
287
