159
146
157
173
169
165
169
172
165
150
176
157
165
146
150
169
163
177
147
165
173
145
151
179
168
147
166
167
152
170
163
159
165
171
173
163
167
162
146
168
167
167
174
169
161
175
157
157
170
168
161
148
165
148
160
166
162
164
150
179
166
167
182
173
163
160
184
190
196
169
170
173
165
168
165
166
174
177
165
165
157
187
173
177
162
174
181
182
171
186
160
175
164
170
180
179
182
170
163
180
166
173
177
188
179
163
175
172
156
189
156
160
173
174
156
172
178
163
180
164
192
172
179
182
180
182
189
167
159
177
174
174
157
164
156
191
185
190
169
190
191
179
168
181
207
193
185
180
194
178
191
167
184
194
176
158
158
168
161
182
163
186
177
159
169
175
181
188
185
192
165
181
178
178
161
177
167
176
174
187
171
175
159
184
178
170
183
168
168
166
183
192
159
184
173
186
177
183
185
179
174
174
175
160
174
180
177
195
192
176
156
188
175
182
164
181
182
205
195
165
164
183
169
188
168
182
173
174
184
166
177
162
175
186
172
178
172
193
173
193
185
191
186
168
179
162
176
170
179
190
201
164
197
193
181
165
168
163
182
176
174
163
184
165
184
165
187
161
191
192
188
178
190
198
199
188
171
165
194
181
193
195
172
184
186
174
193
180
250
194
191
183
189
184
184
171
227
189
187
294
212
193
235
196
191
186
185
182
230
272
184
200
202
203
186
178
265
203
222
187
213
270
196
200
198
227
302
333
262
183
185
163
171
160
156
173
164
170
162
165
152
166
171
165
165
150
167
167
166
168
165
184
162
173
157
149
162
166
153
175
162
179
174
179
171
168
172
171
167
179
158
162
167
179
156
166
178
166
197
189
162
178
195
368
295
197
378
453
185
182
192
182
181
203
155
161
155
177
179
185
183
166
181
182
179
173
182
186
168
191
166
164
160
161
169
192
173
189
180
175
161
179
185
160
177
178
160
183
160
179
190
180
175
181
197
170
186
176
177
167
169
178
172
162
176
178
175
179
187
188
157
182
177
189
182
178
180
178
159
180
386
209
203
240
247
208
207
183
194
180
198
163
179
166
181
175
165
183
179
188
193
169
180
193
182
191
184
165
164
172
187
183
183
182
168
165
190
201
162
179
188
188
182
175
183
180
190
179
184
183
173
175
180
181
185
170
171
180
183
183
162
180
193
183
183
190
231
169
172
178
188
182
183
181
205
193
216
184
225
192
182
173
173
191
181
163
166
166
175
178
172
195
188
193
175
166
186
193
182
165
180
184
169
172
189
184
181
188
175
183
169
182
160
175
172
186
173
168
168
189
180
173
179
186
179
191
166
187
157
171
169
191
185
180
185
190
183
157
180
172
179
187
184
186
192
182
176
183
236
254
206
185
187
166
160
168
196
173
170
193
200
175
185
183
165
185
186
185
192
185
186
197
178
181
189
177
180
185
161
166
188
183
164
179
177
196
166
191
182
197
165
199
162
181
187
166
186
168
173
179
188
194
177
180
179
178
186
192
160
183
188
187
192
162
191
183
189
166
189
254
196
189
205
199
216
206
181
176
180
162
172
198
164
179
176
195
179
179
178
165
182
189
196
202
185
168
185
201
168
194
165
160
198
163
185
191
195
209
195
189
189
196
190
167
157
166
169
184
158
178
188
189
182
189
166
179
192
187
197
186
187
178
176
166
181
166
187
174
189
185
181
182
188
178
172
177
202
188
201
187
166
177
177
180
177
178
190
189
188
174
169
186
179
177
176
162
183
188
183
183
184
189
181
176
184
170
187
182
182
190
182
173
175
191
166
171
158
180
167
181
176
165
191
169
192
167
181
178
167
196
174
172
186
176
178
182
184
172
187
178
176
185
170
161
174
182
181
162
180
170
170
166
164
165
191
189
192
920
408
179
183
176
180
173
192
173
171
156
168
161
175
165
177
156
170
166
166
154
169
163
156
147
154
176
174
164
182
150
172
161
174
179
155
171
166
179
158
161
165
164
153
161
171
162
175
159
149
173
169
161
160
170
173
163
178
172
171
168
171
163
172
165
163
162
181
178
178
175
187
160
174
244
178
199
162
161
172
172
176
179
194
170
167
157
171
163
176
164
163
170
183
169
173
174
183
152
160
183
167
159
154
182
178
176
165
182
172
184
170
162
178
173
181
189
180
164
183
181
162
177
160
174
171
172
180
183
186
187
166
179
175
160
173
183
174
182
178
173
176
162
167
162
194
167
188
183
196
230
166
160
162
167
176
170
178
184
172
182
157
176
