126
112
107
112
114
115
106
108
114
114
117
101
111
112
123
104
122
115
115
112
102
110
115
114
114
111
120
115
120
117
120
125
119
128
122
129
115
121
114
118
108
115
122
117
106
119
115
116
112
117
125
128
127
128
131
121
119
124
132
157
127
151
134
172
269
255
245
231
221
222
212
215
146
125
119
126
115
112
123
109
125
137
109
118
132
114
129
111
131
110
129
120
118
120
116
122
135
132
133
130
123
131
129
138
127
128
116
131
126
134
128
117
126
131
122
119
130
136
128
135
127
128
122
123
113
130
114
129
135
111
126
136
132
135
138
128
134
141
130
139
133
109
128
123
110
130
137
142
141
147
118
120
222
178
132
142
119
124
135
144
204
154
142
148
139
126
152
140
121
142
130
122
138
137
121
138
129
111
126
112
111
108
115
119
117
117
115
113
119
109
107
105
105
117
125
122
114
108
117
129
116
117
120
118
105
113
125
105
111
122
119
116
125
122
107
121
124
135
121
120
125
115
118
129
105
120
118
129
125
122
109
112
114
112
118
116
116
121
121
110
123
110
119
114
112
123
111
123
122
111
250
233
255
231
235
249
251
154
113
109
113
132
123
126
146
109
117
123
123
124
126
115
136
114
121
119
126
125
133
119
129
122
112
126
122
118
109
121
113
130
119
128
123
123
116
109
130
115
119
128
112
122
123
129
124
127
109
121
128
126
122
126
131
125
120
131
126
131
112
125
116
121
129
130
127
124
130
132
130
132
121
111
112
125
129
142
119
125
138
130
133
225
317
116
127
134
122
131
132
118
110
131
108
110
121
123
122
119
131
124
126
121
107
113
117
138
123
123
120
127
113
128
107
111
113
103
120
100
117
107
113
114
122
122
103
116
109
112
105
106
104
104
118
119
111
111
106
110
120
116
121
129
106
120
109
119
117
113
102
122
106
124
115
114
106
118
111
115
112
118
100
118
104
116
112
107
101
116
117
109
113
103
114
114
112
115
121
116
120
118
115
111
120
119
118
116
118
114
125
128
107
122
116
122
118
106
118
106
112
117
127
117
124
112
106
122
113
116
125
118
116
105
123
126
171
147
110
120
118
106
131
119
115
122
132
117
118
118
117
116
121
124
117
126
106
119
120
121
121
117
128
126
128
126
119
120
114
115
119
125
108
121
121
119
123
126
125
108
109
106
130
121
117
111
115
134
121
111
114
114
130
119
115
107
131
125
130
124
110
109
112
120
120
118
140
112
120
112
110
121
118
119
126
109
123
120
128
123
134
111
128
122
121
109
132
118
110
123
111
132
112
118
119
109
113
135
124
111
111
110
120
128
130
119
133
119
121
120
118
115
127
107
113
120
109
110
113
105
124
125
119
106
110
124
135
123
119
110
117
114
122
127
119
120
128
123
123
130
123
111
131
115
126
119
119
117
118
119
119
120
126
123
125
128
110
113
111
127
129
136
116
124
111
123
112
134
119
123
124
120
125
143
112
127
130
126
110
135
119
109
120
119
117
127
122
129
129
131
129
108
110
112
125
111
109
125
136
132
122
112
135
129
113
130
130
164
138
120
132
123
115
115
130
126
124
115
120
131
121
121
131
115
117
122
122
136
111
116
125
131
114
110
128
134
129
119
131
118
120
111
108
114
123
123
122
112
111
121
121
121
114
123
130
120
128
114
130
134
129
129
116
121
113
125
121
121
129
120
119
119
129
110
125
121
120
110
124
119
123
123
123
117
124
129
114
126
133
122
126
114
113
112
122
120
124
114
130
121
118
121
124
113
127
116
127
120
127
167
139
126
122
134
122
111
125
126
128
133
132
120
123
119
119
131
128
114
108
120
124
134
122
112
122
130
126
124
110
122
122
115
123
123
121
130
109
122
122
121
120
120
136
118
131
116
126
109
126
126
123
122
132
139
123
122
121
113
115
120
121
129
119
128
125
126
113
122
125
125
111
132
136
124
128
110
124
115
109
121
131
129
120
120
112
117
122
118
109
125
121
125
124
136
125
110
123
127
131
111
117
132
137
111
116
131
117
129
132
116
142
124
132
124
130
129
131
125
128
128
137
133
139
130
131
122
134
125
140
131
121
123
111
119
116
117
121
112
127
131
121
121
131
115
127
114
121
128
125
124
114
116
116
115
118
132
127
123
123
123
109
133
124
120
134
116
117
128
129
130
116
117
115
128
131
123
123
117
125
118
133
119
131
133
122
130
119
114
133
133
122
118
124
112
117
126
122
111
122
127
121
136
149
216
162
127
146
130
134
126
116
138
