4258
1761
2410
2097
1494
2739
2891
2742
2621
2712
1892
1811
2174
1518
1633
1511
1559
1445
2008
1218
1180
1169
1186
1235
1235
1177
1191
1102
1083
1310
1037
1249
1071
1097
1161
1181
1222
1127
1166
1250
1192
1044
941
1104
1001
1165
1049
1015
1013
1126
1185
1046
1190
1372
916
1028
1078
1193
1237
1176
1004
1168
1177
1117
1207
1031
1244
1253
1284
1011
1044
1200
1005
1231
1097
1298
1173
1009
1239
935
1101
1289
1158
1200
1174
1089
1102
1100
1221
1164
1138
1315
1139
1203
1222
1175
1168
1214
1139
1199
1258
1193
1209
1016
1143
1346
1869
2365
2566
2559
3049
4040
2507
3802
3284
3933
2898
2532
1663
1399
823
1288
1640
1595
1501
1212
1139
1141
2265
2871
2483
2540
2271
2455
1704
2229
2822
2861
2860
2347
2469
2288
1506
1545
1496
1225
1017
1149
1271
1191
1179
1031
1085
1054
1093
1027
1033
1144
1084
1146
1046
1090
1139
1129
1354
2192
2529
2532
2263
2779
2610
2594
2529
2491
2574
2818
3709
2268
2158
2132
2083
1227
1615
1378
1438
1084
1190
1214
1191
1040
1201
1350
1783
2646
2326
2701
2554
2593
2336
2491
2608
2574
2655
2738
2837
2218
2239
1925
1479
1811
1227
1625
1268
1419
1355
2551
2810
1310
2440
1842
1848
2035
1749
1535
873
1213
1201
2032
2682
2953
2774
1806
2644
2531
2681
2691
2686
1410
1577
1714
1731
1567
1471
1304
1135
1256
1247
1136
1189
988
1120
1076
1030
894
1171
1043
1225
1169
1153
973
1051
1088
1070
1024
1164
1198
1075
1085
1145
1171
1151
1266
1265
1050
1088
1081
1287
1280
1190
1044
1107
1292
1216
1030
1071
906
1038
1114
1105
1173
1248
1246
1194
1172
1200
1159
1047
900
1270
1151
1213
1112
1157
1199
1268
1096
1222
1173
1317
886
1053
1063
1006
1188
984
1273
1077
1012
1181
1243
1031
1697
2520
2514
2315
2702
2709
2323
2789
2394
2492
2214
2295
2697
2378
2336
2180
2497
2462
3673
3228
3246
2429
3995
1596
1586
1873
1855
2099
1993
1443
1590
1539
1237
1282
1188
1000
1291
1406
1807
2717
2424
2887
2645
1638
1016
1761
2496
2714
2401
2266
1993
2566
2851
2682
2363
2670
2122
2516
2940
2498
2796
2769
3006
2438
2839
2447
2495
2517
2337
2651
2407
2410
1507
1854
1299
1417
1360
1406
1213
1106
1187
1140
1050
1179
1186
1041
975
930
1021
1297
1269
893
1149
1206
1215
1205
1030
1364
813
2795
1586
1510
1085
1033
1390
1497
1352
1661
1087
1237
1303
2870
4162
3457
2840
2571
2642
2074
1995
1989
1366
1525
3707
3097
1999
1125
1596
3170
2790
2489
2186
1130
934
2432
1705
1350
1083
1058
1206
1030
1396
1401
1658
1945
2136
1680
2011
1819
2197
1606
1219
1086
1175
1186
1178
1175
1188
1270
1306
1135
1187
1286
1152
1021
1154
1018
1211
1195
1187
1058
1145
1149
1057
1151
967
1287
1219
1183
1030
1142
1021
1194
1248
1208
1153
1167
1272
1098
1035
1191
1283
1062
1191
1086
1253
1111
1330
3073
4427
2685
1105
1420
1559
1431
1487
1955
1935
2173
2670
2510
2537
2449
2326
2294
1671
2640
2425
1822
1323
926
1293
1390
1341
1367
1201
1358
1686
929
1047
1011
1243
1188
1286
1426
1183
1220
1045
1249
1210
1092
914
849
1222
1073
1052
1173
1154
934
1190
1128
1237
1092
1134
1067
1630
1322
1812
2757
1079
1743
1192
2834
3663
2650
1836
1778
2712
3420
2910
2724
1969
1000
1491
2406
2293
2610
2325
3029
4404
2378
2610
2415
2004
2729
2690
2750
2467
2582
2769
2619
2841
2287
2578
2644
2669
2871
2626
2625
2963
1225
762
2243
2565
2656
2628
2072
1835
2608
2540
2567
2229
2236
1968
2166
1915
1693
1685
1446
1392
1159
2025
2310
2696
2704
2852
2732
2906
2722
2786
2393
2528
2535
2881
2494
2464
2586
2313
1844
3605
3287
4003
3501
3450
1649
1588
1716
1250
1278
1210
1253
1230
1182
1192
1075
1227
1119
1132
1029
1969
2716
2819
2425
2398
3276
2784
2707
2666
2454
2915
2846
2290
2717
1824
1900
1847
1343
1402
1479
1421
1206
1215
1151
1258
1035
1213
1243
1022
1023
1190
1106
1045
1143
1237
1097
1198
1071
1175
1028
1197
1409
2750
2767
2476
2581
2546
1659
2433
2655
2602
2659
2105
2680
2620
2784
2920
1958
2226
1872
1526
1694
1625
1307
1200
1278
1337
1123
1235
1085
1147
1227
1160
1080
1235
1022
1261
1217
1203
1193
1104
1256
1146
1102
1249
1193
1035
1013
1021
1217
1223
1065
1040
1998
3474
3215
3014
1060
1110
1236
1147
1349
1381
1372
1335
1619
1816
1534
1247
1235
1263
1315
1204
1232
1272
1214
1192
1493
1307
1076
1075
1329
1155
1297
1056
1201
1058
1263
1209
1287
1402
1008
985
1212
1231
1248
1003
1221
1241
1057
1099
1127
1290
1227
2376
2647
2228
2601
2170
2673
2392
2377
2712
2325
2854
3336
2781
2760
2581
2451
2830
2775
2377
2770
2421
2531
2311
2257
2636
2559
2579
2365
2163
2417
2764
2590
2328
2185
2761
2276
2738
2371
2314
2772
2759
2422
2869
2375
3329
2730
2133
3057
2809
2256
1778
1680
1981
2248
1093
1433
1095
1278
1259
1196
1191
1204
1098
1143
1100
1020
947
915
1056
1258
1246
1280
1267
1099
1300
1169
1147
1084
1275
984
1063
1172
1058
1179
1198
1078
1026
1215
1215
1242
1032
986
1167
934
1159
1213
1136
1044
1248
1181
1258
1165
1174
1189
1522
2235
1399
1171
1026
1219
1141
1034
1236
1233
1034
1227
914
1094
1012
1167
1268
1054
1268
1000
1092
1167
1125
1017
1473
2527
2223
1197
1217
1248
1195
1170
1041
1006
1157
1052
1407
1471
1452
1709
1984
2398
2542
1884
2095
1789
1702
1499
1774
1492
1190
1219
1113
1258
1180
1216
1181
1250
1177
1173
1023
1267
1033
1210
938
1009
1177
1140
1150
1082
1096
1193
1144
