117
113
100
107
95
97
107
120
106
107
95
96
104
107
95
194
181
191
192
210
192
201
198
204
170
179
191
206
86
84
92
95
98
86
96
102
89
91
88
92
98
101
99
96
104
100
96
96
117
91
92
111
120
111
127
91
92
87
91
93
87
105
99
86
88
89
90
89
94
88
96
96
95
105
93
96
86
98
92
86
97
97
102
93
100
94
100
95
96
93
105
104
99
104
95
95
101
98
98
95
95
91
94
101
97
99
96
96
108
98
92
86
92
102
94
103
104
104
100
101
101
104
98
101
98
100
102
102
202
167
121
106
105
115
106
105
94
96
131
177
176
177
114
98
94
100
102
91
99
96
100
102
99
97
103
98
108
100
105
89
98
102
99
100
103
106
105
88
107
126
107
108
96
97
109
110
146
229
207
186
200
133
104
128
109
98
102
92
101
90
93
101
92
98
96
101
96
97
100
97
94
102
90
90
97
99
100
90
103
101
99
98
100
97
102
105
99
104
105
89
101
93
108
106
92
88
109
103
89
94
99
102
105
94
99
91
95
92
107
101
104
94
99
95
90
98
93
93
101
100
92
95
101
101
99
109
101
102
98
94
92
94
99
89
98
103
98
101
102
102
105
100
90
100
101
97
98
99
103
100
103
110
107
101
104
106
109
99
95
104
98
100
106
97
89
103
113
117
188
114
102
95
114
115
105
102
98
102
109
93
105
112
100
100
100
105
89
93
93
92
101
102
104
94
99
96
103
110
105
109
103
105
109
98
104
91
97
91
114
106
108
99
113
96
108
102
106
107
109
101
101
93
104
101
100
89
104
97
102
105
101
99
100
95
98
99
103
99
92
101
100
102
101
99
98
95
101
101
104
92
105
94
105
91
101
108
97
106
98
106
104
92
99
100
98
107
105
103
102
89
98
96
108
102
105
104
98
107
103
99
93
109
96
96
100
104
106
103
99
96
141
108
109
101
107
107
104
101
103
109
106
106
101
104
104
98
95
101
97
117
102
99
109
92
107
98
100
99
103
104
96
93
107
104
92
101
102
96
106
103
99
101
96
99
101
88
94
90
93
102
94
104
96
107
110
106
106
103
104
95
105
103
97
108
112
112
102
107
88
111
107
90
94
102
99
94
92
105
103
106
93
104
93
88
108
101
106
104
103
95
102
102
99
93
100
103
103
91
104
103
103
100
104
106
103
101
104
96
95
114
104
104
92
104
91
101
99
99
100
92
104
105
137
113
97
93
102
94
94
104
106
106
113
102
91
110
109
115
102
103
107
95
95
102
103
100
98
99
106
112
110
114
99
107
107
102
107
104
103
96
100
99
104
101
102
105
103
103
97
93
96
110
92
104
103
104
103
101
96
104
106
105
105
99
109
104
102
94
110
109
114
115
114
98
103
102
110
101
107
103
104
108
94
113
98
94
103
100
103
105
107
108
103
107
95
106
110
108
101
103
110
102
106
103
93
107
98
99
105
104
90
104
103
99
103
99
104
109
110
98
113
102
104
98
102
98
103
92
95
108
109
97
111
104
97
107
110
106
145
103
94
99
101
106
105
107
108
100
101
107
102
105
111
109
97
104
99
109
89
90
111
110
101
93
99
101
93
98
95
106
111
102
113
109
100
109
107
101
103
104
110
113
105
109
99
88
103
104
108
101
94
100
98
101
96
97
109
105
103
107
92
104
97
109
104
97
92
102
108
96
112
102
95
96
99
101
103
110
100
104
96
106
109
103
110
96
103
103
112
104
93
95
96
104
98
105
91
97
103
99
104
96
107
100
97
90
104
104
106
108
106
103
103
95
112
102
103
157
183
183
185
204
196
181
196
186
210
178
104
100
91
94
92
104
101
102
111
100
90
102
116
97
101
104
102
110
90
103
108
94
102
105
102
109
99
101
98
112
105
102
98
109
107
113
103
107
90
104
110
94
104
101
102
102
111
92
102
114
101
99
104
103
103
101
101
112
105
99
102
101
105
109
104
104
103
104
111
89
110
98
93
95
109
105
99
113
116
96
113
106
93
112
105
101
103
108
99
100
101
109
109
96
100
90
99
96
106
102
243
201
121
114
106
110
119
108
98
108
98
96
107
102
100
106
105
95
102
103
107
108
104
108
106
103
93
100
110
102
99
94
99
104
104
97
109
102
92
91
92
90
93
98
96
93
96
93
94
84
89
95
94
92
91
98
97
85
98
91
95
103
100
98
95
94
95
96
92
96
89
90
96
87
88
98
94
95
97
103
98
91
98
96
89
99
86
87
101
96
96
101
