682
975
795
1274
2061
2000
1235
1609
1841
1535
1549
1566
1855
1479
1492
698
823
1137
1071
1108
1101
1051
1037
948
1084
775
818
895
994
715
971
792
972
839
867
838
977
904
954
907
915
888
802
924
937
760
884
770
958
912
918
902
983
897
918
904
945
771
981
622
1049
665
783
878
792
805
891
789
923
879
831
781
874
800
985
970
956
727
695
824
905
805
882
792
1031
805
935
979
782
805
789
836
963
988
677
891
942
921
873
990
774
814
789
950
882
960
870
921
820
1107
753
916
832
817
867
757
973
755
872
991
812
733
763
987
1276
2075
1747
2123
2342
742
1417
1447
1571
1540
1553
1466
1279
1305
1428
1368
798
940
957
917
935
995
858
916
886
929
936
772
850
967
674
1007
700
919
921
836
932
934
908
944
950
889
926
955
1501
649
823
816
818
773
929
812
797
991
927
958
848
921
918
905
961
880
962
853
2538
3332
2072
2163
2030
2058
1945
1985
1962
1827
2147
1920
1984
2234
1540
2000
2168
2036
2099
1914
1614
1369
1642
2229
2058
2073
2102
2084
2024
1369
1984
1974
2033
2054
1999
1827
2631
2405
1393
1375
1267
1415
1125
987
1122
1033
1816
823
997
1030
1418
1451
1310
1491
1766
1936
1706
1095
950
916
717
842
772
741
969
780
798
865
885
1105
1716
695
1456
1465
1146
876
669
686
2001
1799
2071
1918
1976
1800
1730
1296
2096
2122
2056
1907
1759
1696
1813
1398
1241
1352
1368
1102
882
1084
937
1124
972
1089
924
929
856
790
927
891
912
783
862
931
881
924
924
889
904
616
885
868
902
848
850
789
966
881
844
871
903
953
809
776
945
1010
877
899
903
1000
1876
2044
1759
1868
2081
1905
1803
1765
2148
2031
1975
1896
1886
2051
2083
2024
2073
1764
2210
1670
1804
1860
1507
1262
1234
1146
1083
925
998
1029
1035
936
873
1251
733
770
814
841
889
947
776
975
922
810
912
888
938
771
983
998
785
873
989
782
928
838
922
934
933
931
919
787
789
918
899
2319
2092
1267
834
946
911
915
893
824
815
842
833
928
1096
1129
1473
792
748
974
852
831
1277
1039
712
927
879
806
909
888
800
850
948
792
814
942
1191
802
885
1804
1841
2057
1803
1927
2099
1089
762
783
1822
1898
2140
2171
2169
2149
1842
2233
2103
1922
1994
1926
1824
668
696
1299
1399
1343
1377
1278
1170
1109
952
962
908
946
1004
1011
914
822
874
881
898
911
893
916
867
798
844
812
842
925
816
864
898
980
603
931
888
941
906
882
777
917
908
938
940
880
920
822
912
746
611
818
850
842
890
905
947
919
908
834
895
967
890
886
961
881
627
897
845
818
885
893
778
844
840
915
968
838
900
783
901
966
651
938
889
879
805
907
958
895
862
832
808
954
812
959
789
886
770
628
912
970
937
996
967
788
826
982
769
949
946
979
799
979
819
717
839
919
904
823
903
789
904
924
900
805
932
845
943
906
1155
1560
2058
1551
1952
2093
1888
2127
1749
840
793
718
841
1182
985
835
809
1275
1386
1263
1311
1411
1347
1258
973
1451
1148
748
740
678
1568
1878
1586
1924
1645
1536
1589
1243
787
1234
1065
1068
1133
1031
938
970
1005
889
929
780
868
1957
2078
2203
2097
1722
1894
2055
3450
2503
2113
2210
2050
1922
1982
1955
1513
2114
1630
1940
2100
1990
1594
1292
1512
1486
1570
1092
1147
1181
1245
1167
1094
939
774
728
719
901
925
1009
1007
948
715
839
916
854
894
817
917
984
698
660
616
800
769
894
760
925
947
961
766
815
833
906
798
921
828
924
887
918
1005
917
959
789
797
907
899
908
947
774
897
990
917
1398
1913
1888
2065
2138
2083
2055
1888
2025
2084
2125
1004
3009
2811
3419
2052
2137
1776
1869
1998
2178
918
871
879
882
1082
881
1184
934
773
728
944
737
906
1129
1557
1411
1501
1406
1403
1258
865
830
804
2026
2073
1926
2033
2033
1862
1268
1833
1779
2027
2020
2132
1743
2066
804
688
1069
1097
840
1881
1702
1270
920
1134
1221
1306
680
655
853
681
906
868
799
889
977
961
857
913
921
846
955
872
955
889
975
682
669
820
879
897
936
893
851
926
948
780
907
917
932
884
986
623
839
898
782
771
836
903
779
850
786
791
772
773
874
911
961
1552
1544
878
809
914
913
787
926
951
897
914
935
902
959
887
712
933
790
810
800
840
895
832
927
916
956
973
835
915
814
973
650
773
695
887
945
879
840
893
837
894
968
773
927
921
935
961
666
734
917
852
827
907
951
841
1005
894
777
905
959
834
847
914
753
817
928
1010
780
930
791
899
911
914
932
896
999
926
923
863
729
802
891
973
776
773
879
954
966
884
913
791
802
848
775
852
903
628
815
867
837
863
756
902
1003
944
940
730
671
857
725
1926
1287
888
903
895
892
928
828
919
879
815
723
1979
1924
1932
2190
2027
2103
1351
652
915
1333
1252
847
1221
1433
1415
1132
823
2287
1936
883
877
835
1036
1045
738
883
839
797
830
853
868
702
940
925
1946
1771
2008
2048
2144
1896
2054
2020
