317
263
286
296
288
285
275
287
254
410
292
350
317
337
333
327
431
398
294
446
396
331
438
516
420
458
384
357
362
384
490
309
308
402
357
324
296
285
297
303
283
256
261
256
306
256
257
288
296
251
288
270
294
289
295
270
309
302
266
319
320
267
308
307
268
319
314
306
309
305
311
361
369
305
339
336
315
321
301
304
288
297
287
273
263
294
294
310
264
297
289
255
303
276
264
320
260
301
258
258
283
294
259
291
297
324
267
282
305
281
299
308
305
317
305
320
583
560
609
420
304
305
311
316
273
306
277
308
316
302
310
303
298
275
318
310
311
326
279
309
308
332
288
312
335
292
323
296
301
303
268
304
277
343
322
318
562
383
327
315
326
344
399
321
309
273
305
289
321
337
326
331
320
346
313
287
305
289
343
320
315
281
325
334
336
299
277
311
345
329
312
328
312
283
285
316
313
386
305
320
336
307
280
339
292
324
320
341
314
315
312
325
326
313
285
340
337
308
295
325
332
327
328
351
305
330
319
322
286
313
285
306
323
331
322
287
323
339
339
338
328
350
296
323
274
275
293
319
323
320
549
365
357
327
317
357
282
346
320
342
318
323
329
302
282
308
329
297
286
300
293
287
303
348
342
298
314
321
297
290
327
338
354
324
296
325
323
342
352
351
329
378
348
356
319
329
331
277
307
293
309
311
308
319
319
314
302
306
277
324
327
307
299
295
328
322
334
338
319
322
329
300
301
315
326
327
311
318
358
329
353
304
282
317
379
297
324
320
322
322
280
291
329
332
294
320
323
337
293
317
331
282
316
306
287
325
315
316
331
311
314
333
320
295
338
326
309
301
318
322
288
333
280
328
320
317
294
393
308
321
284
300
310
304
329
334
289
337
310
342
314
339
322
409
507
348
318
343
305
328
313
338
341
296
334
299
316
325
306
296
309
304
332
322
333
314
308
398
343
310
349
317
356
311
338
311
300
281
316
306
326
315
323
311
282
290
315
267
300
285
270
316
280
311
319
304
289
296
311
283
299
312
305
293
337
296
324
318
311
315
295
353
303
346
338
327
295
316
292
308
321
332
277
338
333
328
323
299
332
304
355
358
291
343
333
299
341
328
349
309
321
313
324
279
331
323
341
297
282
319
325
333
381
313
292
317
311
335
290
342
343
330
333
321
299
320
299
291
339
329
352
334
321
326
330
321
329
310
314
347
319
310
332
306
293
310
307
286
330
301
285
356
328
358
432
297
351
290
334
366
330
338
337
328
322
330
329
326
352
331
310
327
332
309
299
276
304
316
307
283
284
313
346
324
307
342
301
315
293
324
310
330
297
288
281
304
333
513
333
350
294
306
337
304
314
372
351
330
436
384
394
369
361
407
400
345
315
374
429
534
528
574
375
359
332
315
298
305
344
297
353
341
326
336
343
337
316
325
295
299
259
257
309
308
297
275
293
271
304
317
275
293
272
256
268
273
296
332
376
592
321
317
274
302
320
285
288
261
311
289
307
291
296
290
274
257
260
303
288
274
302
289
297
263
335
316
272
279
329
281
264
315
264
277
322
323
326
311
298
291
323
318
421
634
614
589
311
293
322
338
345
331
278
296
328
324
272
302
280
304
291
368
295
333
309
310
327
312
275
302
324
348
302
332
304
302
308
292
290
302
322
303
314
308
303
300
368
543
460
337
331
279
299
287
304
325
313
322
309
334
304
311
315
310
315
328
334
315
322
315
288
317
335
306
318
291
328
280
286
284
323
308
338
317
309
291
327
337
292
319
304
349
323
322
302
343
320
283
280
321
348
348
333
337
330
297
333
319
293
304
321
323
323
286
321
299
356
285
338
314
299
300
330
318
320
287
347
335
337
320
311
325
324
315
280
471
343
346
344
303
353
323
326
309
334
282
336
300
337
332
296
314
316
318
321
301
311
280
283
340
319
316
320
342
337
323
290
315
351
296
311
298
286
282
299
309
309
321
320
351
325
320
312
315
284
275
297
320
303
331
309
330
328
328
318
308
331
275
284
346
326
340
279
340
312
272
335
322
320
314
323
317
304
323
319
284
317
325
312
339
329
327
323
317
299
315
355
327
348
333
293
326
298
348
328
328
340
316
329
302
314
342
306
315
293
329
338
335
305
281
332
325
298
320
317
305
317
319
335
326
349
335
335
421
326
323
312
284
286
328
287
338
336
329
324
331
327
315
279
298
325
294
344
277
294
337
323
295
287
299
291
341
287
320
282
305
327
332
284
345
333
311
301
355
329
338
293
291
329
329
