1336
2837
2045
1353
1150
797
1349
1499
1974
783
1196
1178
1003
1340
1262
1333
960
783
960
1491
1142
1447
1410
981
1752
1604
1654
1579
1532
1170
1378
891
712
991
836
925
971
916
841
904
811
903
892
925
889
820
887
767
845
899
850
976
853
926
907
1009
895
922
952
1024
799
849
705
1008
849
663
888
925
828
926
947
944
955
843
917
977
913
820
857
821
868
1029
657
796
821
908
907
912
982
925
1009
860
936
989
870
805
910
991
742
641
938
875
949
956
987
908
1007
856
943
790
858
998
824
979
692
802
894
791
917
812
942
971
815
982
1032
854
959
866
846
997
619
907
968
935
849
1012
881
981
1013
942
1005
898
989
934
832
926
850
904
826
851
944
923
984
833
847
960
1056
998
967
979
1022
872
936
990
1005
911
800
789
901
919
944
996
905
990
829
1577
1596
941
984
937
815
848
788
927
943
796
946
900
803
1238
1431
783
809
846
908
913
885
886
971
849
965
834
952
918
987
798
968
1170
849
955
1049
814
955
1319
811
829
855
819
842
867
1423
1698
1975
1558
953
656
638
940
1672
1356
1289
1049
1284
1637
1947
2300
1533
752
935
797
830
666
1060
2104
2315
2186
1845
710
2340
2479
1966
1896
1849
2079
2365
1051
1103
1073
1519
1352
1101
1162
1498
1142
1135
1620
1345
2026
1938
1846
1772
1752
1754
1469
1335
688
2086
2044
1787
2039
2092
1788
1868
1662
2068
1922
1940
2175
1925
2082
2034
1803
2099
2260
2069
1964
2185
1736
2238
2077
2222
1931
2150
2730
3206
2432
2119
1888
2695
2421
1208
1998
1858
1774
1640
1126
1010
1088
1100
733
833
792
886
958
889
913
858
966
911
791
963
788
926
2744
2132
1017
908
1195
1123
1051
810
923
748
860
909
957
863
1162
1201
1182
1191
1138
1704
1463
1783
2084
2221
2061
1956
2429
1812
1675
1794
1631
1627
1566
1541
1757
884
2012
2182
2143
2157
1978
1943
1279
1006
1439
1807
1853
2034
2040
1955
1483
1628
1192
1376
890
957
822
894
965
682
933
949
801
908
2031
2203
2075
2109
1860
2076
2105
1995
1530
1185
945
2558
2225
2645
2808
2062
1433
2063
1956
1924
1965
1703
2161
680
1806
1180
1656
1814
1707
1489
1465
1421
1118
968
937
1029
1076
915
1062
976
823
936
838
824
984
936
983
1095
947
904
906
890
897
907
901
947
822
946
800
788
916
904
875
731
846
917
949
972
790
954
819
903
956
904
926
969
810
791
1026
774
789
927
1004
677
912
858
952
775
776
788
779
1180
1209
1503
1002
1833
1333
1261
1564
1185
1135
791
799
1027
1046
1090
1035
1028
1078
936
1035
1044
921
952
1159
822
697
1307
2220
2131
2249
2199
1833
1711
1233
1886
1825
2082
812
970
1181
997
1128
1581
1583
1037
1115
1045
1172
1102
1166
1234
1157
1175
1127
926
801
1382
739
668
1176
941
1002
1057
1048
1423
1816
1247
1233
985
1158
982
759
988
941
952
945
987
943
951
932
949
950
905
832
903
1003
682
761
745
974
864
900
887
933
934
880
728
846
942
804
911
1114
950
969
1716
2949
3403
3209
1987
2812
3575
4031
3280
3925
3813
3980
3417
3361
2993
2468
2413
2160
2216
899
866
1042
870
833
857
783
1105
686
784
806
922
855
1442
1369
1481
1689
1565
1493
1339
1419
1525
1544
1801
1498
1697
1023
1088
852
1257
708
878
900
940
896
853
802
987
831
879
940
909
1066
865
891
897
931
834
939
1019
823
970
938
872
860
832
867
817
941
697
842
805
876
824
923
870
843
891
993
976
920
929
1110
1176
1488
742
821
1470
1145
2116
2151
1780
1349
767
1680
1200
1914
2112
2059
2230
1834
2101
2372
3542
2138
2176
1888
1885
2101
3943
1609
1216
1144
1037
1124
1206
1069
1424
1479
1316
1179
1354
1504
1173
2075
1733
1260
883
868
847
941
972
1001
977
924
904
883
934
851
931
891
873
1049
947
907
944
939
949
972
925
917
939
891
932
812
953
1012
919
946
936
2724
2222
2142
2162
1915
1330
696
733
803
714
875
1275
1020
799
984
782
1441
1758
1553
1537
1511
1583
1331
994
1033
645
905
938
973
921
922
854
913
933
920
922
919
961
983
957
938
1046
754
866
904
907
851
955
848
917
1009
795
917
858
966
798
849
727
853
1938
1787
2126
2114
1988
2045
1452
725
586
1285
2094
2063
2317
2294
1972
1930
2112
1939
1851
2098
2012
1816
2035
1865
1791
1575
1628
1359
1494
1565
1103
1004
1192
1166
935
962
900
998
939
999
866
925
797
933
921
925
864
854
770
892
807
947
960
909
948
881
829
928
945
895
925
850
911
863
871
804
863
837
995
899
788
871
860
918
879
922
888
1231
2097
1109
2032
1829
1860
1830
2174
2148
3002
2131
2245
1884
2058
2105
1770
1477
1041
1351
921
976
1004
841
1329
928
842
881
875
859
997
961
930
951
929
843
827
804
694
827
858
820
786
898
930
926
827
827
967
902
827
846
1040
1776
1476
924
910
776
733
960
936
863
932
960
814
896
857
925
915
806
798
796
914
1000
954
806
741
802
918
833
807
884
848
791
921
956
995
908
917
988
935
914
907
807
991
984
908
851
897
817
903
1285
871
745
