807
1275
1273
1270
1249
1147
1289
1220
1175
1175
1200
1250
1234
1210
1299
1319
1323
1280
1093
1173
1242
1085
1406
337
499
1053
1014
978
650
863
1171
2188
2025
1523
1305
1355
1236
1223
1097
1303
2226
2091
1981
1716
1889
1341
1382
2250
2162
2082
2252
1579
1276
1377
1867
1225
1180
941
736
693
369
422
671
724
786
445
452
754
608
717
1326
532
931
1066
512
526
638
717
717
849
385
683
1347
1273
1252
1433
1214
1307
1083
568
702
1233
1879
1326
1167
1713
1294
829
775
698
852
827
1286
796
674
703
355
488
553
603
464
448
518
523
533
521
514
544
521
525
576
509
545
529
528
498
701
926
862
583
471
508
531
590
630
559
528
555
599
673
570
552
505
448
665
706
700
476
399
461
493
526
931
792
626
446
611
825
788
806
348
631
665
823
764
759
795
670
787
676
585
629
555
979
488
540
447
411
476
535
465
503
516
554
531
416
539
526
553
464
544
528
535
497
471
470
455
500
499
661
441
454
1036
880
1123
1196
1211
1206
1095
1264
1159
1166
1136
1756
2177
1780
1752
2138
1105
743
1106
1314
814
541
478
635
697
704
745
714
752
709
553
572
532
535
537
559
545
556
557
530
519
473
481
576
622
577
563
582
579
532
488
515
496
531
957
911
523
549
494
602
488
548
536
536
1011
814
546
817
812
1029
697
539
624
506
541
523
546
574
531
546
493
579
565
530
536
473
702
867
790
582
465
424
876
757
566
435
759
478
451
524
553
508
560
556
383
569
524
506
516
494
526
538
1114
813
645
436
548
502
519
493
517
486
753
561
363
435
537
532
531
572
508
474
495
545
489
426
385
523
1876
2015
951
804
637
639
552
521
459
1377
1818
520
484
652
892
987
919
738
545
478
437
521
464
478
490
540
806
489
344
408
480
545
562
497
525
546
557
533
547
510
412
460
528
537
545
406
435
543
568
528
463
467
484
576
531
515
373
476
421
462
476
544
558
499
512
574
555
581
499
487
525
563
581
558
594
547
557
509
529
588
489
614
518
411
367
495
476
462
501
515
524
523
496
541
509
520
576
583
468
571
586
585
552
523
503
562
488
546
621
464
427
434
521
565
524
596
585
565
472
551
493
526
576
579
509
503
532
579
478
538
510
532
473
569
521
510
370
468
527
529
482
532
516
473
544
531
548
517
516
551
588
502
536
594
575
462
572
485
492
545
549
430
568
547
542
531
499
549
538
464
542
558
505
494
521
575
530
524
535
558
540
528
536
464
540
558
564
410
433
568
497
570
539
567
561
551
589
554
483
508
530
487
485
520
473
477
489
525
518
464
482
465
483
662
562
532
532
476
541
534
519
517
528
482
558
473
558
540
525
566
554
518
541
539
501
516
559
488
521
819
1001
964
768
567
590
497
559
546
489
472
535
558
571
542
556
558
591
543
488
571
483
531
984
1004
817
532
541
507
504
570
510
541
529
548
518
530
466
547
540
506
566
540
549
536
533
628
498
395
471
508
527
499
544
497
504
559
543
481
581
537
534
459
470
537
490
532
583
581
480
499
465
585
785
845
739
495
475
457
543
558
470
492
553
484
503
559
514
560
481
467
519
528
495
540
461
581
655
560
804
561
697
835
698
963
656
537
595
1647
2108
1941
486
397
487
543
561
547
585
488
497
476
567
541
542
546
518
597
468
470
569
544
645
1309
608
1071
1236
1226
1068
1111
1188
1086
1112
1155
1330
1127
1271
2110
2009
1917
1290
1055
1214
1200
1257
1411
1101
1223
1197
1117
1052
1124
1148
1068
1212
1124
1266
2231
1118
881
1002
861
872
935
727
728
728
791
707
642
737
703
616
527
542
560
571
509
560
539
562
494
573
467
497
524
539
507
476
565
537
574
511
533
493
504
504
716
532
462
476
550
532
508
571
464
477
502
486
547
564
542
538
508
510
552
537
487
530
554
476
474
586
526
592
428
537
485
497
576
568
481
576
542
566
559
569
568
538
538
531
492
545
482
634
556
577
490
472
558
488
464
369
483
474
539
486
521
438
418
545
532
524
504
547
517
515
533
506
461
570
560
471
534
528
488
532
613
580
462
545
492
605
549
470
550
538
549
541
568
597
511
473
545
492
532
478
459
463
547
508
538
471
1247
1179
1273
1304
1253
1192
1310
1201
1098
1252
1199
1271
1102
1211
1222
1186
1276
1113
1173
1110
1028
1114
997
1513
2156
1801
1300
1091
1227
1264
1205
1264
1418
1531
1344
1328
1795
1588
834
1060
1656
1666
1252
1550
1631
1579
1835
1784
1689
1048
359
842
717
780
807
795
861
625
519
555
649
603
607
646
608
614
565
965
399
451
551
568
517
552
468
542
542
564
488
567
539
521
522
547
476
562
577
495
524
562
536
580
703
535
596
580
546
541
557
548
493
464
503
477
560
525
586
530
516
