127
117
114
112
104
106
100
108
112
112
114
117
111
110
106
112
110
114
116
111
113
113
105
110
103
108
124
105
108
105
115
114
103
117
119
122
120
108
125
114
105
116
111
119
108
122
117
127
106
113
120
121
114
111
120
120
105
183
191
114
123
127
122
124
118
120
113
123
112
112
120
116
117
104
112
112
117
117
121
118
123
111
118
116
126
118
124
113
120
105
116
119
109
114
122
115
105
112
109
118
113
123
116
112
118
107
111
116
110
119
105
125
123
131
119
124
113
109
122
112
115
121
115
122
121
114
116
117
129
107
118
114
124
115
122
123
111
130
116
129
116
120
132
128
110
115
131
122
129
124
122
125
121
128
133
121
117
130
122
125
110
119
134
133
118
111
122
113
117
125
123
110
125
127
118
107
133
120
110
114
110
118
115
121
115
117
126
110
120
121
108
123
120
115
111
120
120
109
122
120
129
112
123
123
128
119
122
121
118
109
119
124
111
123
126
124
120
122
121
117
120
110
115
122
108
120
114
119
107
119
124
108
112
109
109
117
129
124
121
114
116
117
110
113
125
120
123
107
112
117
119
125
115
119
110
114
125
125
118
121
113
118
116
117
109
115
127
114
157
137
122
116
139
122
114
111
128
129
118
114
121
114
124
108
127
113
109
122
113
128
127
131
108
110
127
122
122
108
129
128
130
105
117
132
129
128
115
120
123
120
121
124
112
105
119
123
123
115
123
128
130
123
128
118
119
118
130
108
122
124
107
132
125
132
126
113
120
116
120
117
111
128
121
119
106
110
118
108
108
122
116
122
107
124
120
127
118
114
112
122
116
113
118
117
118
108
125
113
110
111
118
120
126
125
130
113
117
123
123
123
120
129
126
117
119
121
111
109
119
117
122
111
129
124
116
119
121
128
117
120
121
125
121
120
109
120
124
122
126
125
128
109
112
121
118
114
124
110
121
110
121
124
122
117
119
115
108
122
118
123
109
118
107
108
120
119
123
119
126
113
120
120
125
121
126
121
124
108
112
127
123
125
118
119
123
117
129
123
121
124
127
117
130
119
111
109
118
119
112
124
113
108
120
128
107
109
168
128
121
125
123
127
122
112
114
123
124
113
121
117
112
127
118
126
123
113
118
122
125
117
118
122
114
121
121
120
106
119
108
109
119
121
116
107
114
113
123
120
117
119
120
124
121
127
112
125
127
125
125
120
126
120
118
128
113
117
112
117
128
109
112
109
107
126
117
121
126
117
122
109
123
124
117
126
109
111
117
130
119
126
107
122
123
107
122
119
118
116
122
107
109
123
128
110
132
124
120
124
114
123
148
135
129
124
110
125
108
123
114
119
129
118
120
127
129
119
116
125
108
119
117
123
117
118
109
120
131
125
120
127
119
120
122
126
108
108
118
122
109
121
131
107
120
130
130
119
111
117
124
115
121
128
125
125
115
114
124
124
123
125
130
121
125
113
122
120
126
132
138
116
123
114
116
123
111
111
113
128
112
119
117
123
114
124
116
117
125
109
122
120
112
118
121
116
117
129
125
125
120
123
109
126
120
269
223
243
235
236
246
264
214
136
114
129
125
126
145
125
127
127
151
156
186
133
134
130
135
129
150
206
191
127
222
135
141
143
250
121
152
152
131
128
178
142
128
124
194
154
126
211
205
221
188
165
159
203
248
236
233
231
229
241
228
184
127
110
130
114
115
117
132
113
137
133
124
109
112
104
99
97
106
101
107
112
111
105
116
119
115
113
121
119
108
118
109
116
123
116
115
115
117
121
114
119
118
102
110
114
104
120
128
122
113
126
118
130
119
106
109
119
116
114
109
116
112
118
120
111
122
121
124
104
116
119
117
129
130
268
136
135
136
192
136
128
119
111
134
133
119
106
120
122
117
115
100
123
116
127
106
107
103
115
115
119
106
102
109
110
108
119
108
105
124
102
102
125
112
117
112
108
101
116
108
102
106
116
123
104
121
105
117
108
126
115
112
119
102
103
113
113
122
124
116
118
116
108
120
112
113
117
129
121
110
106
120
122
124
109
122
122
120
108
104
122
108
107
111
115
130
126
116
125
117
119
122
123
122
108
111
117
125
114
126
107
130
111
158
151
165
120
121
151
125
123
125
117
124
119
113
117
105
120
107
111
113
111
118
111
113
106
115
111
115
118
123
128
109
112
113
125
121
122
127
125
119
116
118
118
130
123
108
115
120
116
116
123
121
121
121
119
108
109
123
116
125
120
126
127
118
105
118
113
108
127
114
121
118
120
121
119
