231
225
246
217
228
223
196
236
229
223
257
228
239
229
239
209
211
211
229
249
249
241
252
251
257
249
222
271
226
251
227
249
235
213
215
204
231
243
252
218
261
221
229
276
240
233
228
218
211
225
246
240
252
256
264
220
258
217
244
259
226
238
237
242
224
243
230
230
250
244
253
239
227
232
247
214
252
244
229
248
207
232
244
239
265
243
244
249
225
217
242
249
266
237
270
262
265
378
242
292
382
308
269
236
242
244
246
216
249
246
238
244
242
213
227
251
227
259
237
227
264
261
242
248
237
247
256
236
259
241
235
225
251
250
229
251
249
270
247
269
233
258
236
218
210
262
250
243
222
224
347
225
239
221
233
225
260
246
223
234
254
261
244
258
232
239
230
225
232
242
223
236
277
253
233
217
251
269
217
250
215
249
228
213
275
262
215
250
249
229
246
227
264
218
217
210
207
256
251
237
246
239
222
227
219
245
228
325
259
233
259
264
241
264
243
257
255
240
219
239
212
251
229
252
218
247
259
249
260
260
237
262
266
228
247
227
257
216
226
238
238
216
223
238
235
250
217
214
234
234
246
231
215
251
213
268
253
253
258
259
258
281
314
305
280
257
255
259
262
231
224
228
241
269
239
258
267
245
239
234
217
252
240
215
220
239
237
249
263
263
250
218
232
236
261
258
264
250
278
195
198
209
197
254
234
220
246
232
224
216
206
217
200
220
228
208
217
350
350
355
261
406
409
511
453
427
334
281
303
281
405
433
306
236
498
483
431
296
327
279
257
322
585
417
345
397
368
239
225
296
269
218
227
222
224
210
234
199
243
229
217
209
253
219
237
238
211
238
237
239
253
208
234
223
225
244
257
248
253
249
242
221
251
641
468
221
262
250
248
221
259
254
235
225
248
241
235
242
256
250
257
253
259
253
245
272
226
248
254
266
239
262
268
255
273
260
279
245
277
252
255
238
274
259
225
228
246
235
232
249
263
238
252
254
253
341
532
335
292
239
287
293
259
278
247
230
269
233
225
227
228
242
199
249
226
258
229
241
241
217
250
253
276
216
246
232
265
251
286
255
222
229
249
246
250
241
237
216
256
258
254
281
240
229
260
227
233
252
220
220
239
328
271
258
276
273
255
252
252
258
284
262
233
247
255
239
250
247
247
254
239
248
265
255
260
250
244
247
256
242
253
228
232
222
222
225
221
249
260
243
252
263
245
250
220
265
229
218
242
237
245
225
244
238
270
231
313
240
277
261
265
247
236
214
237
245
233
218
226
237
217
214
216
236
242
230
203
238
230
202
235
222
228
209
243
227
225
208
224
225
240
199
224
224
207
242
235
210
239
229
245
199
201
209
226
205
215
211
223
202
231
386
458
266
284
254
514
512
296
218
198
206
213
222
217
214
215
230
212
221
231
212
217
200
216
215
200
239
227
220
232
202
226
238
252
246
230
217
212
239
218
244
204
230
226
227
221
214
248
227
252
250
218
240
236
251
235
218
248
237
221
220
296
256
260
239
250
233
240
232
251
251
243
224
243
235
232
237
253
244
243
241
228
246
244
236
264
238
224
264
241
255
245
242
246
252
225
244
240
254
234
241
235
247
219
243
259
221
240
214
252
251
258
214
230
256
394
246
248
249
241
251
218
226
236
246
230
241
243
229
246
247
230
238
238
241
224
258
254
217
227
228
230
221
235
245
249
236
244
232
238
253
252
253
245
249
242
223
242
263
241
232
245
246
220
253
222
226
236
253
318
223
246
249
255
254
252
247
256
264
236
266
223
208
228
216
225
204
223
227
205
216
199
217
217
221
226
220
194
226
234
229
230
204
225
213
219
209
204
221
210
224
236
215
214
222
227
239
216
205
226
228
222
201
215
235
198
229
251
237
206
225
215
227
240
220
233
224
221
222
208
230
206
207
251
206
233
212
240
227
205
253
210
246
246
236
206
228
225
234
247
229
237
209
217
223
249
236
227
253
245
237
226
224
240
232
240
234
205
233
227
209
237
232
258
246
302
240
239
238
239
233
232
235
222
234
239
247
243
242
230
237
240
244
258
226
246
232
245
217
235
240
244
225
238
212
254
246
231
241
244
234
229
215
235
221
250
242
254
237
213
226
244
240
237
239
235
231
239
215
236
316
651
620
213
244
249
231
215
231
196
197
201
223
203
203
212
227
189
228
193
200
221
232
235
204
228
226
212
218
221
201
195
193
220
222
237
216
215
247
225
226
214
253
217
241
201
231
246
231
229
232
234
228
205
255
203
380
245
209
