1050
1353
1371
1770
1507
1054
1621
2033
1184
1214
1094
1809
1329
1128
1285
1591
1532
2339
1537
1385
1134
1164
1338
1544
1964
1985
1825
1950
1610
1384
1071
1314
1400
1787
1517
1099
1016
1303
1338
1328
1930
1027
1302
1525
1318
1184
1137
1378
1236
1285
1729
1820
1386
1206
1388
1244
1188
1276
1249
1076
1165
1338
1366
1367
1208
1347
1414
1447
1205
1084
1384
1362
1211
1338
1402
1234
1373
1436
1300
1407
1320
1381
1331
1330
1404
1234
1183
1429
1353
1380
1364
1261
1141
1192
1397
1392
1303
1380
1193
1450
1239
1261
1381
1066
1133
1202
1287
1383
1189
1480
1368
1321
1275
1381
1871
1936
1511
1417
1470
1334
1195
1453
1365
1397
1107
1065
1213
1210
1316
1348
1708
1640
1711
2693
2933
3008
2021
1153
1739
1877
1850
1364
1628
1564
1560
1360
937
1342
1225
1377
1329
1434
1313
1180
1386
1388
1309
1222
1197
1451
1297
1383
1370
1292
1360
1392
1403
1091
1356
1320
1477
1159
1227
1374
1198
1351
1324
1220
1394
1493
1348
3081
2790
2607
3133
2697
2256
3060
2981
2673
3215
2169
2986
2859
2595
1929
2318
3122
3124
3112
4775
3075
3319
3100
5588
5098
3155
3367
2179
2535
2784
2658
3130
2678
2072
2901
2229
2026
1726
1655
1610
1374
1168
1444
1402
1349
1311
1586
3075
3189
3315
1532
1129
1802
1249
1470
1877
1886
1627
1415
1345
1364
1699
2239
1353
1337
1267
1378
1435
1316
1197
1258
1198
1467
1242
1365
1352
1383
1289
1399
1381
1345
1259
1496
1114
1309
1279
1282
1357
1393
1447
1405
1210
1362
1349
1455
1856
1512
1327
1357
1353
1221
1522
1475
2189
3372
2597
2880
3128
3213
3258
2946
3036
3114
2255
2165
3269
2650
2759
1812
1988
1165
1329
1440
1578
1268
1346
1467
1366
1194
1511
1345
1136
3084
2569
2876
3022
1858
2912
2610
3469
2928
3749
2420
2565
2348
2119
2788
2756
1518
1487
1240
1353
1328
1419
2003
1679
1443
1529
1233
1414
1784
1308
2656
3264
3062
3326
1223
1896
3275
2794
2660
2824
2966
2842
2570
2718
2168
2152
2090
1742
1913
1421
1416
1415
1222
1441
1405
1228
1164
1615
2066
1472
1314
1215
1333
1319
1418
1267
1277
1177
1237
1462
1242
1248
1403
1436
1277
1376
1169
2552
1573
1467
1552
1541
1173
1483
1369
1395
1309
1231
1425
1186
1331
1347
1208
1414
1411
1380
1412
1588
1162
1178
1462
1388
1387
1314
1352
1168
1225
1369
1124
1298
1250
1442
1180
1340
1267
1370
1264
1208
1406
1499
1404
1225
1417
1415
1340
1238
1383
1233
1337
1352
1247
1276
1180
1166
1394
1206
1296
1321
1445
1369
1690
2069
1327
1227
1250
1466
1195
1119
1062
1342
1488
2483
3251
2449
1503
1110
1645
1340
1407
1339
1389
1219
1243
1429
1254
1541
1661
2890
2558
2605
2137
2605
1323
1674
1681
1504
1476
1266
1228
1264
1311
1242
1255
1247
1138
1311
1086
1204
1219
1148
1120
1220
1804
2472
3210
3457
3404
3081
3225
3283
2769
3292
3102
2685
2961
2475
2153
1895
1608
1630
2382
1372
1349
1198
1314
1279
1239
1434
1350
1305
1604
2132
1251
1352
1447
1171
1471
1391
1393
1402
1461
1155
1388
1354
1281
1209
1264
1404
1360
1329
1405
1295
1321
1444
1192
1223
1172
1332
1384
1376
1154
1445
1735
1156
1411
1492
1163
1483
1282
1191
1310
1248
1273
1209
1277
1232
1210
1404
1276
1162
1384
1480
1363
1187
1532
1146
1491
1519
1320
1156
1147
1333
1304
1196
1217
1375
1475
1163
1299
1219
1324
3703
2954
2554
2895
1694
967
1852
1517
1676
2334
1815
1884
2574
3021
3313
3145
2825
2459
2195
2977
2729
3022
2992
4550
3520
2634
3072
3255
2816
3302
2574
2612
2643
2226
1938
1930
1290
1536
1540
1420
1332
1096
1297
1266
1390
1371
1430
1239
1250
1403
1517
1217
1367
1346
1219
1401
1379
1343
1442
1391
1455
1241
1444
1202
1236
1367
1446
1162
1370
1250
1408
1235
1339
1940
1447
1532
1035
1948
1218
1415
1860
1146
1086
1708
2308
3222
1148
1030
1667
1849
1581
1535
1546
1560
1280
1289
1304
1161
931
1249
1264
1256
1167
1193
1336
1088
1344
1374
1184
1185
1832
3098
2912
2917
3021
1337
2208
1417
1381
1296
1414
1330
1400
1478
1098
1954
1925
1857
1469
1491
1475
1391
1366
1193
1457
1836
1541
2944
3218
3074
3242
3276
3014
2848
3429
3519
2976
3350
2685
2574
2089
1994
1909
1638
1292
1308
1387
1390
1194
1211
1337
1376
1364
1397
1258
1235
1357
1271
1344
1480
950
1184
1425
1309
1322
1460
1433
1435
1331
1301
1541
1143
1408
1169
1472
1569
1329
1381
1416
1360
1381
1228
1024
1117
1344
1452
1489
1212
1423
1268
3043
2892
3181
2094
1616
1466
1333
1378
1369
1288
1585
1393
1400
1385
1600
1013
1419
1472
1307
1170
1438
1344
1392
1360
1231
1321
1389
1229
1449
1389
1305
1361
1455
1397
1410
1147
1091
1413
1311
1362
1178
1212
1206
1170
1393
1371
1397
1035
1173
1221
1358
1219
1193
1491
1473
1373
1233
1336
1296
1338
1095
1078
1300
1159
1429
1369
1445
1158
1187
1322
1236
1179
1235
1401
1356
1323
1226
1256
1219
1455
1276
1283
1173
1283
1389
1364
1318
1369
1367
1379
1172
1431
1200
1280
1264
1484
1499
1467
1502
1206
1420
1401
1519
2758
2594
2791
2916
2583
2663
3066
2599
3221
2583
2645
925
2343
2926
2250
2208
1923
1255
1788
1117
1330
1503
1645
3654
2714
2667
3125
3105
2800
2509
2092
2240
2123
1412
977
1708
2860
3229
3500
2708
1118
2347
3094
2699
2911
2581
1345
1315
1284
1188
1376
1160
1367
1422
1319
1358
1161
1466
1928
1672
1325
1368
1396
1388
1392
1430
1468
1176
1457
1430
1369
1222
1394
1212
1432
1472
1174
1389
1256
2266
3180
3087
2690
2963
2682
3022
2528
2496
2956
3070
3290
3073
3150
