18
16
15
15
15
15
14
13
14
16
14
14
15
15
16
15
15
16
15
15
16
16
15
18
15
15
15
16
15
16
16
15
14
14
14
17
14
14
15
15
14
15
15
15
17
17
13
13
13
12
13
14
13
15
15
14
14
14
15
15
18
15
15
15
15
14
15
15
14
15
14
15
15
14
15
14
15
15
14
14
13
14
13
14
14
14
16
14
14
15
13
14
13
13
14
14
13
17
14
13
14
14
17
13
13
14
14
14
14
13
13
16
13
13
14
14
1589
20
15
16
14
14
14
14
14
15
15
200
14
14
50
15
13
16
14
14
13
17
15
20
12
14
18
16
16
15
16
16
14
14
14
13
13
16
15
15
15
15
15
16
16
14
16
18
13
13
14
13
14
13
13
14
17
14
16
16
13
16
14
14
14
15
14
14
14
15
14
14
17
13
13
17
13
13
15
14
15
14
15
25
16
15
16
15
16
17
15
14
19
16
16
17
19
16
18
17
18
16
15
14
14
15
15
15
16
20
16
16
15
15
16
15
14
14
12
13
14
48
17
18
14
49
17
15
32
16
14
15
16
15
18
24
17
14
14
15
12
14
12
14
10
13
12
12
13
20
14
14
17
17
17
22
16
25
20
14
14
8
10
14
13
8
12
16
14
14
18
14
17
14
13
15
16
11
17
12
14
15
17
15
9
9
8
14
14
12
16
14
16
18
17
19
14
10
8
8
11
8
8
8
8
7
9
8
8
8
9
8
9
8
8
8
8
8
8
8
8
8
8
8
8
8
11
8
8
8
7
8
8
8
8
9
8
8
8
8
7
8
8
8
9
8
8
8
8
8
8
11
8
8
8
8
8
8
8
8
8
7
8
10
8
8
8
8
8
8
8
11
15
15
16
17
15
17
15
15
18
18
16
16
15
15
15
16
15
15
16
15
14
15
14
14
17
14
15
14
14
14
14
18
14
14
15
10
8
13
9
9
9
9
14
13
8
17
13
15
15
15
15
15
15
15
15
15
18
15
15
16
15
15
14
15
15
14
17
14
10
9
8
13
15
11
8
8
8
9
8
8
8
8
11
9
8
8
8
8
8
8
8
8
8
8
8
8
8
8
8
8
8
8
8
8
8
8
8
12
8
8
8
8
8
8
8
8
8
8
8
7
8
8
10
10
8
9
8
9
9
8
8
8
8
12
8
8
8
8
8
8
9
8
8
8
8
9
8
8
8
8
9
8
8
9
9
8
8
8
8
11
8
9
8
8
8
8
8
8
8
9
8
9
8
8
9
8
8
8
8
8
9
8
8
8
12
8
9
8
9
8
12
13
13
12
14
13
13
11
8
8
8
8
8
8
8
8
8
8
8
8
13
8
7
7
8
12
14
17
13
11
8
8
8
8
8
8
8
8
7
8
8
8
8
13
10
14
12
13
15
14
14
15
14
15
9
8
8
8
8
8
8
8
8
8
8
8
8
8
10
8
8
11
8
8
9
8
8
8
9
9
8
8
9
9
8
8
8
9
8
8
9
8
8
9
9
8
8
14
7
8
8
8
8
8
8
8
8
8
7
8
7
8
8
8
8
8
8
8
8
8
8
8
11
8
8
8
8
8
8
8
8
8
8
8
8
10
8
8
8
13
8
7
8
8
8
8
8
8
11
8
8
8
8
8
8
8
8
8
8
8
8
8
8
8
8
8
8
8
8
8
8
8
8
11
8
8
8
8
8
8
8
8
8
8
8
8
8
8
8
7
8
8
8
8
8
8
8
10
11
17
8
8
8
13
8
8
8
8
8
8
11
14
8
10
16
12
14
15
15
14
13
13
8
8
7
11
7
8
8
8
8
8
8
8
8
8
8
8
8
8
8
8
7
8
8
8
8
7
8
8
11
8
8
7
8
7
8
8
8
8
8
8
8
8
8
8
8
8
8
8
8
8
8
8
8
8
11
8
12
12
13
8
8
8
11
8
8
8
8
8
13
11
10
8
10
9
11
8
8
8
11
11
8
8
8
8
8
11
8
11
11
13
14
13
14
14
13
13
14
14
13
14
14
14
14
14
15
18
15
15
15
16
16
15
16
15
16
14
14
18
15
15
15
15
15
15
15
16
16
15
16
15
16
20
16
15
15
16
16
16
16
16
14
15
54
57
17
15
14
13
14
16
14
14
14
14
14
13
16
13
12
12
13
14
13
13
14
13
112
15
14
15
15
17
20
16
20
18
16
19
22
16
15
121
20
13
13
13
12
13
13
12
13
29
18
15
15
16
16
40
15
13
