96
58
54
54
57
56
53
55
48
46
48
50
48
49
47
47
53
47
45
46
47
47
47
50
47
44
46
49
48
47
47
43
47
48
44
45
50
48
49
47
48
49
54
54
51
45
47
45
46
47
51
45
47
51
45
49
49
48
49
46
49
49
46
48
45
49
46
50
49
47
46
52
53
44
50
50
51
49
50
48
49
50
51
50
48
48
44
49
53
43
47
52
53
47
50
48
51
47
46
46
53
48
48
47
51
49
48
50
51
50
49
44
52
49
46
45
48
48
53
55
49
48
44
44
45
50
46
44
48
53
101
117
117
101
69
86
103
111
86
90
91
84
85
98
84
82
92
85
86
85
93
83
88
82
82
81
56
44
50
43
46
43
48
43
49
48
49
49
47
49
49
55
47
45
48
48
50
48
49
50
52
50
44
51
48
46
47
50
51
52
52
55
48
51
52
49
46
49
54
51
55
52
46
53
62
49
55
50
53
50
54
51
46
48
47
52
51
44
46
50
51
48
52
49
56
57
50
48
50
48
49
46
49
50
49
50
49
45
44
49
44
45
48
50
50
46
47
49
55
48
52
56
46
50
48
47
50
52
50
48
47
51
53
51
51
49
53
49
49
53
45
49
51
49
49
52
45
45
46
47
47
46
51
49
49
49
48
49
51
53
45
49
47
52
45
48
49
45
49
49
48
52
49
48
46
51
49
46
47
53
47
47
49
47
49
48
47
49
47
52
51
57
51
58
56
51
53
52
55
54
49
52
51
51
47
50
52
48
50
47
46
50
49
52
48
54
52
52
54
57
99
52
53
55
50
46
51
49
50
50
49
49
47
50
51
48
51
46
56
48
49
53
51
52
50
50
46
53
54
46
51
47
49
49
54
50
48
55
52
48
46
50
55
51
48
51
48
48
47
49
48
51
50
52
57
57
52
59
48
50
53
46
54
49
52
50
50
55
52
53
53
54
55
51
54
50
47
54
46
56
48
51
53
52
53
54
55
52
53
56
51
54
55
55
49
48
47
55
54
50
52
54
52
51
49
51
52
54
51
55
53
49
48
53
54
51
50
52
56
50
52
46
52
48
52
52
53
52
54
49
51
49
54
53
56
55
51
54
50
55
58
52
46
52
50
46
48
55
51
49
53
49
51
50
49
53
52
52
49
49
52
49
51
50
51
49
52
52
48
54
52
53
52
52
51
53
47
47
51
54
48
50
48
52
52
55
50
51
52
62
51
52
55
54
52
58
54
54
48
51
50
54
51
51
50
53
55
53
47
50
50
47
49
51
49
50
52
51
49
50
54
52
57
59
60
53
55
51
45
50
51
56
52
48
51
50
47
49
50
49
54
48
47
50
49
54
46
51
50
47
51
49
50
50
56
51
51
53
52
50
46
54
51
48
49
48
50
50
52
50
49
50
50
48
57
52
57
48
50
49
47
50
51
52
51
48
51
49
46
51
50
46
49
50
52
51
51
50
51
49
48
48
53
46
48
48
49
50
49
54
52
51
51
52
50
47
52
46
53
49
47
53
52
51
53
51
53
56
51
48
49
50
50
56
54
49
52
54
50
49
51
51
47
51
53
48
54
46
48
51
56
55
52
53
53
52
52
51
50
52
46
47
51
52
51
51
50
54
51
50
49
55
51
52
51
56
52
45
52
55
49
48
49
51
55
49
56
51
48
51
51
52
51
52
51
47
50
53
51
55
50
57
48
50
56
56
54
52
50
50
51
52
51
54
52
54
54
49
54
48
52
52
52
47
52
52
53
51
47
47
45
54
50
52
51
51
51
46
50
52
53
46
50
49
52
50
47
49
54
94
58
63
68
54
56
51
51
47
51
46
56
51
52
47
53
54
46
53
53
45
53
51
49
48
50
50
52
53
54
51
50
51
49
52
51
52
53
49
50
48
49
47
46
51
52
47
47
47
45
54
50
54
47
47
54
58
51
53
49
48
55
49
51
50
49
50
52
56
56
46
50
46
49
46
49
51
49
53
54
48
52
51
51
52
49
52
47
47
51
49
46
54
54
53
54
48
52
46
46
57
53
50
50
54
48
48
48
55
50
50
51
53
46
56
48
50
47
50
53
52
52
50
47
48
48
50
54
47
54
52
50
51
51
59
56
54
53
45
48
48
51
47
50
48
54
49
52
52
49
50
47
52
51
51
55
55
51
53
51
51
49
50
52
50
54
51
49
51
53
56
56
47
52
47
54
51
50
52
54
51
52
52
50
49
49
47
50
49
52
52
48
56
51
54
53
49
50
55
56
48
