672
627
641
664
675
699
392
492
452
400
545
408
429
404
636
361
465
776
419
479
532
734
456
552
421
688
451
458
655
483
493
370
439
369
419
434
424
414
442
376
406
415
412
404
360
394
366
420
628
486
418
391
394
393
423
401
396
391
388
380
368
392
376
372
390
364
385
435
405
397
410
363
312
344
373
307
359
385
354
382
365
329
371
328
610
506
396
1020
1131
1081
889
866
802
620
399
654
636
396
470
494
454
473
451
349
342
333
423
441
391
612
724
365
371
334
378
329
375
369
322
351
309
342
341
339
356
355
313
309
326
369
362
354
351
383
368
347
362
390
364
398
350
392
767
675
659
368
419
364
379
329
385
329
352
371
375
368
331
348
385
403
382
385
360
395
348
334
329
403
370
386
385
358
401
342
372
337
340
399
359
399
388
375
355
442
550
559
381
331
410
378
378
377
379
403
362
385
362
385
391
382
390
394
408
399
389
408
364
361
390
392
355
368
407
380
368
397
418
445
394
453
354
391
426
392
409
352
372
394
395
415
433
402
395
424
342
356
347
410
414
356
398
359
361
383
370
397
438
364
393
428
402
370
466
411
437
1019
894
1094
1023
1072
894
1044
885
828
681
705
715
714
545
564
320
370
382
375
373
370
340
348
341
332
348
331
368
350
354
336
354
337
317
363
347
321
341
352
348
336
369
369
347
358
363
362
332
333
357
348
353
551
771
745
614
425
381
402
390
439
514
355
395
436
427
405
382
426
349
368
413
366
370
412
407
373
444
374
428
390
404
346
646
463
434
390
370
391
368
351
362
403
353
372
375
413
365
392
375
409
374
379
392
343
424
401
371
379
419
392
405
343
415
375
411
391
393
887
491
405
332
373
385
392
383
382
421
386
338
403
387
396
361
351
360
378
398
350
424
389
371
401
424
376
382
387
344
399
385
389
363
514
413
430
360
352
418
411
400
388
388
402
360
407
353
364
420
345
364
382
406
391
408
372
362
341
388
420
395
415
398
369
351
378
336
384
417
477
419
413
468
467
546
422
514
435
501
566
449
421
453
777
631
611
715
695
834
719
575
398
400
355
406
387
403
397
392
366
356
416
398
402
464
407
407
404
424
415
391
351
418
381
467
402
407
429
403
436
360
391
417
378
405
353
416
352
347
404
391
354
401
396
412
413
425
434
603
984
389
356
403
389
375
367
379
361
339
480
407
601
398
332
374
379
391
406
365
380
399
422
382
404
399
355
366
371
331
351
343
359
378
353
347
405
382
426
372
388
388
420
334
358
373
376
468
454
429
407
359
375
384
352
395
380
395
407
400
397
351
375
410
416
388
393
385
390
382
401
335
406
387
376
383
387
388
385
403
374
411
403
389
409
509
413
427
350
373
389
379
371
381
383
391
402
382
395
386
361
402
361
348
385
381
405
344
365
386
382
352
342
381
337
342
358
362
414
426
395
473
659
405
403
472
467
428
478
479
488
456
490
457
518
510
506
480
436
419
480
451
471
511
468
478
494
491
490
1131
1782
1829
1496
1147
1000
1061
1109
1171
1029
1157
492
649
1750
1609
1156
1053
1141
1115
1121
967
1954
2075
1789
1907
955
959
1125
1020
1061
959
1210
1286
1966
1163
957
1002
1091
1080
1080
1000
794
842
902
863
1118
953
789
683
588
685
466
424
533
508
525
461
550
555
520
465
526
533
504
514
434
423
429
518
598
416
390
434
513
643
1107
838
457
434
427
375
413
605
454
411
395
730
947
832
955
402
492
761
688
645
649
646
641
653
658
616
682
748
674
715
657
684
673
650
682
695
640
633
954
609
710
562
424
456
567
461
617
493
455
493
485
922
787
1075
1087
1076
894
820
854
782
757
796
788
851
1000
405
389
1008
875
713
549
459
481
557
813
826
805
839
830
827
724
624
670
719
698
622
597
747
529
791
692
674
719
691
699
713
659
679
664
698
710
741
646
670
708
709
700
684
724
744
686
711
692
710
739
732
709
745
751
738
710
661
731
685
752
718
669
675
709
1098
628
387
596
1140
1043
1145
1098
1020
972
1024
1037
951
892
1122
1211
484
378
906
918
1029
1195
659
725
747
535
731
395
370
692
618
388
402
461
481
503
709
870
577
611
659
667
638
700
680
660
628
717
661
698
627
708
643
370
398
469
418
487
440
506
556
384
391
498
472
386
478
513
497
404
594
560
505
477
718
725
430
473
374
397
400
432
436
696
731
658
659
468
392
443
434
479
491
503
471
511
484
452
454
499
531
502
479
526
485
459
490
478
433
487
544
479
442
510
484
699
920
824
891
694
730
600
446
372
439
475
423
443
416
360
431
481
514
512
