1585
2050
2036
1996
2103
1094
1117
1033
1123
941
916
996
952
1116
1097
1012
1022
1125
1109
1192
1104
1169
944
976
949
1144
1129
1027
1178
1006
1186
969
1035
1019
845
1054
1015
2893
1814
966
934
999
1071
1043
1681
1640
1834
1712
1064
1031
1029
1149
876
964
898
986
1033
1535
1561
1099
1212
1211
937
1022
1150
1023
983
1142
987
965
1116
1428
1022
1076
1194
1187
1072
1007
1019
1223
1175
1078
1044
1153
1907
2022
1804
2069
1955
1937
1916
2844
3170
1726
2190
2158
2156
1328
2413
2554
2501
928
1950
1842
1545
1179
1355
1341
1202
1160
1076
1166
986
983
1090
948
1079
1097
1127
1520
1725
1744
1395
1171
1475
969
1223
876
1080
1191
1119
1125
961
1089
958
1024
1217
860
827
810
1119
1126
1133
1032
1157
1192
1121
993
1187
1100
987
893
999
822
1182
1215
1151
1032
1165
1134
1109
1142
1073
1061
1339
2771
2659
2196
2707
2835
2441
2416
2601
2509
2309
2415
1921
2531
2215
2179
2121
1990
1820
1008
1266
1392
955
1109
1107
1161
1090
1148
1016
1205
1116
796
1233
886
1010
1087
966
1126
1109
946
1211
1190
1177
1137
788
1097
1165
1097
1539
1280
835
981
1171
974
1015
1088
1164
1096
964
1112
995
1177
1148
1081
1007
1178
1055
924
1111
1139
878
911
1034
962
927
1028
1131
915
1107
1069
1172
1105
984
980
1007
1058
1133
1161
1034
1122
1014
1089
946
958
1233
1105
1097
1032
948
1137
1028
1086
967
939
1194
1194
980
1142
1112
1024
1597
2673
2311
2741
975
1201
1216
1505
1060
1372
1106
852
1067
944
1157
946
1005
1195
1140
1171
1191
1554
1139
998
1643
974
1231
2191
1928
1353
1027
1322
1136
1050
1159
1055
1140
1136
1182
1098
1147
1063
1247
970
2405
2519
2213
2557
2764
1016
1616
2620
2529
2537
2178
2515
2951
2672
2222
2372
2355
1916
1443
949
1299
1332
1368
1202
987
974
1160
1004
955
1589
2213
2718
2249
2584
2238
3008
4066
2676
2292
2544
2565
2527
2505
2457
2487
2599
1960
2829
2418
1790
1883
1897
1421
1735
1637
940
1232
1132
860
1022
1090
1167
960
950
1096
1310
1489
983
919
1100
1631
891
993
1124
1369
1416
923
1268
1616
1798
1718
1838
1488
875
929
1462
1903
961
1401
824
1070
1134
1234
2473
1694
1153
1142
971
1132
1083
1216
1119
1036
1126
1095
1149
1467
1444
1033
1102
1086
1103
1051
1172
1119
1130
1034
1133
1108
1003
904
981
916
1042
1116
1048
1131
1069
1041
1143
1125
1068
1144
1018
1030
1032
1018
943
997
1024
1178
1047
1001
1175
978
1183
1010
1186
1024
1256
1065
1055
1108
1235
1129
1094
1022
1092
1056
977
1253
1064
942
1055
1164
1208
1087
1156
962
1013
996
976
1199
1151
1075
1138
1119
943
877
1152
995
1124
1059
1146
1091
844
1089
1364
1394
1098
840
822
951
1049
1146
1107
1027
932
1180
1110
1314
2487
2546
2530
2480
2552
2592
2594
2594
2699
2806
3154
4549
2751
2286
2170
2193
1122
1291
1571
1546
1217
1600
1952
993
1201
1399
1766
2678
2377
1322
865
1623
1779
1566
1607
1363
1018
1048
1007
1083
3284
3025
2175
2475
2824
2506
1123
2461
2289
2388
2503
2503
1313
1324
928
838
1660
1555
1722
1669
1587
1462
1623
1067
2303
2683
2791
2708
2167
2018
2555
2520
2493
2596
2664
1886
1332
918
1461
1380
1375
1420
982
1154
1194
898
1124
941
1005
975
1073
1090
1077
1133
1058
1017
1134
1862
1486
2590
1840
795
1395
2191
2513
2610
2329
2554
2377
2523
2965
2444
2237
1820
2289
1721
1483
1737
1185
1137
981
1090
1113
1082
1195
1044
919
1117
1084
1192
1121
953
1022
983
1276
1103
1237
1065
1154
1449
1591
2250
2456
2681
2718
2577
1166
1111
2749
2219
2535
2500
2480
2122
3025
2698
2509
2708
2516
1069
2584
2609
2781
2294
3134
894
1511
2427
2485
2596
2630
1445
1111
1607
2206
2683
2586
2330
2093
1778
2105
2640
1627
1270
2263
2041
1886
2080
1834
1323
1455
1282
1456
1359
1043
938
1112
1144
1037
1070
1060
1098
1127
1163
1198
1117
1007
1865
1505
1055
1125
1174
1003
1153
1100
1007
947
1208
1103
1056
905
1273
1138
1038
1039
983
1175
1011
1217
1156
1109
1134
1098
974
1158
1196
976
1109
1294
1114
1040
1145
1234
1153
1142
815
1075
957
1139
1138
940
1115
979
1161
1143
1174
1019
987
1005
1181
1117
1030
1234
1247
1099
1259
1121
1363
1112
1190
1110
2214
2358
2582
2930
1798
2054
1608
1700
1937
1571
1213
1365
1108
1066
1147
1123
1033
945
1147
1040
1192
1008
1042
1070
1209
910
1102
933
1131
1165
1115
1173
1097
1136
1206
1169
1184
1047
1044
1218
1155
1014
1189
982
1135
943
1187
1154
988
1065
1095
1267
957
1204
1141
898
1088
1097
963
1141
1163
961
1165
1145
1625
726
1057
942
970
1164
1128
956
1120
1003
839
1129
1099
999
1172
1087
1099
940
974
955
1160
958
787
1160
1185
1093
971
1098
1147
882
1065
971
902
1000
983
1077
909
925
1108
1085
963
1097
1147
1085
1001
725
804
970
1083
1030
1693
1410
2493
2564
2155
2607
2342
2397
2360
2206
1508
1433
1371
1126
1134
1153
1071
2440
2204
1981
2327
2513
1549
2521
2505
2035
1402
1630
1735
1426
2132
3111
1793
1126
824
1952
2677
2373
1094
940
768
1561
1589
1497
1405
1281
1157
1096
1204
1450
2319
2164
2409
2512
2136
2314
980
1196
1203
2569
2431
2432
2607
2432
1874
1948
2018
1548
1549
1331
1411
1148
1123
1094
1196
1009
1173
1001
1005
1201
1181
1080
1174
1110
1167
980
801
1075
1873
2304
2447
2058
2318
1750
1792
2638
