3851
3536
3047
2254
974
1366
979
1251
1049
818
740
776
1082
802
746
1423
1296
1232
1134
836
780
702
973
927
917
1046
935
891
914
989
914
982
997
862
1181
821
613
1313
1854
2086
1876
2033
2074
1776
731
2215
2106
2173
2183
1847
2269
1714
2132
2320
1975
2163
2039
2007
2104
2048
2178
2033
2284
1917
1741
1641
1977
1650
1279
1124
1002
873
903
994
908
914
924
848
946
845
869
684
615
861
810
911
953
997
957
780
883
809
893
967
639
839
614
911
935
953
862
792
939
939
942
959
922
984
950
850
825
930
1868
3525
2323
2043
2212
1980
1334
770
1800
1677
1917
2283
2045
1676
964
996
830
1076
1055
923
1088
1036
1063
909
1089
932
934
934
918
1546
2020
2093
2076
2046
2149
1885
2177
2548
965
1101
1322
1236
997
1807
1994
2141
2061
1921
1197
785
583
1120
1373
1298
1438
1158
1180
1193
1144
982
1129
831
937
972
724
712
938
950
893
909
923
886
992
968
846
962
864
871
964
612
747
665
896
720
677
827
733
895
731
871
866
798
1023
839
811
794
661
722
853
883
2380
2138
1980
2206
1634
1626
1218
1999
1664
1448
2072
2107
1928
2145
2011
776
1811
2111
2216
2126
2100
2156
1484
1095
2258
2106
2322
2150
1955
2088
2100
2146
2115
1916
2108
2037
3566
3208
1867
2055
2166
2232
2084
2199
2208
2116
1985
1689
1619
1828
1188
1322
1526
1210
941
847
926
972
891
936
819
797
793
892
964
878
1025
928
949
939
978
860
983
799
908
929
833
1051
720
745
827
996
890
843
763
813
856
789
909
849
748
828
826
860
1366
1161
1949
1974
1299
859
800
1400
1351
1354
1459
1236
1260
1359
1326
1299
1024
967
1009
914
927
938
890
1020
946
904
947
848
932
963
1007
756
860
827
929
896
952
844
928
923
933
922
849
988
826
1002
862
799
940
951
631
931
980
883
821
878
801
1019
1010
940
937
991
1005
916
911
1054
716
728
855
779
683
874
893
853
991
939
975
953
815
960
800
1034
718
749
941
922
822
978
927
793
817
892
941
1021
984
850
974
800
719
830
888
791
945
935
932
915
954
929
828
843
862
848
830
906
826
1230
1534
1834
1786
1689
1657
1316
1497
1117
1168
1181
1243
1198
1153
1015
1006
1028
912
873
865
1002
1044
883
2090
1849
1986
2074
1886
2204
1913
1063
1996
1985
2010
1474
1560
1832
1548
1446
990
889
788
812
918
897
907
948
970
889
977
969
936
921
864
850
744
781
880
901
805
931
973
740
765
820
839
819
879
858
912
940
999
923
930
709
776
950
1138
2701
2540
1998
2069
1895
2452
1795
2613
1966
2069
1890
1743
1627
1041
1648
1181
1511
1476
1300
1074
1094
1209
1222
1169
1001
930
928
974
921
970
914
959
769
874
933
912
930
969
793
868
933
871
812
984
735
626
737
971
1009
936
873
822
815
875
805
914
1040
838
801
993
850
671
812
927
897
896
965
923
871
910
970
859
806
968
977
868
794
1050
897
1055
1067
1002
1069
850
820
949
966
993
1021
858
786
824
902
929
990
833
913
910
866
962
934
832
939
935
1002
930
751
969
962
941
912
952
812
866
904
806
851
908
975
917
810
1890
2161
2213
2002
2271
2079
2109
708
652
1266
2145
2218
2237
2002
1805
1355
2182
1704
867
1100
880
1104
795
781
798
709
1678
1334
2103
2109
1196
1194
785
693
1291
1188
1041
1129
1195
1239
966
902
845
1309
1030
653
928
1271
703
1156
1491
1264
2125
2134
2115
1125
2361
1600
1682
1743
1590
1563
1607
1380
1680
774
792
798
901
823
717
841
948
927
837
897
970
828
1013
986
947
848
1504
1338
1288
1820
2149
2073
1171
2023
1604
660
1905
1965
2257
2143
2094
1750
2004
1122
1367
1656
1502
1348
1129
1219
1154
1065
965
2081
2005
2053
2132
2050
1799
2191
1890
1278
1957
2288
2125
1780
2079
1911
1556
613
928
1356
1105
1078
1280
1015
1160
1174
971
936
861
858
907
651
992
923
796
921
926
936
830
967
970
873
833
1117
791
582
757
793
827
993
857
825
1029
786
995
906
846
978
834
943
2004
986
916
811
1013
1013
840
1387
972
744
771
1303
1973
2105
1731
2151
1809
984
793
1747
2069
1925
2079
2283
2091
1474
1040
624
1545
2112
1960
2102
2161
1579
2077
1962
2156
2250
2199
2199
1033
1482
2126
2208
1876
2183
2183
1921
2183
3839
3211
2051
2215
2128
2188
1461
2128
1915
2130
2228
1790
1937
1713
1953
1812
1925
1472
1671
1631
1385
1527
1516
915
1028
920
924
953
891
881
831
943
939
1016
922
908
962
893
817
815
963
929
917
923
958
940
958
953
911
967
994
930
921
993
934
970
922
835
966
935
820
794
805
923
889
944
906
797
822
891
1040
1028
943
964
819
1041
829
830
916
981
933
1024
912
895
1011
888
986
978
724
900
896
926
948
939
1626
1705
2070
1957
1866
726
949
861
786
1203
1359
862
992
957
935
841
815
803
868
1027
895
922
792
753
1484
1367
1332
1357
1407
1463
1133
1179
1002
1443
632
797
918
948
1001
879
919
830
882
804
794
846
959
934
933
937
684
887
867
950
868
966
1004
864
860
952
962
858
980
843
954
845
982
816
857
