597
588
684
671
680
697
738
676
714
698
712
633
639
719
647
729
681
709
645
673
745
708
771
674
766
677
718
767
675
668
727
740
720
726
721
713
734
747
719
685
693
689
753
717
770
772
736
743
679
780
744
713
720
396
347
427
416
384
350
374
378
349
406
416
412
370
446
519
488
648
609
425
388
401
371
419
493
455
452
351
431
397
441
425
421
376
649
732
646
703
665
745
687
683
601
699
702
678
656
673
679
737
474
429
431
365
364
458
609
380
393
510
477
506
468
507
477
416
380
348
397
399
358
364
358
380
375
344
378
368
368
390
356
382
372
603
499
353
399
390
421
385
373
357
407
388
378
400
580
692
679
572
566
600
594
588
726
670
596
608
665
669
596
550
352
359
382
397
416
384
384
372
385
356
379
392
373
329
374
416
407
375
386
336
399
406
415
372
393
410
363
357
368
377
367
397
371
476
522
343
605
341
331
702
680
623
610
626
623
588
578
450
448
398
468
401
390
338
360
345
362
337
395
346
375
331
348
929
912
957
950
853
760
514
588
600
599
528
572
583
535
579
545
612
586
545
1100
1017
870
935
862
781
872
816
797
786
710
741
745
760
751
643
749
788
727
727
700
669
706
663
786
711
699
717
695
701
732
693
691
727
689
721
705
717
724
725
743
679
704
784
776
701
745
705
667
746
682
702
742
712
680
681
644
695
652
640
678
425
519
718
719
736
711
735
691
721
677
708
684
654
741
656
670
637
753
821
780
777
836
740
589
555
463
372
409
417
402
370
391
415
379
479
446
507
348
344
362
401
371
341
332
390
336
378
371
350
546
399
399
366
447
408
391
412
453
436
407
342
421
379
388
364
390
370
405
391
392
359
420
383
379
399
355
400
422
382
389
370
378
393
429
333
352
603
511
383
408
747
443
614
556
441
466
340
400
799
377
538
613
701
576
928
1054
682
579
690
594
697
765
835
668
978
1979
1174
1021
678
486
553
502
455
535
576
650
661
705
824
1080
710
681
675
654
882
977
756
660
474
340
467
625
661
637
639
655
594
601
659
395
386
407
431
387
354
377
408
406
349
359
387
378
390
624
563
693
661
1371
1119
729
1017
958
688
668
693
665
702
807
903
2177
735
806
552
719
690
696
659
539
600
389
383
352
406
426
681
680
643
660
637
544
647
584
661
853
746
638
628
667
496
369
513
640
565
699
652
650
644
412
654
612
623
649
622
763
555
449
450
624
717
687
670
663
633
591
664
613
586
682
627
595
644
651
563
706
461
623
668
373
327
343
354
566
397
411
406
457
475
647
623
452
388
394
583
436
423
387
417
422
365
433
395
354
401
360
364
404
428
424
481
645
667
594
555
527
527
432
383
406
397
389
432
401
408
399
394
419
421
421
456
442
443
433
453
386
427
481
760
787
779
782
739
1137
650
544
700
743
545
634
392
439
571
601
559
583
502
623
519
585
658
491
619
415
553
475
368
336
432
721
648
539
555
525
677
676
461
400
397
528
519
526
692
674
610
700
683
670
600
427
677
670
707
526
453
367
419
430
583
661
579
622
344
373
354
382
384
378
380
403
390
382
617
728
432
582
420
414
732
683
914
382
574
554
551
705
650
646
664
704
680
577
481
473
464
498
502
530
606
581
482
655
501
378
451
492
574
452
710
700
1316
935
765
689
602
618
695
540
456
657
2032
780
706
834
447
420
466
428
377
718
1032
810
790
643
655
559
507
550
437
419
654
742
547
389
428
370
335
379
379
395
332
346
369
370
396
371
393
626
429
403
350
404
411
427
415
407
363
404
631
892
841
859
697
711
716
760
617
671
712
697
779
639
467
401
435
685
709
700
711
710
699
717
701
703
741
697
716
743
729
716
462
403
402
455
434
374
417
360
372
354
402
348
379
404
411
396
427
392
400
396
398
414
420
411
437
392
351
386
385
399
423
343
389
408
401
415
396
387
369
405
478
647
671
720
711
683
729
751
722
684
694
720
709
646
672
722
764
695
749
747
750
740
738
675
774
762
721
762
714
791
688
750
717
694
702
754
772
752
683
387
408
400
453
614
569
414
416
380
353
402
362
395
365
407
360
373
347
396
412
414
359
383
394
368
379
388
402
366
407
373
355
443
757
732
701
676
418
413
419
347
415
408
375
388
340
338
359
403
380
360
382
366
395
386
387
401
344
371
386
411
389
401
386
337
980
390
699
1199
608
636
557
497
421
348
622
1054
960
981
907
929
1072
1119
309
367
338
356
334
333
335
304
303
320
296
346
333
384
386
376
420
359
351
373
342
322
357
