25
26
18
12
12
11
11
11
11
12
14
11
11
11
10
11
12
12
11
12
10
11
11
10
10
11
10
12
10
11
11
11
11
14
11
11
11
11
11
11
12
11
12
11
12
11
11
11
11
11
11
11
11
12
11
12
14
11
11
11
12
12
11
12
12
11
12
11
12
11
11
11
11
12
11
11
11
12
11
14
11
11
11
11
11
11
10
11
11
11
11
12
12
11
10
12
11
11
12
11
11
12
14
12
11
11
11
11
11
11
11
11
11
11
12
11
11
11
11
11
11
12
11
11
12
11
14
11
11
12
11
11
11
11
11
11
10
11
11
11
11
11
11
11
11
11
10
11
11
14
11
11
11
11
11
11
11
11
11
11
10
11
10
11
11
11
11
10
11
11
12
11
14
12
11
11
11
11
11
11
11
11
10
11
11
11
11
11
11
12
11
12
11
11
12
11
14
11
11
11
11
11
11
11
11
11
12
12
11
11
11
11
11
11
11
11
11
11
11
13
11
11
11
11
11
10
11
12
11
11
11
12
11
10
11
11
11
11
12
11
11
11
14
11
11
11
11
11
11
11
11
11
12
11
10
12
11
11
11
10
11
11
11
11
11
14
11
10
10
11
11
11
11
11
11
11
11
11
11
12
11
11
11
12
11
11
11
11
12
14
11
10
11
12
12
11
11
12
11
11
11
11
11
11
11
11
11
11
11
11
11
11
13
10
11
11
11
11
11
11
11
11
11
12
11
12
11
11
11
11
11
10
11
11
11
13
10
11
11
11
11
10
12
12
11
11
11
13
11
12
11
12
12
12
11
12
12
11
14
11
12
12
12
12
11
11
12
12
11
11
12
11
11
12
11
12
11
12
12
12
12
12
14
11
11
11
11
12
11
12
11
11
12
11
11
11
11
11
12
11
11
10
11
12
11
14
12
11
12
12
11
12
11
11
11
12
12
11
12
12
12
12
11
11
12
12
12
12
14
11
11
11
11
11
11
11
11
12
12
12
11
11
11
12
11
11
11
11
12
11
12
11
14
11
11
11
11
11
11
11
11
11
11
11
11
11
11
11
12
11
12
11
11
11
12
15
12
11
11
11
11
11
11
11
11
11
12
12
12
12
11
12
11
11
11
11
11
11
14
11
11
11
12
12
11
11
12
11
12
11
11
12
11
11
12
11
12
12
11
11
11
14
11
12
11
11
10
11
11
11
11
12
12
12
11
12
11
11
11
12
12
15
11
11
11
13
11
11
11
11
11
11
11
12
11
11
12
12
12
12
12
11
11
11
11
11
12
11
14
12
11
11
12
11
11
12
12
11
12
12
11
11
12
11
12
12
11
12
11
11
12
15
12
11
11
11
11
11
11
11
11
11
11
12
11
11
11
11
11
11
11
12
12
11
14
11
12
11
11
12
12
12
12
11
11
12
11
11
12
11
12
11
12
12
11
11
12
12
15
11
12
11
11
11
11
11
11
12
12
12
11
11
12
12
12
12
11
11
11
12
12
14
12
12
12
12
12
11
12
11
12
12
19
37
22
21
17
12
13
16
16
13
12
13
30
18
12
12
13
12
13
12
15
17
20
20
21
13
13
13
13
12
18
19
36
22
22
21
24
21
28
35
22
32
22
13
16
13
13
16
22
21
14
12
13
16
12
12
13
13
13
15
13
13
12
12
13
12
13
13
12
12
12
11
11
12
13
11
11
11
10
11
11
12
14
11
10
11
11
11
11
11
10
11
10
10
10
11
11
11
12
11
12
10
11
11
11
14
11
11
11
10
11
11
11
11
11
10
11
11
11
11
11
11
10
11
11
11
10
11
11
14
11
11
11
11
11
11
11
10
11
11
10
11
11
11
11
11
10
11
11
11
11
10
14
10
11
11
11
11
11
10
11
12
11
11
11
11
10
11
12
12
11
11
11
11
10
14
11
11
11
11
11
12
11
11
11
10
11
11
11
11
11
11
11
11
11
11
11
11
14
12
12
12
11
11
11
12
11
11
11
11
11
10
11
12
11
11
11
11
12
12
12
11
13
12
11
11
11
11
12
11
11
11
12
11
11
11
11
12
11
11
11
12
11
11
11
14
10
11
12
11
11
11
11
12
11
11
11
11
11
11
11
11
11
11
11
11
12
12
15
11
11
11
12
11
11
12
11
11
11
11
11
12
11
11
11
11
11
11
11
11
11
11
15
11
11
11
11
11
11
11
10
11
11
11
11
11
11
11
11
12
11
11
11
11
11
14
11
11
11
11
11
11
12
12
11
11
11
10
