4107
3816
3713
3235
3881
3249
1425
1647
929
1046
1132
1141
1198
1060
1022
1050
888
951
1082
914
904
955
877
1023
1035
1024
1036
975
821
996
1024
1071
918
891
1010
1093
799
790
992
928
1013
966
1022
1238
707
1075
942
920
1016
963
2278
2604
2285
2198
2247
2162
1860
2916
3005
2224
1537
1375
2365
2215
2537
2369
1745
1180
891
1248
1429
1257
1401
1077
1105
1009
1149
1118
1052
1115
1416
1191
832
919
956
920
912
944
886
894
998
1035
950
981
945
957
989
1080
1015
869
1054
1013
1026
990
1011
1019
872
969
879
857
1036
812
930
1030
1125
925
1040
1008
871
926
1059
992
1025
952
917
1663
1698
924
857
991
909
979
1076
996
1038
920
914
892
968
858
956
962
911
919
930
908
876
1011
902
1049
977
929
944
1038
1024
1030
985
1010
927
1031
885
903
939
1062
1091
1050
1016
1888
3566
2273
2209
2004
2396
2601
2095
2523
2374
2337
2309
2400
2165
2239
1973
2184
1888
2227
2169
1956
2468
2035
2190
2207
2018
2165
1961
2282
2024
2269
2552
2970
2737
2875
3324
2869
2344
3070
3283
1506
2657
2438
2519
2286
2510
2840
2136
2095
1649
2099
2364
1864
2754
1998
2392
2294
2331
1983
1968
879
888
1305
1264
1430
1115
1145
1137
1115
1040
1077
1201
1517
2291
2175
2203
2227
2159
2495
2073
2010
2166
2348
2115
2099
3338
4150
2307
1713
1618
1651
2493
2462
2116
2310
2501
2534
1589
1665
2130
2022
2267
2420
2220
2995
4048
2802
2120
2229
2044
1742
1915
2306
2134
2155
2288
2259
2583
3286
2245
3308
3153
3392
881
1933
2845
1374
1963
2008
2413
3536
2219
2497
2437
2440
1982
3388
2196
2011
1723
1540
1540
1437
1591
1315
1070
979
971
1071
881
994
978
998
917
945
995
913
1005
1130
986
918
936
963
988
988
998
986
1007
913
980
1022
1003
992
1021
940
887
962
1009
1047
972
954
1069
1032
990
858
1025
994
1385
1439
1009
800
910
967
928
1007
924
985
978
1071
863
935
2182
1899
2320
2332
2329
1996
2392
1995
2205
2310
1821
2125
2253
1618
2727
1573
774
1979
2210
2260
2302
2229
1836
1575
1582
2684
2302
2452
2100
2330
2288
1853
1739
1625
1362
1462
1235
1162
919
991
1078
1480
1064
1060
1589
2100
2489
1404
1170
1021
1071
1805
1584
2027
2314
2346
2140
1983
1741
933
1945
2480
2219
2226
2327
2053
2319
2253
2299
1953
1944
2419
2581
2467
2162
1856
1740
1596
2382
2075
2087
1937
1033
1030
1015
1768
1142
974
867
1174
1697
1384
1445
806
1082
966
976
1082
1025
935
1088
1008
1090
1019
928
892
1001
1004
974
989
1059
1014
986
995
1016
1139
1057
994
969
1112
894
1081
942
915
929
1096
1012
1007
1034
927
1041
934
847
899
1071
1003
875
903
1069
910
1012
1102
982
1009
975
1080
1891
1087
908
924
888
886
930
1020
944
930
1021
1003
992
940
1063
994
864
890
987
863
1001
984
1018
890
1070
902
1023
1007
1041
841
1046
954
884
931
936
1048
944
1062
879
1049
999
939
1387
940
1298
1122
780
1135
1226
1291
817
877
1048
1014
977
981
1024
916
1051
1029
1050
929
1160
1437
1267
864
735
912
1193
1235
1206
1078
1128
975
999
974
1094
1861
987
910
906
907
925
895
1047
884
1002
967
1036
1069
950
1108
2293
2880
3053
2404
2315
2225
2410
2468
2589
2253
2046
2209
2206
2350
2036
1692
1867
1784
1406
1131
1204
1288
1329
1010
881
896
910
982
1002
987
981
1082
1002
1034
1218
999
1078
969
1000
1070
1116
871
1068
987
1060
1057
1025
914
2626
2239
2098
2378
2379
2291
1389
2179
1670
1449
2244
2180
1645
2518
2184
2268
2144
1727
1755
1695
1199
1500
659
994
1052
977
958
843
869
1052
1024
1042
897
945
1042
1044
729
1019
888
998
741
1071
993
838
1013
943
860
1032
972
1001
933
2929
1384
2107
1548
1316
1149
1131
1421
2206
2210
2163
2401
2912
971
2203
2357
2148
2059
2163
1190
1064
843
849
770
981
908
860
999
1093
1084
1029
892
1002
1082
1104
817
701
950
861
1031
858
1055
871
1011
1033
1058
993
1018
924
1085
1041
1042
1009
887
974
852
1012
1035
1007
1002
905
973
1076
1068
927
823
967
890
869
998
1054
948
994
966
1007
889
904
1013
995
2060
2570
1873
1022
953
1006
1000
1056
1001
998
975
1094
2199
2476
2131
2393
2460
2085
1517
1595
1870
1630
1713
1614
1514
1254
1385
1151
1011
956
1011
993
1080
999
906
892
1011
871
995
913
1042
2103
1928
2304
2186
2055
2292
2021
2478
2576
1990
2118
1985
2517
2234
2222
2144
2225
2004
2123
1963
2271
2743
950
1546
924
829
1003
1075
1055
1086
862
878
1011
1111
1002
872
1014
1014
1099
1203
2822
1284
938
2132
2332
2003
1420
1957
754
1675
2071
2095
2093
2072
2190
811
1444
2315
2062
2400
2323
1951
2157
2406
2360
2177
2166
2302
2377
1579
2331
2192
1582
1623
1577
1428
1240
1102
817
1027
934
959
1050
886
1034
1030
982
966
862
945
1008
1142
917
1036
1057
1001
1082
1084
1039
1108
897
1045
1094
941
1058
880
814
1012
898
928
972
958
969
1017
978
1024
873
984
908
971
1493
1282
788
996
1514
2413
1950
2262
2287
806
2410
2382
2177
2438
2213
1996
1658
2270
2193
2290
2264
2333
2281
2395
2514
2264
2293
2201
2153
3818
3504
1881
1081
1128
742
1226
3052
3908
2080
1108
1616
2053
2290
2125
2341
2306
2427
2061
2028
2382
2198
2141
2155
2504
2330
