775
1356
1449
635
668
800
882
773
1043
1189
1282
1248
1325
1186
967
1110
816
855
675
772
893
820
883
943
896
853
856
913
848
856
796
902
1325
1951
2108
1768
1992
1793
1721
1955
1919
679
1390
2028
2193
1757
1849
1913
1707
1837
1018
1108
1318
1304
1016
1114
1019
1120
925
906
1013
883
1273
1503
1697
934
831
867
872
808
921
844
872
896
749
914
666
756
909
755
851
862
855
920
940
949
858
864
892
781
911
857
1581
1609
1654
1935
1960
1939
1993
2066
1105
903
1816
1938
1354
1740
2051
1944
1894
1825
3022
3221
3467
2718
1978
2009
1953
1646
2052
1786
2126
934
780
1039
698
728
1447
780
842
985
852
653
794
835
990
1693
1694
1823
1965
1232
742
880
795
557
623
1708
1948
1703
2031
1478
1722
1857
627
865
1031
1116
1104
1113
910
1082
879
1078
830
876
887
795
792
778
756
833
789
879
780
879
816
806
798
880
880
795
895
887
775
1384
1390
1026
828
912
845
867
856
826
846
824
933
864
742
865
884
913
809
969
911
658
871
754
901
848
848
859
824
890
912
780
856
798
857
762
829
822
850
822
804
854
868
887
896
816
759
831
973
1971
2082
1843
1844
1817
2004
2138
1958
1956
1743
1946
2183
1936
1829
2037
1747
1811
2189
2190
1934
1932
1893
1579
1517
1111
1046
1145
1169
1013
1114
853
892
767
907
847
889
888
879
904
671
671
878
820
821
936
771
943
826
799
894
765
861
754
817
763
1611
1611
1809
1841
1580
1721
1693
1859
1701
1838
1073
853
761
991
936
812
979
716
782
942
643
847
1126
1256
1813
1704
1587
1915
615
598
1978
814
880
872
845
900
907
823
1497
2069
1119
750
1119
1219
1105
1135
1078
646
671
1285
1288
1143
1395
1317
1276
707
1229
1624
1804
2357
1838
1925
1804
1320
1988
2031
1864
1714
1636
1552
1698
1670
1126
637
956
861
877
763
897
862
866
870
877
743
818
880
796
871
716
875
773
796
849
750
770
817
862
860
780
848
774
828
791
805
796
808
849
914
876
790
811
862
777
827
877
931
903
879
911
757
854
925
964
653
676
851
848
751
746
922
766
836
784
838
864
871
827
775
1003
670
727
819
785
798
734
907
794
744
810
805
946
745
887
903
767
1179
1790
1943
1971
1912
2093
1700
1940
1275
966
2014
1940
1572
1876
1874
1658
1742
1304
1571
1268
1504
1128
1047
1088
1167
1217
1131
868
1072
751
797
673
665
787
807
827
870
898
860
864
938
655
1094
1727
1924
1879
1777
1716
1913
1273
1130
1231
1259
1231
1251
1173
1201
1010
957
932
962
1124
583
799
864
771
965
786
951
947
745
952
892
899
809
960
917
1729
1162
1329
1194
1352
1213
1113
1297
915
1240
1318
641
1393
761
1256
1971
1804
1866
1851
1684
1951
2016
1758
2084
1931
1679
1980
1890
2022
1207
1459
1638
1750
1186
1170
1129
1299
1098
979
985
933
978
990
904
920
888
765
805
867
891
920
928
758
831
800
891
1068
1600
1883
1999
1905
1951
1950
1711
3071
3522
1782
2098
1805
1693
3259
3320
1879
2124
1593
1651
1560
1488
1259
1252
1049
933
963
927
776
862
758
852
806
930
819
827
760
800
884
801
897
929
940
797
862
866
898
888
795
764
968
901
924
750
784
781
812
818
883
781
877
725
738
738
855
930
858
913
1101
1861
1637
900
714
1666
910
733
1869
1714
1901
1832
1938
1986
2081
867
644
655
969
981
1171
823
1029
976
1010
972
1010
966
791
765
912
1146
1474
1685
2009
2088
2056
1794
1834
740
1409
2024
2092
2016
2000
2032
1565
1340
1631
1609
1634
1053
1065
1041
1143
1161
892
825
962
931
974
923
746
824
857
866
816
937
931
913
902
898
914
784
822
782
853
857
1267
1370
817
805
750
854
864
858
851
773
815
877
840
772
916
1034
2041
1406
1992
1045
893
753
861
960
877
897
913
877
1127
801
856
800
890
823
866
859
848
793
909
930
888
891
918
1296
1123
660
1579
2115
1971
2147
1908
1699
1937
962
1523
1808
1934
1869
1600
1912
2652
1797
1424
1179
1161
1308
1185
1237
1266
983
1281
1651
1697
1850
1999
729
701
1911
1962
1986
1941
1795
1728
1528
719
564
1186
1829
1740
1970
1728
1757
2020
1535
1346
1920
2023
1538
1718
1815
1426
1425
1013
1229
1148
1170
1184
1089
918
991
793
924
894
897
906
862
784
993
688
900
830
837
756
916
909
824
913
766
765
747
748
753
908
929
803
759
711
627
751
860
862
793
790
848
788
919
885
873
855
908
802
867
957
641
822
754
900
949
880
879
881
895
892
873
858
909
895
813
1911
1817
2004
1731
1814
1751
1585
1568
864
755
670
1136
879
1584
1985
977
2059
1818
2117
1445
2104
1698
1800
2098
1894
1888
3721
2801
2156
1800
2082
2172
2095
1989
2283
1931
1644
1680
1531
1434
1183
1314
1151
688
949
822
825
733
833
835
798
830
1567
1611
2007
1968
2481
1078
667
2126
1905
2168
1682
2196
2035
1271
857
757
657
884
981
1202
1239
1200
1221
1040
814
827
975
985
1415
1809
1781
2087
1834
1952
2127
1849
2172
2090
1884
2043
1733
2098
1858
1963
1818
1189
1094
1498
1603
2168
2231
2288
1573
1261
1829
1779
1839
2054
2079
2143
