645
760
1534
1614
917
1137
1157
963
790
1785
1329
1610
982
839
819
763
1616
1730
1396
1403
1399
1641
1748
1409
1684
1699
1770
1611
1805
1731
1721
1862
1964
1498
1774
1845
1526
1734
1577
1512
928
1015
1293
743
1504
1680
1923
969
1521
1764
1634
1558
1005
977
910
975
984
989
980
975
957
1065
929
1116
1290
1644
1285
1217
1202
1270
1312
1299
1229
923
1019
1014
1013
695
820
1061
625
1585
1415
1691
1681
1425
1504
1795
1710
2219
1405
1636
1667
1667
1392
1480
1658
1516
1365
1193
1189
1065
1158
944
1010
958
940
1044
941
803
762
762
741
817
793
748
839
764
768
806
767
676
678
773
732
773
1253
1489
1479
1395
687
775
774
760
830
676
692
659
735
764
816
690
720
761
708
760
682
791
720
609
1470
1725
1736
1551
1698
2053
1149
2424
1709
830
1172
1089
518
1087
1465
1795
714
784
831
767
1130
1017
1166
914
892
841
907
828
834
676
669
764
722
703
747
765
806
687
689
850
950
1006
2035
973
1770
975
715
818
775
814
704
711
857
665
840
1047
1218
841
726
636
787
822
718
703
744
783
672
783
665
737
732
747
760
685
762
868
649
493
1293
1684
1488
1644
1731
1588
1516
1504
1424
1687
1662
1758
1602
1592
1565
1781
1357
1302
912
867
828
865
1146
1207
1236
1266
1177
929
1232
1281
1531
1314
1285
1262
1304
1320
1312
1287
916
862
1012
1191
1012
1007
721
560
701
670
757
750
810
787
725
715
705
704
753
765
744
676
873
611
507
632
668
745
807
778
797
738
745
786
741
666
789
801
754
795
758
782
703
721
700
660
690
751
786
669
826
804
746
742
697
781
751
688
658
769
951
728
758
705
1597
1737
1669
1514
1647
1540
1944
586
1198
1588
1593
1509
1659
1524
1514
1597
1339
588
2165
2292
983
704
729
674
1215
868
929
1116
1480
1784
1755
1634
1678
1414
677
663
720
801
749
793
791
703
736
681
770
843
770
761
728
761
706
918
674
762
707
814
890
697
804
794
743
728
766
775
678
753
791
706
781
847
657
930
1226
1005
1453
1102
723
741
757
765
755
811
713
732
797
705
767
722
1361
1572
1527
1529
1520
1376
1386
1157
1139
1441
959
1007
927
997
979
981
1038
1017
1054
1154
1055
1032
1023
1028
1090
1104
610
636
1195
1384
1710
1674
1628
1574
661
637
560
897
1498
1542
1358
1149
1052
1377
1631
1839
830
521
873
1123
1281
1142
1324
832
586
740
779
849
750
750
737
1039
625
507
508
708
706
758
755
733
745
672
772
637
612
776
784
794
824
801
662
1187
1243
687
736
716
778
657
836
756
698
747
844
750
764
784
812
839
821
824
807
782
700
659
669
791
834
779
767
770
760
836
752
808
710
672
798
679
577
710
783
839
685
782
806
757
505
567
788
767
666
815
748
816
692
704
991
1083
692
1076
1443
1875
978
609
1081
817
1670
1428
2413
2209
1635
1835
1782
1799
1657
1518
1606
1443
1549
1572
1079
1173
1339
876
1251
942
728
760
759
758
777
667
793
681
797
803
683
740
797
743
668
821
1018
773
1075
1070
1176
1362
1386
1297
1123
948
925
1011
994
1154
1056
901
851
785
849
742
815
799
818
740
803
773
794
663
694
984
585
531
634
720
724
849
712
765
747
869
776
756
681
802
718
702
677
667
656
818
795
856
567
801
714
792
826
786
804
667
745
785
810
766
795
729
743
846
596
1929
1919
1292
1363
1343
1368
1279
1461
1344
1376
1209
1115
1373
1421
1035
1129
1005
1192
1405
1342
1549
752
1006
1162
1269
1440
1621
1352
1227
1159
1487
1187
1422
587
799
1166
1438
1528
1366
1446
1460
1212
1205
1644
2136
2048
1769
1789
1728
1816
1663
1463
1179
1570
852
1770
1178
880
1107
1393
1847
751
611
815
1147
1744
1521
862
927
970
2425
3079
2951
1893
1681
1636
1142
1322
1487
1241
1146
1175
1310
1227
1482
1353
1133
1216
1001
1160
684
562
1130
1180
1170
861
825
1041
612
1050
987
1132
1302
681
721
793
652
776
670
754
656
751
852
767
765
680
627
789
744
863
570
768
818
629
791
808
798
797
785
655
715
703
611
569
705
762
688
760
1009
693
656
756
658
684
822
814
662
673
652
780
808
831
615
756
756
789
808
734
778
589
699
624
991
1409
1387
1100
1221
1286
1193
1292
1190
700
1529
1231
1462
1007
718
798
784
706
689
593
683
763
682
752
748
717
658
591
1025
1589
1130
802
790
761
1358
784
692
823
1000
657
961
1784
654
1904
975
771
659
794
797
836
692
725
614
584
782
805
963
2641
2756
2859
3068
2900
1843
1778
1697
1764
1528
1747
1797
1533
1822
780
837
1903
1055
1108
955
1936
1780
1660
2133
2057
1626
1617
652
1289
1034
1831
1723
805
1393
946
1756
1486
1147
559
965
1433
2243
1728
1685
1666
2065
1751
1738
1354
815
603
1059
1640
1760
1938
1822
1734
1623
2068
2363
2738
3266
2570
2747
1341
1002
1800
1710
1675
1551
1405
1507
1559
1309
910
546
848
1057
2205
2975
1736
1693
1841
2153
1290
1349
1262
1136
1274
1276
1185
1321
1313
1311
1196
1489
1361
1277
1199
1287
1180
1944
1690
2009
1308
1451
767
745
1523
1113
1364
1620
