1121
1519
1416
1613
1628
1622
1434
1841
1813
2195
1745
1398
1602
1660
1621
1777
1621
1254
1801
1759
1365
1411
1498
1559
1679
1764
1529
1560
1707
1425
1272
1520
1471
1581
1510
1684
1575
1401
1596
1654
1509
1598
1436
1622
1613
1452
1841
4381
3351
1665
1476
1608
1392
1778
1604
2430
1560
1226
1672
1394
1634
1614
1667
2532
2264
1621
1429
1729
1982
3102
2425
1766
1745
1392
1399
1448
2542
2634
2417
1247
1622
1698
1679
1456
1555
1952
1636
1606
1626
1501
1626
1623
1405
1490
1922
1440
1470
1699
1499
1390
1715
1374
1713
1411
1683
1257
1433
1578
1880
1181
1420
1517
1609
1734
2251
2202
1992
1519
1568
1495
1679
3199
2721
3041
2298
2159
2472
1401
1532
1414
1389
1689
1976
1408
1559
1425
1737
1610
1637
1700
1543
2009
2271
1506
1733
1734
1718
1556
1589
2428
1748
1379
1733
1694
1432
1715
1667
1497
1795
1435
1496
1509
1677
1602
1627
1623
1551
1406
2427
5992
6635
4425
5217
4167
3914
2096
1783
1542
1626
1485
1386
1619
1514
1646
1549
1566
1602
1635
1573
1569
1775
1371
1674
1589
1539
1597
1365
1655
1614
1583
1673
1547
1379
1526
1447
1293
1931
1699
1618
1252
1519
1451
1498
1776
1557
1600
1665
1411
1584
1621
1687
1626
1598
1556
1653
1615
1614
2418
2573
2359
2167
2225
1631
1553
1578
1540
1417
1599
1733
1471
2046
2821
3384
2519
2104
2018
1620
1547
1713
1236
1723
1542
1529
1602
1911
1631
1806
1309
1551
1581
1410
1658
1403
1779
1464
1334
1649
1579
1382
1629
1545
1500
1582
1619
1578
1498
1418
1592
1628
1598
1648
1365
1468
1719
2825
2780
2901
2772
2928
2706
2774
2623
2903
2866
1447
1328
1485
1489
1641
1595
1468
1644
1373
2070
2533
2977
2847
2894
2832
3898
2442
1514
1580
1500
1822
2724
2952
2786
2875
2802
3007
2989
2333
1722
1579
1400
1601
1585
1547
2159
1947
2875
2148
1948
1245
1643
1701
1835
1872
1625
1921
1404
1212
1274
1043
1334
1698
1648
1527
1397
1690
1317
1628
1577
1424
1665
1607
1622
1637
1555
1384
1485
2174
1978
1510
1414
1434
1388
1383
1312
2472
2215
1749
2378
2073
1434
1441
1939
2103
2222
2344
2005
2081
1680
1644
2104
2360
1740
1958
1706
2237
1931
1966
1622
1471
1255
1425
1596
2274
2300
1572
1772
1790
2204
2039
1607
1899
1481
1781
1763
1473
2070
1504
1621
1533
1355
1431
1595
1538
1566
1610
1526
1437
1445
1364
1706
1372
1551
1284
1317
1391
1857
1827
1673
1701
1783
2324
1455
1485
1242
1291
1557
1379
1616
1641
2566
1667
1799
2140
1778
1382
2505
3037
3270
3238
1785
1157
3688
3617
2988
2479
2114
1449
1391
1579
1580
1574
1667
1585
1549
1584
1500
1478
1578
1608
1547
1446
1634
1704
1527
1599
1556
1580
1593
1550
1510
1637
1490
1484
1564
1426
1740
2152
3271
3187
2865
3276
3223
3871
2713
3135
3648
3648
2627
1783
2072
1923
1771
1681
1520
1609
1650
1401
1659
1594
1620
1614
1379
1512
1607
1490
2660
5581
3462
3227
3760
3618
3665
3897
1259
3068
3336
3259
2240
2751
1601
1975
3550
1986
1636
1797
1480
1750
1516
1595
1586
1499
2827
1415
1647
1242
2223
2258
2435
2521
1380
1572
1723
1499
1589
1551
1642
1529
1493
1516
1561
1435
1501
1658
1603
1645
1643
1592
1690
1531
1359
1547
1749
1420
1637
1382
1374
1628
1763
1443
1562
1721
1458
1602
1627
1576
1589
1821
1410
1519
1683
1378
1575
1568
1419
1588
1414
3541
3016
1618
1749
1582
1610
1622
2900
3788
3626
3723
3315
3041
2498
2596
1938
2055
1421
1363
1588
1593
1582
1543
1579
1575
1714
1371
1632
1472
1787
1591
1695
1384
1480
1679
1460
1654
1475
1434
1418
2418
2373
3520
2014
1806
1780
2897
3425
2034
2464
3448
4030
2376
2205
1580
1418
1500
1650
1415
1486
1479
1535
1329
1412
1413
1405
1472
1591
1680
1936
3073
3281
3897
3385
2671
3450
2684
1369
2865
3114
2406
2854
3743
3800
2992
3479
3370
3485
3255
3493
2776
2103
2199
1939
1808
1723
1721
1566
1664
1601
1482
1626
1771
3983
3116
3713
3856
1881
3799
3118
2950
2853
2621
2619
2458
1705
1656
1532
1809
1387
1618
1911
1844
5169
2266
3217
3140
3043
1641
3551
3855
3423
3160
3838
3349
3559
4244
4365
2826
2254
2264
1944
1680
1717
1600
1665
1722
1454
1458
1531
1683
1503
1548
1544
1457
1683
1547
1366
1595
1652
1788
1492
1687
1624
1404
1557
1388
1548
1417
1130
1431
1431
1559
1266
1573
1669
1378
1547
1828
1973
1630
1356
1380
1824
1700
1696
1502
1702
1292
1238
1524
1922
1397
1418
1716
1336
1395
1546
1352
1628
1654
1889
1358
1383
1583
1747
1587
1401
1421
1382
1621
1482
1408
1684
1667
1738
1393
1046
1517
1515
1387
1680
1634
1803
1786
1646
1544
1474
1760
2566
2418
2491
3471
1529
1761
1718
1615
1774
1711
1476
1459
1534
1684
1617
1555
1727
1378
1642
1294
1662
1675
1776
1525
1721
1517
1759
1644
1422
1449
1652
1638
1647
1472
1476
1653
1743
1292
1525
1605
1474
1473
1641
1523
1777
1636
1426
1589
1607
1592
1630
1617
1622
1669
1596
1441
2976
3057
3679
3378
1699
3627
3340
3460
3156
2243
2135
3155
3122
3621
3767
3633
3548
3264
3831
3666
3193
4178
6002
3737
3117
3922
3326
3206
3514
3299
1866
3331
3027
1690
1817
1416
1556
2006
3658
2448
4373
3595
3640
2811
1885
2344
2517
3547
3287
2730
2210
3667
3697
2340
2660
3051
3335
2711
2542
2150
1416
1443
1650
1411
1589
1476
1595
1633
1602
1365
1480
1659
1371
1513
1431
1614
1351
1485
1475
1472
1213
1700
1459
1612
1603
1662
1495
1617
2058
3027
3268
3573
3961
3224
3741
3205
3868
3590
3882
2785
2832
2531
1595
1434
1523
1486
1530
1506
1689
1505
1831
1426
1623
