189
191
194
181
182
186
191
196
184
179
174
176
184
162
185
171
194
211
184
201
303
337
311
185
183
194
195
169
191
184
197
202
180
201
191
196
200
174
172
191
197
202
180
191
171
200
200
195
199
195
190
196
180
198
198
193
178
199
201
207
196
180
214
209
199
199
205
183
186
208
199
184
198
186
188
192
205
187
202
200
209
195
184
216
172
172
384
256
226
275
200
204
199
196
192
192
171
204
193
181
177
189
191
177
186
185
184
161
176
182
185
168
199
179
194
198
186
185
181
166
165
177
179
199
198
186
192
190
183
192
183
168
199
199
166
186
163
189
194
200
177
176
168
195
186
186
193
191
179
200
190
187
194
284
180
178
197
202
219
240
212
212
202
204
191
183
180
185
206
177
174
172
202
199
171
170
176
189
191
202
207
197
194
206
193
178
186
173
198
181
190
193
197
171
191
171
197
192
200
187
199
193
208
175
175
205
196
211
188
193
175
200
204
196
173
204
206
197
176
190
171
196
182
198
176
178
205
196
195
206
234
222
206
251
200
220
213
195
215
194
192
195
190
186
201
199
196
196
183
216
205
187
196
206
204
185
179
191
212
205
187
215
195
186
206
187
210
190
197
196
177
179
201
191
184
181
192
214
172
190
191
196
184
190
179
212
182
193
186
195
205
186
205
194
210
180
190
208
212
179
207
196
182
209
201
181
174
193
214
191
205
209
201
204
202
191
205
190
199
195
185
190
178
199
208
201
201
209
177
199
198
204
193
195
202
177
193
181
196
196
204
187
208
212
210
219
179
177
181
179
188
193
203
178
217
196
198
199
193
193
194
188
199
178
196
210
205
206
197
212
209
188
208
209
194
195
197
207
198
198
198
199
212
178
198
200
213
188
199
194
206
203
181
187
184
201
187
185
174
172
174
177
178
201
194
207
202
194
186
218
218
207
180
198
199
207
206
204
185
206
199
205
208
204
205
184
212
174
210
197
182
206
188
187
209
195
196
176
177
200
203
211
199
200
195
187
185
204
210
207
190
212
193
173
190
202
212
193
202
182
191
184
199
180
195
197
194
179
197
185
180
212
216
189
203
195
202
205
181
196
198
199
213
206
182
195
190
179
202
205
190
223
198
205
208
193
183
203
198
201
210
360
220
265
186
200
187
202
203
180
197
204
205
188
201
175
195
163
187
186
182
175
175
176
176
179
176
183
168
194
177
186
178
174
187
182
178
162
186
169
159
161
176
173
179
180
187
187
191
170
178
182
190
188
188
182
181
192
175
164
181
191
181
172
173
195
183
163
166
179
175
188
232
181
191
199
201
187
187
171
167
181
200
197
191
190
172
190
203
176
174
166
177
168
190
192
187
175
201
195
174
180
191
176
183
191
199
209
173
189
200
189
197
193
170
191
192
191
197
181
194
209
174
175
198
204
168
196
197
174
198
174
207
192
195
202
189
202
192
198
200
240
218
199
195
193
175
183
182
191
192
200
200
204
198
181
185
201
184
188
180
176
195
172
180
193
197
185
196
201
196
194
197
190
207
201
195
194
193
187
195
193
188
202
208
189
211
202
192
195
196
187
188
175
186
206
189
199
173
198
200
209
202
195
181
190
186
175
282
215
202
197
200
204
185
209
178
173
218
192
214
206
199
223
215
179
192
214
219
197
206
171
202
183
194
198
203
206
181
218
171
197
199
184
203
218
204
199
182
199
172
184
221
208
188
180
200
210
196
207
197
188
187
203
197
205
204
207
198
185
191
189
218
212
183
214
301
193
220
226
202
199
236
215
195
232
243
237
192
217
326
370
356
359
485
273
200
217
207
219
203
237
310
242
248
186
219
217
194
259
220
210
211
236
218
212
222
206
187
185
181
200
209
180
226
209
220
215
188
218
194
189
188
180
192
190
183
181
185
193
187
174
179
166
186
188
173
181
194
202
199
173
191
199
191
172
202
183
186
196
197
194
206
252
322
195
216
265
199
194
179
179
198
195
194
195
211
196
169
172
194
212
177
179
201
211
203
200
204
184
191
196
200
185
204
175
186
200
175
186
196
173
201
207
199
181
185
172
199
205
203
183
197
200
206
206
218
207
212
197
184
171
201
197
186
178
184
206
285
296
202
183
200
208
174
185
200
174
202
214
219
181
173
175
205
197
221
201
180
179
184
205
212
213
198
196
198
194
190
184
211
201
206
198
206
213
192
208
198
205
203
204
211
198
209
201
212
198
203
185
192
191
204
185
214
210
207
200
205
193
218
192
198
193
197
178
211
213
237
234
