133
131
116
134
128
123
127
167
229
120
144
145
130
136
128
121
125
131
128
128
142
119
120
131
135
125
127
135
119
124
130
141
129
120
122
121
134
131
132
123
132
136
134
139
135
134
123
142
141
127
122
128
142
136
120
144
137
130
137
125
133
145
133
143
128
143
147
131
140
138
145
139
126
139
134
144
128
133
139
136
143
141
134
136
136
145
145
121
138
139
144
136
138
142
141
147
137
136
143
128
165
170
150
139
140
134
142
145
133
138
136
124
140
146
137
138
138
136
133
143
145
133
135
140
143
148
148
136
123
131
142
140
147
128
126
144
137
141
137
123
135
124
125
144
140
145
149
139
136
124
133
143
125
142
124
134
137
131
144
123
130
122
131
138
122
131
125
139
131
141
125
151
142
131
142
138
132
144
127
128
137
149
132
152
145
139
143
132
142
151
147
134
127
132
238
154
142
130
126
134
138
142
139
139
124
146
138
128
147
145
154
135
129
129
141
140
151
127
142
142
142
144
138
131
150
136
131
123
147
145
131
135
148
133
139
134
152
150
144
138
152
144
146
142
132
144
145
148
136
141
153
150
146
124
139
131
143
145
143
152
144
137
146
132
149
143
130
155
128
131
143
147
132
133
124
138
144
136
133
140
142
139
130
202
151
133
143
141
148
150
142
150
140
149
152
131
144
134
130
138
146
144
157
130
141
145
129
130
128
136
145
141
146
132
141
143
141
147
141
129
148
145
135
160
142
148
154
142
138
153
160
140
147
129
142
139
136
139
139
142
134
135
130
146
132
129
144
139
149
127
139
146
126
137
143
147
141
151
130
142
132
127
152
150
132
125
130
150
144
133
145
139
189
568
157
162
161
142
185
245
162
158
130
144
134
235
257
256
127
171
190
160
289
426
280
391
226
190
166
152
172
168
143
146
140
230
142
172
152
163
147
191
298
229
148
155
132
157
173
160
143
155
152
160
144
147
154
148
133
137
151
158
155
137
158
134
160
156
158
147
166
156
163
155
145
156
144
119
132
112
142
130
126
113
129
127
126
130
139
118
123
132
116
144
123
121
135
119
149
136
143
139
132
141
144
134
121
120
142
141
136
125
142
148
126
262
302
305
281
160
154
150
142
135
131
145
139
135
120
126
152
140
145
132
128
130
139
135
146
143
152
144
134
127
136
136
145
139
153
155
146
147
151
153
128
138
159
150
150
128
145
142
125
146
135
140
133
129
140
129
142
146
132
141
151
123
145
145
132
144
152
133
146
129
142
132
143
136
150
131
142
141
140
128
136
143
130
156
128
132
130
147
128
154
210
140
143
129
142
147
128
145
129
148
148
137
142
151
143
129
140
134
132
145
142
142
132
140
139
127
134
133
134
129
132
145
143
144
138
157
149
137
146
127
131
139
149
147
133
141
141
141
151
133
139
144
145
142
135
130
136
129
135
133
138
132
140
147
139
143
152
128
141
127
138
128
148
143
149
149
136
146
143
142
128
149
143
151
154
129
148
132
150
145
127
144
175
149
147
157
143
151
142
143
152
133
150
143
133
147
132
147
142
141
144
144
156
144
124
144
149
135
160
156
152
147
130
149
129
127
146
149
142
145
146
156
145
148
143
134
138
149
144
145
153
146
130
158
153
157
139
129
147
145
140
157
149
148
138
144
152
143
142
150
129
145
150
145
145
143
158
138
141
147
152
142
157
147
145
150
140
146
180
167
142
150
139
126
142
144
140
134
130
148
139
143
131
124
141
137
152
135
147
143
127
144
141
151
149
151
141
141
158
145
128
138
137
130
140
133
157
147
152
140
137
146
149
134
138
139
151
133
145
143
133
134
152
148
128
142
148
127
153
133
154
131
144
142
148
125
147
145
140
137
132
151
141
135
158
151
155
146
140
124
145
136
141
150
146
134
139
143
149
160
152
142
139
140
144
145
144
153
134
130
149
154
143
134
156
194
193
126
145
152
140
142
143
141
151
142
135
140
143
128
124
144
138
142
153
136
144
132
146
127
142
145
146
157
142
132
146
133
141
141
135
138
129
145
146
157
129
154
145
145
143
137
156
143
152
131
126
132
151
126
148
131
140
125
151
155
145
128
131
135
135
140
132
132
151
126
149
146
153
154
137
142
141
156
144
129
153
154
135
141
149
142
144
150
200
167
154
146
126
152
154
144
146
150
148
124
140
137
141
131
148
143
150
148
151
150
143
132
144
133
143
136
130
140
142
144
155
132
140
140
153
149
149
150
143
128
136
129
124
137
147
153
151
143
151
134
