689
915
901
1427
1339
1272
1522
1899
2050
2029
2050
2034
2211
908
1503
1717
1709
1390
1206
1239
1377
1158
1246
944
980
895
947
938
920
827
898
895
797
852
911
872
787
949
933
792
965
666
905
778
748
874
1224
1286
1077
773
725
837
894
903
945
1005
918
965
979
880
818
934
1296
973
685
1034
1942
1982
1991
1958
2214
2265
638
1150
1698
1686
1165
1225
1118
1214
1411
1057
1488
1275
956
1161
912
940
863
900
998
743
884
741
701
792
643
772
852
996
718
744
728
867
783
813
786
949
929
914
878
904
909
857
892
1217
1840
2170
1940
1798
1804
1799
2002
1760
2103
2058
2058
2144
2075
1732
2129
2543
1944
1663
1682
2056
1962
1640
1821
1936
1858
2109
2048
2208
1844
1910
3240
2167
1842
1777
2021
2057
2175
2228
2030
1918
2045
2034
2201
1599
2063
2145
1994
2062
2081
1702
1655
1166
1397
1316
1354
1077
912
949
905
848
980
792
896
1098
758
732
798
644
689
783
769
889
807
951
756
701
825
872
1496
1530
1015
1336
1983
1781
2571
2218
1349
1547
1533
1429
1353
1288
1317
1402
1011
973
876
951
841
971
980
798
849
886
940
890
958
1357
1343
916
2012
1870
1884
2085
1837
1269
717
1342
1509
1400
2061
2220
2059
2138
1890
2001
2554
2067
2087
2008
2065
2156
1765
3091
3048
2514
2457
857
1162
918
1220
684
729
1050
1657
1984
2273
1842
1544
1782
1884
1898
1095
1028
865
899
839
771
901
1231
1011
869
951
1044
797
1058
860
940
911
1347
1551
1565
1465
1409
1518
950
1826
3196
3095
2773
2146
1686
3157
2683
2567
2886
2978
2305
2498
2053
2089
1804
1511
1653
1488
1167
918
797
897
1037
1098
2412
3247
2846
2835
1080
808
647
1972
1934
1674
1679
1783
1586
1856
1305
1813
1625
1708
1664
1524
1450
1449
1466
1560
1559
1476
1584
1521
1588
1665
1542
1693
1762
676
639
862
825
900
932
926
889
906
890
792
822
771
1047
1146
1358
1317
934
815
896
818
811
997
851
902
850
930
810
1055
1605
1619
1567
1502
1428
1455
1368
1601
1602
1512
1591
1223
820
891
982
975
913
1048
956
954
996
831
895
878
852
1035
883
828
883
893
837
900
871
914
900
860
787
884
884
829
886
924
929
940
911
910
795
846
908
954
963
898
849
810
850
837
918
976
1849
1246
903
927
922
906
912
823
914
947
1040
885
903
812
870
1183
875
807
904
958
788
898
1219
1570
1010
959
905
922
1211
726
1438
1960
1455
889
900
883
947
811
878
802
859
892
1104
1054
1042
919
853
1057
1049
1366
811
1204
1152
1331
1310
1479
1608
1494
1437
1258
771
685
912
1179
1157
983
922
1045
1047
1106
1040
817
885
806
1508
1078
940
978
946
842
973
808
901
884
929
934
833
885
1044
1846
985
1330
1106
880
685
845
980
713
836
823
980
765
961
842
846
955
692
1248
983
1142
954
822
828
900
818
746
850
797
744
733
852
1261
1036
803
846
837
827
815
769
927
932
871
891
881
956
864
1181
2023
913
1742
1785
1868
1687
1515
1510
1373
1388
1320
3600
3706
3624
3248
2892
2757
2486
2376
1893
1845
1781
1645
1562
1567
1591
1551
1597
1570
1608
1625
1619
1603
1486
1505
1549
1531
1516
1567
1538
1638
1501
1610
1597
1498
1588
1483
1324
1428
1483
1596
1606
1697
1587
1568
1577
1577
1537
1087
1411
1079
756
990
1201
662
1727
912
1618
907
896
1174
887
831
889
895
935
859
884
962
793
772
783
779
815
904
889
920
1166
1270
884
931
801
1150
639
805
911
1058
1259
1543
1631
1669
1528
1637
1605
2096
2841
3909
3721
3948
3686
2871
2123
2074
2464
1533
1441
1178
1130
1145
1127
1117
960
911
908
1040
1944
1614
1302
1545
2093
1715
1523
1394
1335
1218
758
1128
1119
953
1003
1014
875
786
943
775
881
818
803
900
791
873
662
898
908
776
910
879
849
825
882
926
779
923
963
800
846
857
780
598
841
886
897
803
901
771
796
885
875
898
988
782
835
883
770
895
820
879
893
930
898
951
955
781
909
859
980
971
835
1324
1290
1676
1745
1935
1773
1778
1960
2003
851
1869
1992
2006
1991
1788
1964
1859
883
842
806
896
893
1167
1126
1278
811
1164
1623
1853
1770
1831
1616
1374
735
797
1240
785
715
1915
1984
1737
1753
1776
2101
2399
2549
2170
2015
1749
2233
2177
825
1549
2113
1713
2114
1990
2067
2206
806
1491
1064
1358
928
1306
1055
1133
1068
933
762
1371
2087
2211
2075
2233
1988
2066
2074
2164
2074
2062
1751
1908
1899
1922
1918
1101
1709
1739
1782
1407
1297
1417
1466
1039
905
1137
730
779
781
926
1019
801
822
891
804
827
973
872
958
902
847
1579
1938
2029
1938
2092
1873
1951
2289
1952
1937
1849
1974
2000
2036
1414
766
1587
1974
1747
1781
1793
1845
1648
684
931
1160
1103
1094
1090
1044
918
905
963
816
998
828
880
866
743
910
709
896
840
818
964
815
945
897
894
986
1654
1946
1894
791
656
682
769
901
1278
1045
734
776
901
930
899
815
909
957
830
859
942
918
920
895
1235
698
857
869
700
797
769
777
769
807
881
773
972
821
723
708
790
907
810
888
714
890
856
743
839
773
713
898
783
918
831
793
744
789
750
833
1176
1094
651
834
826
856
