57
32
32
31
33
32
34
40
31
33
34
32
33
36
32
30
33
33
30
29
31
33
32
31
32
31
30
55
29
32
32
30
33
32
32
31
31
32
31
30
31
32
32
30
31
25
27
27
27
27
27
27
28
26
25
28
28
29
28
25
27
28
25
28
26
26
28
27
29
28
25
30
26
26
27
27
25
25
26
26
27
27
27
26
27
26
26
26
27
27
28
30
30
27
30
30
31
31
30
98
35
32
33
27
27
30
27
27
27
32
28
30
27
27
25
27
26
27
27
27
28
25
26
25
29
27
25
28
25
28
28
25
28
29
26
26
27
27
26
24
27
27
27
27
27
29
26
25
27
27
28
26
28
28
25
27
27
25
26
26
26
25
26
26
25
28
27
28
24
26
28
26
28
29
26
28
26
27
25
27
25
26
27
26
25
28
27
27
28
26
30
24
27
27
27
28
28
27
25
27
25
27
27
28
29
25
27
26
27
30
24
28
25
28
28
26
27
27
27
25
27
27
28
27
28
28
28
27
27
28
26
28
24
27
27
26
25
27
26
26
26
28
27
28
27
27
28
27
25
30
26
28
27
28
25
27
28
28
24
25
27
26
27
26
26
27
25
25
31
26
25
26
27
26
27
26
26
25
27
26
28
26
28
25
27
25
27
28
28
28
27
27
25
28
25
26
25
27
27
27
27
27
27
26
27
26
27
26
30
28
28
27
28
27
28
26
26
28
26
28
27
26
28
28
102
37
30
33
30
32
28
28
30
29
33
28
29
26
26
28
30
33
31
28
29
30
30
33
26
28
26
42
30
32
29
28
28
28
28
28
28
28
29
28
28
26
28
30
25
28
25
27
29
29
25
29
27
25
26
30
27
26
28
29
27
25
30
28
27
26
28
27
25
26
28
27
26
26
27
28
28
29
29
28
29
28
31
27
27
27
28
26
27
27
25
26
27
27
28
29
25
26
26
28
28
28
31
29
29
27
27
28
29
26
29
26
27
25
29
28
29
26
29
29
28
30
26
28
26
30
26
28
27
26
25
27
27
26
29
28
25
28
28
29
29
30
27
27
27
28
26
30
27
29
27
29
26
26
27
29
28
29
27
25
27
30
28
27
28
28
30
26
25
29
27
26
25
30
27
28
27
26
28
28
28
30
27
34
28
27
26
26
26
28
27
29
29
27
28
26
28
28
27
27
30
27
27
27
27
25
26
28
27
26
28
27
26
28
26
27
29
27
29
26
29
26
28
29
28
27
27
27
25
27
25
27
26
28
28
29
30
28
27
29
30
26
24
29
26
27
28
26
25
26
28
27
28
27
29
29
28
29
27
29
25
27
27
24
28
27
27
27
27
28
26
28
27
27
27
27
27
27
27
30
28
28
26
27
25
27
27
28
29
29
29
26
26
28
28
26
26
25
25
33
27
27
28
28
28
27
26
28
26
28
26
27
28
29
26
26
26
27
29
27
28
26
28
28
29
28
28
29
29
28
28
29
27
26
28
28
30
28
31
26
28
30
28
31
27
28
26
27
28
26
28
28
28
27
28
28
27
26
31
25
27
29
27
28
29
26
28
27
28
28
26
26
29
27
29
29
30
30
30
28
28
29
28
30
26
29
28
27
25
30
28
29
28
26
29
29
68
55
62
70
52
55
36
32
56
34
30
35
30
43
30
34
43
30
32
30
34
37
36
71
51
53
69
65
55
77
57
54
65
50
34
31
53
54
71
52
31
40
57
57
55
71
55
69
68
70
54
53
30
34
32
39
53
32
57
44
62
54
64
102
49
51
56
63
61
70
59
53
45
47
33
27
31
28
32
42
78
57
48
43
51
31
58
36
34
32
31
33
44
29
31
35
28
40
35
39
50
31
38
47
32
67
48
34
30
65
65
41
35
31
32
36
31
43
50
38
34
31
35
33
33
30
32
29
28
33
29
29
28
33
43
31
28
31
31
28
30
32
30
33
31
31
30
32
28
26
31
31
29
36
31
30
32
35
31
41
32
32
32
40
31
32
44
36
33
52
57
54
34
31
56
36
40
30
51
41
36
33
35
32
33
33
30
58
32
30
33
33
30
48
56
59
53
31
34
32
32
33
31
28
34
30
30
31
31
31
30
31
31
34
32
32
32
31
34
30
33
30
31
32
32
32
31
29
34
32
32
30
31
29
31
31
29
34
28
33
32
31
30
31
33
32
32
29
30
32
29
31
29
32
30
31
31
35
33
33
33
31
31
32
32
32
30
33
33
30
32
31
33
31
33
31
31
37
25
25
