63
38
37
36
35
33
35
36
36
34
37
36
33
35
35
36
35
33
33
38
35
34
35
34
34
34
35
34
33
32
38
32
32
32
33
37
36
32
36
33
35
33
34
36
36
35
37
37
34
38
35
37
37
33
34
32
34
35
33
35
34
36
34
35
33
34
35
34
35
39
37
34
38
34
33
33
35
36
32
33
31
32
35
33
36
32
34
37
36
31
36
35
32
31
37
34
33
36
32
33
33
33
34
37
50
46
43
68
93
67
63
89
57
38
52
42
53
49
53
44
35
32
32
34
35
87
34
35
37
35
37
32
36
37
34
32
34
33
36
36
34
34
35
34
34
33
32
35
38
34
36
33
32
33
34
35
35
36
35
34
32
35
34
33
34
34
34
37
33
33
35
35
36
34
32
32
36
36
32
36
35
35
35
35
35
36
34
37
33
35
32
33
36
33
35
36
35
34
34
33
32
37
36
35
31
33
34
37
34
35
34
37
35
34
33
37
37
35
35
33
34
36
33
35
34
32
37
35
33
33
34
34
35
33
33
34
35
35
34
36
35
34
32
31
33
36
39
34
33
33
37
34
35
34
35
34
34
32
34
35
36
34
35
35
36
35
40
36
35
33
35
34
35
35
36
37
33
33
35
33
34
34
34
32
34
36
32
33
33
34
32
35
36
35
31
35
36
34
35
33
36
34
35
35
34
36
34
33
35
34
34
33
34
34
37
34
35
36
35
34
33
35
34
37
35
38
36
32
34
35
35
33
33
34
36
33
33
36
36
35
35
33
33
34
37
33
35
33
36
33
35
32
34
35
36
34
35
37
36
36
34
34
33
32
38
36
36
36
33
35
36
34
35
33
36
37
37
37
34
36
35
38
32
35
39
34
34
33
34
33
35
35
36
35
35
33
34
33
36
32
36
32
36
39
33
37
37
33
36
35
35
33
36
36
36
34
37
36
37
34
37
35
38
38
66
71
67
133
80
73
153
70
64
63
59
67
65
67
72
67
80
51
38
43
43
41
35
34
36
33
36
36
36
34
70
80
81
69
82
43
36
35
33
39
33
35
33
35
34
36
34
32
35
34
33
37
34
34
34
35
34
37
39
36
34
35
35
37
31
33
35
37
33
32
36
35
36
36
35
33
33
36
36
31
37
33
34
37
33
34
32
34
32
35
34
33
35
35
31
36
36
35
41
33
32
38
34
36
32
35
35
32
36
34
37
34
33
34
32
34
33
35
34
34
37
36
33
33
36
32
34
36
34
33
31
32
31
35
32
32
36
38
31
35
34
38
31
35
33
33
31
34
36
35
36
34
31
36
35
32
34
39
32
36
35
31
34
35
33
31
33
33
34
36
35
32
35
37
33
31
39
34
35
31
35
34
32
34
35
35
34
35
34
35
40
35
146
40
35
40
42
40
42
36
34
33
35
35
35
31
37
33
31
33
32
36
33
36
33
32
35
35
35
35
32
34
35
33
31
35
34
34
35
35
36
34
34
35
34
37
34
36
35
32
34
35
33
33
34
33
34
34
36
37
34
33
31
34
32
38
35
32
40
35
34
35
33
35
35
33
35
34
32
31
34
33
33
31
32
36
33
32
34
34
37
32
34
35
35
32
35
34
34
33
34
36
36
36
35
34
34
34
62
68
42
42
41
38
33
34
35
36
33
31
32
36
33
34
39
33
34
35
36
32
65
45
41
40
36
43
40
38
41
57
41
37
33
32
36
33
34
34
36
33
34
34
36
34
39
37
41
37
32
32
31
35
34
36
38
34
34
34
36
35
34
32
32
34
33
32
36
32
35
31
35
35
32
35
35
31
36
35
34
32
35
35
31
35
34
34
34
35
35
36
33
32
35
37
31
33
34
33
32
34
32
31
32
33
35
31
34
32
37
31
32
34
36
36
34
37
32
35
33
36
34
35
34
34
34
36
32
32
33
32
31
35
38
35
34
32
34
34
35
34
33
34
34
31
33
34
35
35
34
34
36
31
38
36
35
34
32
32
33
32
36
32
32
32
36
36
33
33
35
33
36
35
37
35
32
35
35
34
37
32
36
36
32
36
37
37
32
34
32
33
35
38
35
31
36
35
35
38
51
33
34
34
37
35
32
36
35
33
36
35
35
40
35
35
36
34
34
34
34
38
33
35
35
35
33
33
34
37
35
36
36
38
33
35
33
35
33
33
36
35
34
32
32
35
36
33
33
36
37
37
38
41
38
37
34
36
38
38
37
38
35
37
38
37
35
35
36
33
34
36
41
36
36
35
36
35
