200
211
210
217
191
193
192
215
219
214
228
192
195
189
179
188
194
200
194
196
186
207
180
213
183
192
201
178
209
213
200
177
195
199
209
177
171
199
209
193
208
196
197
202
202
189
215
212
211
199
199
195
190
184
199
195
201
199
209
182
187
197
190
202
216
212
178
199
207
202
209
205
209
206
220
215
185
182
204
213
194
205
196
203
181
196
198
190
200
215
183
210
215
200
252
192
208
204
205
215
214
210
178
198
198
202
178
199
214
205
216
214
179
187
196
184
199
190
182
207
184
214
204
209
176
211
188
197
198
202
220
215
218
180
225
218
194
187
190
186
184
180
202
196
197
201
220
179
222
221
216
206
223
198
218
200
182
198
199
216
192
186
175
201
200
186
187
215
189
200
183
202
202
194
196
201
201
213
202
203
201
178
199
200
202
202
206
192
199
200
182
205
179
180
194
199
203
210
210
213
189
174
178
186
192
185
182
204
200
202
210
210
211
199
187
200
215
195
198
191
198
214
183
193
227
202
197
210
200
200
200
186
200
185
192
216
218
202
208
198
181
194
194
217
208
220
206
206
179
192
206
203
185
215
211
204
201
191
209
183
208
175
181
200
177
210
208
182
205
212
207
219
214
206
199
197
213
188
191
228
193
191
191
219
225
191
207
204
232
216
195
193
180
203
199
175
197
183
184
199
194
216
210
197
176
195
187
222
202
206
201
199
181
200
185
186
191
193
199
203
202
222
221
208
178
196
216
179
196
211
193
180
186
208
201
208
207
191
180
206
198
191
176
187
200
189
181
213
202
215
219
201
201
200
198
190
266
224
230
217
191
221
206
175
201
215
225
186
194
217
205
176
207
218
206
207
204
214
210
212
220
201
214
181
178
201
203
203
180
204
209
201
193
193
187
214
186
211
211
200
190
203
210
201
190
193
202
203
206
213
185
212
196
211
223
208
194
187
196
178
310
208
209
207
221
181
215
202
239
184
190
216
223
219
180
204
222
225
224
206
212
207
184
201
185
206
197
211
214
178
204
207
192
194
223
210
221
220
194
192
192
209
209
186
183
182
174
197
172
215
187
199
194
202
199
203
207
185
210
201
184
200
177
197
224
317
345
318
214
211
205
185
182
183
182
207
204
198
201
221
207
212
197
203
223
202
213
196
200
201
206
194
202
193
214
189
195
209
208
212
196
177
209
216
204
192
200
211
203
225
196
185
193
188
205
196
207
189
187
205
192
212
204
215
201
194
215
287
184
191
193
189
224
175
214
215
207
215
183
222
212
184
215
206
193
179
196
213
202
220
192
202
206
200
189
192
183
197
177
202
193
180
201
184
193
183
205
178
210
207
204
203
211
180
204
202
180
197
199
181
205
189
201
201
212
209
196
205
201
203
187
201
297
219
214
202
258
242
351
433
211
213
191
213
291
418
406
278
188
223
214
212
191
215
244
340
414
355
344
297
207
208
192
1175
479
261
215
182
186
200
205
208
209
200
185
210
182
201
208
188
192
220
189
206
206
187
209
205
204
219
190
205
195
215
203
211
213
207
190
211
213
187
208
187
391
259
255
240
338
406
464
380
417
360
230
207
195
215
200
187
163
178
200
226
181
170
182
196
175
176
187
211
184
189
187
212
200
231
180
206
207
208
192
179
209
217
348
396
399
203
195
200
194
203
203
196
199
206
189
199
210
185
229
183
198
223
195
211
240
239
221
204
265
209
212
219
226
186
232
198
218
201
216
187
212
217
207
208
219
213
206
220
229
210
188
186
193
225
246
220
208
200
222
221
203
215
219
211
227
200
204
202
214
209
198
208
212
205
197
198
193
207
208
214
192
219
200
206
186
201
187
189
198
737
206
220
228
221
215
366
384
376
386
230
195
187
218
229
219
218
185
214
221
213
189
225
205
221
219
206
217
200
203
216
207
216
333
216
226
217
200
213
191
237
250
203
187
213
199
202
205
194
197
189
208
187
212
199
191
190
222
192
229
218
221
205
220
208
195
210
201
212
225
224
221
224
204
191
211
225
223
228
210
200
183
187
184
181
180
190
189
207
175
189
215
192
192
180
170
202
192
179
206
186
181
188
206
214
199
199
202
195
202
196
180
192
207
218
196
197
205
202
199
205
177
204
187
174
204
200
176
185
208
174
175
206
193
201
252
211
198
187
210
192
199
196
208
186
205
195
202
193
205
187
196
207
201
205
185
200
186
204
198
184
198
189
201
188
183
205
204
219
207
217
202
192
206
187
203
196
201
212
203
198
193
196
219
207
208
186
