229
177
207
208
201
196
308
226
226
213
213
228
222
177
172
178
199
199
193
201
187
197
200
176
203
194
200
207
213
192
297
188
214
196
209
186
192
201
175
183
191
191
194
182
186
195
214
197
198
190
218
179
197
179
181
188
220
191
192
200
193
211
194
200
208
200
223
193
183
213
192
278
234
210
217
203
230
275
208
251
253
197
214
202
183
202
211
218
230
199
220
220
225
335
251
223
221
187
198
224
231
211
200
210
209
206
173
201
196
197
179
186
204
174
174
198
203
203
182
201
209
195
198
198
220
187
218
184
209
207
198
220
184
211
210
281
224
206
187
204
224
206
196
215
210
231
214
187
188
200
204
203
198
204
190
187
186
193
205
214
203
199
220
188
189
226
209
209
211
263
210
188
193
223
218
241
209
209
211
183
205
221
213
210
207
217
202
204
194
201
209
207
196
227
213
221
213
277
237
204
225
208
194
223
226
187
225
197
217
215
205
217
194
209
216
211
212
224
192
190
189
196
215
192
211
210
201
222
212
208
197
214
238
237
201
205
211
209
203
209
209
210
214
215
203
200
198
195
224
215
206
226
214
228
229
201
211
190
197
331
197
204
231
197
215
257
245
223
188
248
211
184
214
213
213
210
218
206
216
223
212
224
237
193
207
214
213
215
237
217
242
208
224
220
220
221
226
224
221
210
216
215
223
199
222
201
215
216
241
241
211
220
194
226
210
228
214
229
229
213
202
218
210
205
198
220
234
215
212
205
217
191
212
213
207
224
187
197
212
216
227
218
210
214
216
228
227
194
224
213
195
228
202
207
200
220
212
216
213
203
218
229
221
225
216
200
223
226
223
213
224
217
223
198
219
193
220
216
215
280
202
229
238
228
229
268
230
230
341
231
234
208
236
237
234
379
404
249
281
377
256
333
277
254
242
271
288
236
460
415
232
232
270
438
222
214
265
200
232
198
178
181
199
207
198
182
186
193
199
217
186
179
207
189
202
212
186
196
205
210
201
189
204
192
217
225
219
204
183
220
181
202
206
215
209
213
209
197
195
211
208
218
227
185
276
231
281
216
307
220
406
375
201
201
204
198
213
201
206
183
199
199
193
176
192
211
196
209
192
192
209
193
197
176
194
173
197
186
211
195
191
191
210
195
194
192
199
220
177
186
192
193
224
224
200
209
189
210
220
228
202
185
207
193
204
219
210
194
232
210
267
246
343
347
219
240
230
208
196
190
180
199
218
206
208
199
178
192
198
211
200
178
205
203
209
216
185
196
173
200
197
187
213
189
206
209
208
182
205
198
187
211
202
213
203
210
224
204
200
220
180
189
197
200
199
197
208
211
191
202
198
213
216
269
217
205
272
232
235
219
218
201
204
211
223
212
208
208
209
189
208
225
211
190
224
199
216
214
208
198
190
215
185
204
227
214
200
218
360
212
230
204
231
222
204
194
223
224
201
205
216
211
198
205
217
202
183
207
201
207
204
311
199
182
176
210
189
216
223
224
185
215
220
212
246
210
194
212
221
183
221
182
217
211
205
208
207
178
199
188
198
198
190
208
181
212
203
214
185
235
185
205
206
200
184
214
186
183
190
183
215
207
214
209
217
209
216
214
185
185
197
219
202
202
344
194
235
195
223
190
219
221
203
212
221
221
198
232
194
208
233
219
222
200
226
236
221
210
218
212
212
206
193
202
210
221
225
235
216
225
204
195
220
200
220
235
221
211
197
230
228
235
222
220
222
227
225
223
216
200
227
225
224
232
216
224
233
231
224
226
231
204
236
211
198
197
195
231
233
317
407
424
427
398
246
216
230
199
202
228
241
248
232
228
209
224
216
224
236
193
222
215
202
204
243
208
217
230
203
198
237
223
220
210
208
194
238
228
229
214
225
215
205
216
228
212
205
231
220
237
221
209
216
237
238
555
304
192
216
229
206
199
208
192
211
207
227
213
190
206
199
181
199
205
195
212
208
200
193
182
208
204
208
207
188
210
202
189
183
216
202
216
192
181
192
213
199
209
192
220
220
185
208
215
218
192
205
207
214
213
186
190
221
192
192
215
218
194
242
386
417
430
415
220
191
233
189
220
227
215
217
235
222
228
225
225
219
217
212
231
200
224
207
219
215
213
229
227
202
195
241
227
204
224
229
240
201
230
219
238
222
209
219
228
225
220
215
220
236
210
224
222
220
234
225
229
409
372
362
373
358
365
414
381
358
348
371
319
228
201
195
215
195
235
228
221
222
215
224
224
215
223
206
243
234
225
225
228
224
219
