25
22
21
20
21
22
22
21
20
21
24
24
19
21
22
19
20
22
25
21
28
22
19
24
20
18
19
21
25
13
11
12
12
12
11
12
11
12
12
11
11
12
14
12
12
13
14
11
12
11
11
11
12
10
11
11
11
11
10
11
11
11
11
11
11
14
11
11
11
12
12
11
11
12
11
11
12
11
11
11
11
11
10
12
11
11
11
11
13
12
11
12
11
12
11
12
12
12
11
11
11
12
10
11
11
11
11
11
11
11
11
14
11
11
11
11
11
11
11
12
12
11
11
11
11
12
11
11
11
11
12
11
11
11
11
15
11
11
11
11
11
11
10
11
11
11
11
11
11
12
11
12
11
12
11
11
11
11
14
11
12
11
12
11
11
11
11
12
12
12
11
11
11
11
12
12
11
10
11
11
12
14
11
12
11
11
11
11
11
10
11
12
11
11
11
12
12
11
11
11
11
11
11
12
14
11
11
12
11
11
11
11
11
12
11
11
11
11
11
11
11
11
11
11
11
11
11
11
14
12
11
12
12
12
11
11
11
11
11
11
11
11
11
11
11
12
11
11
11
11
11
14
11
11
11
12
11
10
11
10
11
11
11
11
11
11
11
11
11
11
12
11
11
11
14
11
11
11
11
11
10
11
11
11
11
11
11
16
21
18
21
28
26
17
18
17
12
14
12
11
12
12
12
11
11
12
12
12
12
12
12
11
12
11
12
11
12
12
12
12
11
15
12
12
19
34
20
24
20
23
21
20
20
20
20
20
21
29
21
19
13
11
11
11
17
11
11
10
11
11
11
11
11
11
18
20
27
22
20
14
12
11
22
14
19
12
11
14
12
12
12
11
11
11
12
11
11
11
12
12
11
11
11
11
12
11
11
12
11
11
11
13
11
11
12
11
11
12
11
12
11
12
11
12
11
12
12
12
12
12
12
11
11
12
14
11
11
12
12
11
11
12
11
12
12
12
11
12
12
12
11
12
11
12
12
13
12
14
12
13
12
12
12
12
12
12
12
11
11
12
12
12
12
12
14
20
20
18
11
11
15
18
14
12
11
10
11
11
11
12
11
12
11
12
11
14
12
11
11
12
13
11
12
11
14
11
11
11
12
11
12
11
12
12
11
11
11
11
11
11
11
11
12
11
11
12
12
15
12
12
12
12
12
12
12
12
12
11
12
12
11
12
12
11
12
11
12
12
11
12
15
12
12
12
12
12
12
12
12
11
12
11
12
12
12
11
12
12
12
12
12
12
12
15
12
12
12
12
12
12
12
11
12
12
11
11
11
12
12
11
12
12
11
11
12
12
12
15
12
12
12
13
12
12
12
11
11
12
12
11
12
12
11
11
11
11
12
11
12
12
15
12
12
12
12
12
11
12
12
12
12
11
12
11
12
11
12
12
12
11
12
12
12
14
12
12
12
12
11
12
11
11
12
11
12
12
12
12
12
11
12
12
12
11
11
12
12
15
12
12
12
12
12
12
12
11
12
12
14
11
11
11
12
11
13
17
18
12
11
12
14
12
10
12
11
11
12
11
12
11
11
12
11
12
11
11
11
11
12
11
12
12
12
14
10
12
11
11
11
11
11
11
12
11
11
11
11
11
11
12
12
12
11
11
11
11
15
11
12
11
11
11
11
11
12
11
12
11
11
11
12
11
11
11
11
11
11
11
10
12
15
11
11
11
11
12
11
11
11
12
12
11
12
11
10
11
11
11
12
11
11
11
11
14
11
11
12
11
12
11
11
11
11
12
11
11
11
11
11
11
11
11
11
12
11
11
14
12
11
11
11
11
11
10
11
12
11
12
11
10
11
10
11
11
11
18
18
18
20
21
19
23
20
21
18
19
19
35
23
19
20
21
20
19
20
20
19
21
20
20
22
26
19
67
21
20
22
23
25
21
23
24
23
23
22
29
29
78
63
26
25
26
27
26
25
28
27
23
24
24
25
27
24
25
24
25
25
40
20
19
20
19
19
18
12
11
12
12
12
14
75
12
12
12
12
12
13
12
11
14
12
12
12
12
11
12
11
12
12
11
12
11
12
14
11
12
11
12
11
11
11
12
12
12
12
11
12
12
11
11
12
11
12
11
12
12
14
12
12
11
11
12
11
11
11
12
11
11
11
15
14
15
14
14
15
14
14
15
14
18
13
15
14
15
14
15
14
14
14
14
15
14
14
14
14
13
15
14
14
14
15
14
17
15
14
15
14
14
15
15
14
15
14
15
15
13
15
13
13
13
14
15
14
13
15
15
16
13
15
14
