1097
1217
1332
1232
1241
1304
1302
1443
949
642
564
668
710
580
649
981
1109
1052
617
722
786
614
600
738
545
582
546
579
660
671
659
699
663
1010
1062
778
651
675
670
666
620
616
671
696
711
739
676
1022
874
525
593
580
814
651
976
567
637
723
623
515
632
753
1014
1055
982
1068
1102
950
1050
691
631
654
695
688
694
693
632
649
720
870
943
636
776
655
646
595
712
560
586
717
652
724
683
881
747
663
626
676
729
768
618
748
536
611
685
731
732
695
727
703
554
698
774
765
736
622
665
751
727
733
599
736
827
753
614
600
745
521
674
748
752
545
667
799
613
905
649
584
752
787
754
603
814
748
772
612
712
717
926
800
519
482
639
563
734
596
552
608
634
516
670
713
738
726
709
711
629
751
664
1021
965
1287
1583
1767
1899
1882
1906
1426
1137
671
883
1347
950
1079
797
656
1036
846
778
570
611
487
576
671
681
664
677
625
684
596
682
631
621
688
605
645
727
636
871
760
476
585
930
1130
1208
950
1092
998
983
910
1106
760
862
897
826
560
651
644
702
661
719
750
701
706
652
704
687
742
724
696
633
699
729
878
815
655
580
592
724
720
642
742
648
684
696
697
710
715
594
644
598
641
596
694
684
637
1364
1604
1647
1640
1710
1671
1445
1602
1575
1771
1616
1656
1365
1453
1368
1461
1608
1489
1619
1782
1540
1560
1378
1336
1202
1225
1248
1185
904
1047
1026
501
564
659
661
627
606
625
698
686
695
668
690
666
669
684
678
674
722
766
962
1073
722
577
606
639
706
746
625
653
686
653
612
702
696
605
753
698
647
738
708
641
707
659
764
736
714
714
632
740
660
637
695
748
605
714
735
710
717
706
507
592
627
690
644
691
685
698
679
674
625
639
638
702
695
735
702
709
635
687
695
1160
1054
812
649
695
701
672
708
677
700
712
692
599
659
594
708
598
682
645
737
700
643
707
605
669
694
606
695
709
732
722
679
681
627
624
742
744
603
619
767
610
782
677
547
560
838
625
734
800
791
652
611
602
588
709
659
621
723
620
578
1187
598
586
555
608
665
763
675
1401
749
655
632
648
693
737
710
622
749
656
742
764
697
636
742
718
807
751
678
631
853
664
625
543
588
751
738
675
731
719
655
772
777
620
739
717
640
728
714
734
670
821
549
644
549
509
701
608
709
651
599
630
712
704
655
702
639
756
677
731
643
647
697
816
764
493
508
583
696
744
651
634
704
651
726
663
609
695
685
695
656
682
694
716
761
1387
591
523
1384
1539
1578
1589
1595
1556
1479
1319
1693
1497
1543
1422
1386
1786
1605
1511
1541
1571
558
452
848
1097
1037
1029
1015
1046
1018
958
1079
718
712
753
710
786
847
606
675
499
703
640
694
680
702
695
727
691
705
707
692
660
615
719
620
739
717
791
631
870
1515
1461
1519
1430
1369
1086
1276
1285
1167
1060
1054
815
936
757
762
857
809
771
706
753
741
690
744
708
701
658
703
670
707
690
753
692
731
693
746
699
609
611
687
600
679
689
719
699
664
719
665
636
657
623
612
683
1090
784
819
708
885
728
642
756
683
621
585
760
725
525
589
633
548
708
791
1096
1031
1074
740
627
735
696
725
693
696
623
597
683
728
676
705
715
745
622
669
730
807
532
562
617
649
595
640
595
720
692
644
624
696
700
697
601
599
633
689
672
639
694
625
660
574
678
727
731
772
770
701
707
594
722
710
700
730
641
613
655
611
712
692
712
652
731
741
662
708
723
783
731
620
765
713
738
741
655
696
767
737
655
599
743
918
782
691
535
658
667
754
751
687
688
760
688
683
763
693
610
691
749
635
988
858
649
1315
1422
1505
1402
1424
1421
1214
1141
1369
1659
1760
1771
1659
1592
1669
1726
1609
1596
1612
1614
1677
1339
1554
1652
1358
1286
2262
2906
2225
1611
1534
1346
1360
1456
1477
1045
1098
1117
993
944
759
816
785
780
824
806
731
673
734
773
617
613
731
701
691
644
703
602
706
760
635
735
718
703
662
708
636
694
710
961
839
843
1025
959
817
509
652
602
673
687
680
704
731
669
734
681
621
693
814
715
705
598
730
729
633
607
598
576
1285
733
670
647
629
443
469
593
626
686
622
688
717
692
715
715
664
685
733
734
567
508
611
585
554
534
721
665
626
714
650
707
690
622
703
672
768
767
710
698
704
696
644
734
626
543
878
552
663
654
661
693
727
719
728
696
618
676
689
730
684
706
760
711
623
708
791
539
558
654
636
628
758
705
684
758
652
603
712
704
666
711
603
740
715
711
760
523
544
494
473
719
686
683
671
692
612
722
705
722
634
680
604
679
731
635
690
770
603
494
735
761
698
656
639
747
610
612
667
614
744
748
711
595
689
702
674
723
706
726
738
698
