232
195
201
200
219
199
214
228
222
224
223
410
263
265
338
275
265
257
284
259
268
365
264
333
322
306
305
283
312
266
268
256
258
266
274
290
315
260
254
268
421
278
229
262
237
248
259
266
258
259
271
257
262
262
241
254
272
276
237
262
257
259
236
229
242
276
268
261
266
255
255
259
244
225
212
226
229
239
193
223
214
200
240
217
268
217
266
239
208
322
304
290
270
273
269
220
202
212
225
229
230
253
218
227
229
204
217
224
236
250
247
235
232
242
246
240
232
224
217
254
212
234
241
210
215
235
238
244
215
229
253
233
245
241
251
236
231
226
247
253
246
240
244
245
214
257
245
239
293
260
262
254
242
222
245
266
239
219
231
242
262
244
234
253
239
252
249
247
251
246
253
240
252
259
261
250
248
258
262
250
270
235
250
236
253
224
269
252
229
250
252
225
260
247
219
247
253
244
221
285
264
250
249
250
243
242
235
227
235
238
257
213
229
248
243
219
216
220
214
231
237
248
216
243
246
237
233
238
247
240
246
227
230
224
242
223
241
237
246
229
242
243
245
261
228
228
243
249
241
248
218
262
248
243
286
283
259
265
228
239
235
224
243
254
260
277
261
226
236
226
243
246
252
221
247
245
253
242
253
247
216
236
258
249
220
235
218
222
252
244
245
257
258
249
220
256
242
242
242
237
221
224
217
239
233
238
251
255
241
250
220
244
250
244
221
229
224
217
228
264
349
267
254
257
260
241
224
246
219
244
226
242
229
247
216
250
253
260
251
252
238
251
232
243
241
245
272
262
237
249
262
248
251
230
254
253
263
247
226
239
237
239
256
239
255
226
231
243
258
258
209
225
244
268
244
245
230
230
240
243
245
235
220
234
216
231
239
237
246
250
238
223
243
244
261
219
259
218
266
253
255
248
256
233
229
229
238
235
229
235
217
232
239
237
233
259
256
242
240
254
247
248
250
222
221
254
219
234
277
250
269
232
270
237
278
266
239
261
254
262
220
229
254
210
217
273
223
260
251
245
239
264
272
259
267
267
256
248
249
221
249
270
251
230
224
222
249
241
250
250
278
264
250
227
252
252
228
225
238
250
228
431
1023
1130
1136
942
505
503
439
506
496
336
298
321
333
304
322
315
315
224
227
237
224
235
223
197
205
206
207
221
219
206
210
233
210
225
267
278
231
231
211
237
224
235
237
223
232
224
202
239
235
209
228
244
230
201
235
228
227
253
220
244
246
238
257
240
220
260
237
234
233
238
250
223
236
234
209
250
245
261
238
214
238
221
239
231
212
249
249
251
254
241
264
253
237
257
257
227
233
247
236
216
251
213
231
234
218
246
247
256
227
210
258
219
236
218
248
244
241
246
221
249
244
247
221
250
252
253
254
270
242
250
222
246
211
220
218
250
254
244
253
241
231
250
260
250
250
333
227
222
252
215
221
246
233
239
248
235
250
239
231
228
243
250
238
253
273
271
226
237
240
244
222
240
221
232
243
234
242
232
268
251
229
246
257
239
217
217
265
244
258
255
228
254
239
258
220
262
247
231
235
256
258
243
214
256
221
249
228
240
353
307
282
241
271
256
247
269
251
247
269
293
221
346
435
402
404
377
380
219
239
238
214
257
246
252
240
240
210
257
237
260
241
215
247
239
241
222
230
221
758
275
225
237
242
257
245
268
267
258
275
276
292
262
263
231
261
277
278
255
267
332
303
260
334
263
284
255
228
258
329
303
230
254
248
262
260
260
248
254
232
262
265
231
271
276
224
250
231
215
231
224
217
218
232
217
215
220
233
213
217
236
205
235
247
248
228
234
234
238
218
261
240
414
245
257
279
250
435
321
232
310
343
235
203
227
238
242
242
225
217
207
227
233
233
241
207
232
236
200
219
218
222
226
205
235
234
216
217
195
225
212
198
229
202
200
232
207
199
205
225
236
245
224
236
229
220
238
226
227
234
212
210
229
218
239
238
218
214
297
298
279
270
259
314
261
217
208
246
253
224
232
201
241
245
235
239
227
239
232
244
232
209
228
216
215
220
223
236
222
250
239
259
219
260
251
225
238
220
237
248
238
259
219
239
250
245
240
227
250
233
242
240
240
243
232
234
289
275
319
257
382
317
269
250
273
271
256
254
211
255
259
261
225
237
258
252
251
257
222
256
242
260
224
270
277
218
235
249
251
218
241
244
265
263
246
261
260
230
255
221
276
219
250
253
242
253
241
240
245
247
228
216
273
245
256
228
242
215
250
236
251
217
245
219
262
276
234
240
244
