888
1827
2555
2294
2345
2611
697
527
746
897
880
944
900
957
956
830
844
829
1019
775
733
955
830
780
817
824
790
818
735
800
746
824
753
779
816
839
816
802
910
894
534
842
1385
1207
1129
1307
1164
1304
1152
1328
1092
1120
500
509
659
1492
1115
1148
1169
1341
1284
1276
1028
485
736
1331
1680
1280
1272
1302
1322
768
697
786
692
762
894
854
883
734
611
472
472
760
489
457
515
481
733
570
492
548
743
492
451
589
622
595
529
610
530
564
511
969
915
773
598
645
534
570
600
565
557
595
624
525
644
534
646
551
545
606
641
546
618
580
532
461
630
590
551
562
615
631
579
517
530
535
630
526
570
580
611
569
631
634
511
624
583
672
529
482
482
632
616
593
637
517
613
597
537
594
515
537
571
564
620
550
560
642
654
700
799
523
531
530
521
471
503
527
452
500
526
523
525
539
495
506
457
519
451
451
470
532
480
533
503
506
522
523
723
468
450
424
556
591
575
586
586
504
509
554
582
597
627
580
584
690
609
692
476
484
484
486
616
675
803
974
1089
905
816
842
1135
925
774
860
873
840
753
481
568
604
582
829
780
472
452
503
621
891
817
688
1490
1203
871
623
555
731
753
860
858
803
907
591
716
914
912
929
949
1028
884
924
878
767
896
897
810
856
614
599
935
935
956
826
880
867
810
837
900
928
882
937
570
569
499
581
809
727
682
531
696
915
475
614
664
609
1252
903
945
894
757
836
855
830
611
629
591
517
680
531
523
619
490
564
510
432
516
692
627
701
595
428
618
556
791
541
656
551
599
634
615
609
660
541
540
539
622
666
454
461
484
613
489
575
577
527
565
621
552
542
636
647
528
593
618
584
641
555
530
615
560
720
821
547
559
586
644
487
562
640
618
635
557
636
525
528
631
597
532
823
1339
1265
1257
660
1954
1118
1291
1262
1348
1208
1329
1345
1388
1374
1036
487
1258
1114
592
551
519
1233
692
1418
1286
1335
1306
1584
742
469
874
1232
1899
1145
1335
2199
1823
2059
1243
838
902
882
897
895
857
863
928
823
885
933
905
990
748
516
1423
436
520
1030
872
746
565
611
604
1637
2201
1906
901
626
956
565
1296
918
832
949
879
913
632
548
605
532
781
1130
648
556
880
894
1038
1011
1182
1353
1304
1177
938
907
717
878
748
796
865
616
574
869
637
920
810
644
643
540
481
877
596
497
556
1142
819
662
656
874
817
506
505
584
531
583
752
520
547
548
533
469
614
630
636
740
780
754
732
913
681
558
581
606
533
445
508
431
550
699
602
492
527
706
546
508
588
454
643
448
475
888
773
767
465
547
528
519
484
579
532
597
600
587
481
529
611
615
681
735
693
769
561
660
712
686
638
531
604
521
573
606
583
599
549
503
530
555
599
535
578
543
725
539
541
505
591
859
571
514
558
532
595
986
911
827
965
962
637
528
537
554
643
791
1060
639
689
611
569
602
615
540
531
673
560
599
609
520
558
610
531
610
579
570
533
580
714
447
562
483
555
580
599
576
488
526
579
488
552
616
581
528
456
518
544
630
596
610
613
432
641
731
481
593
486
523
608
616
463
569
506
558
532
566
473
603
608
521
575
591
576
510
555
586
589
585
511
427
606
585
604
519
581
881
1101
797
577
522
583
583
558
534
578
618
577
629
642
598
574
528
490
562
580
613
897
746
483
580
576
888
876
804
803
882
959
620
548
575
583
851
642
596
939
1237
1259
1655
2539
2322
2685
768
907
569
1902
715
2504
1513
1057
1260
2604
1905
1906
948
924
640
1110
1659
991
1182
1911
1913
1941
1903
1979
1927
576
500
1186
1524
744
1349
1515
647
1575
656
984
1037
1358
972
1560
2516
2350
2494
2486
2561
656
465
452
512
702
814
907
780
535
544
864
859
765
738
724
735
766
480
485
683
995
2501
1927
2558
2296
2542
2393
1991
1399
1563
1398
1555
1358
1402
1431
1595
1430
991
1026
1533
1390
1255
1269
1442
1389
1596
1757
1515
1301
1158
850
607
1165
1092
1362
1329
1203
714
1010
1079
908
1077
1006
1031
657
642
593
573
641
607
637
641
696
648
597
503
602
605
531
583
596
589
622
661
547
653
596
534
534
651
610
545
599
612
526
528
567
631
469
508
530
549
611
604
587
588
661
537
635
531
569
509
522
640
612
598
549
626
778
517
1423
1239
1255
1275
1171
1247
1098
1314
1295
1193
1580
2424
925
1622
1815
921
750
600
713
620
708
712
826
561
469
460
479
609
884
849
846
940
883
770
800
664
754
1146
616
434
485
465
567
511
843
684
458
514
780
893
929
866
766
649
794
713
733
1075
1020
855
1360
1305
1055
1297
1232
1330
1306
1133
1328
1355
1432
1192
1162
1366
1188
1379
1384
1429
1265
1023
952
905
612
435
438
674
629
573
616
601
605
577
600
603
618
557
533
509
