3842
3881
3415
3774
3927
4001
2301
1730
2052
1733
1371
1590
1482
1139
1105
1155
1036
1232
1062
859
961
865
914
792
808
942
971
854
822
966
999
685
863
951
965
938
805
857
925
978
881
795
864
838
936
988
592
832
980
854
916
991
892
910
994
925
831
968
909
921
807
1309
1179
785
1003
1701
1102
1341
1378
944
777
750
968
1108
890
1104
1057
1132
1079
928
940
1124
1678
951
959
1140
1268
1220
1163
961
1225
1140
1176
1053
1069
862
999
1067
1093
998
1199
1095
1146
1017
963
894
975
1019
725
1324
757
1417
760
733
760
864
966
874
911
921
1189
954
734
957
911
723
912
750
912
850
891
827
927
986
945
945
915
929
926
803
936
1651
3288
2515
2342
2184
2263
3241
2735
2417
2220
2395
2309
1026
903
1202
1445
1315
1336
1355
1368
1026
924
1017
1006
738
940
929
857
844
929
910
987
807
919
971
914
807
820
815
1010
906
1031
827
931
911
906
962
858
850
909
818
939
928
907
836
985
1013
916
934
910
973
972
853
967
943
1016
925
853
997
970
900
733
1012
942
865
837
873
957
873
790
798
1019
935
814
943
1552
1985
993
915
799
944
793
922
1168
861
649
701
1296
1956
1933
2104
2186
1158
624
1140
1340
1408
1409
1279
1432
1412
1145
1048
1203
867
774
904
855
876
881
839
723
872
806
765
810
811
878
927
985
818
766
1122
1187
860
646
849
854
812
922
839
893
793
725
814
856
820
707
928
764
709
613
877
828
850
802
872
928
929
817
927
796
909
793
800
974
1000
965
764
833
815
883
910
812
900
914
983
959
827
905
834
912
1133
676
746
935
927
930
802
933
885
799
965
927
941
897
877
911
986
794
828
848
1003
945
945
945
820
1010
1013
921
912
1000
994
1239
1270
2069
2007
2031
2178
1833
1799
1572
2225
2160
1816
1808
1948
2072
1908
1537
2138
2033
1645
1934
1903
1350
1418
1092
1215
1214
1178
1097
888
869
795
810
982
804
932
1067
1335
740
1509
835
1015
976
968
763
1141
812
781
1747
1388
1697
1434
1409
1639
1050
695
1443
1379
1701
2002
1494
1665
1726
2102
1277
1494
1113
651
1516
917
1574
1687
982
1279
932
923
1087
1226
618
1457
2157
1942
2193
2172
1901
1632
1191
1678
871
796
1354
1205
1294
951
1077
1041
1004
1019
1032
1074
679
884
908
872
820
934
899
941
897
889
972
885
786
814
930
1142
826
962
953
897
958
946
862
840
942
954
934
998
891
1012
1060
752
688
818
780
825
818
910
847
847
937
856
914
875
910
862
1004
783
716
828
839
882
796
925
987
1015
967
936
902
764
728
919
928
974
731
845
793
886
705
992
985
808
962
867
804
1001
868
844
900
1041
700
717
900
958
891
649
833
963
813
900
912
912
912
867
913
911
617
905
792
952
911
901
925
913
947
933
934
825
896
915
829
990
870
896
934
909
1008
947
970
935
820
967
828
961
950
860
1037
1000
1225
750
865
905
914
916
928
1430
1272
780
720
893
837
948
944
948
813
946
897
823
870
1030
805
575
1502
1731
1948
1883
1535
1708
999
1082
1196
675
702
1369
1921
1746
1667
1764
1061
1436
1351
925
766
880
900
970
835
806
815
1002
917
931
961
836
824
646
879
893
972
735
722
922
915
843
903
821
789
911
926
820
972
924
960
800
915
919
805
898
916
899
958
940
940
980
921
931
811
897
976
919
1391
664
807
1840
2180
1929
2095
2138
1888
581
1641
2055
1940
2007
2041
1863
1912
1625
2022
2018
1971
1771
2021
1781
1361
1887
1741
2071
1880
1850
1806
1239
1591
905
1199
1282
1012
1002
1111
971
933
820
952
1022
797
828
1535
1286
2068
2127
1856
2139
2199
1905
3307
3111
2140
2067
1863
1900
2122
1251
1241
755
1601
1151
1111
1335
776
957
975
866
1040
1003
1096
967
848
956
1021
1056
810
1073
651
1413
2106
2127
2077
2190
2543
2759
1756
1620
1661
1570
1285
1240
1469
873
931
906
873
899
856
855
916
956
832
898
914
816
919
991
3013
1849
1616
1102
2145
1827
1991
1122
749
2071
967
1676
1932
2082
1951
2133
1991
2392
1559
1914
2104
2235
1924
2129
2001
1826
1892
2472
2149
1842
1837
2258
1154
1522
1853
1945
1461
1287
1477
1365
1230
1011
859
1021
1059
1015
840
1034
923
822
1039
852
952
820
850
1024
805
814
988
831
816
935
1016
927
867
889
990
800
913
883
955
903
772
906
916
940
919
817
977
931
950
955
794
1029
993
948
966
812
901
909
998
931
969
904
903
824
993
969
840
974
962
1256
1852
1463
1154
588
734
1046
1358
729
766
679
884
1376
765
994
838
818
980
1443
1182
1297
915
840
873
897
1099
860
1148
1230
1009
1156
960
836
992
931
1365
1009
697
914
827
951
864
971
848
834
959
804
940
922
991
936
831
1187
1211
887
765
1380
2174
1859
1820
1962
2063
995
791
1341
1216
2130
2041
1954
1670
2170
1214
1712
2187
1963
1649
1583
1579
1505
1338
1800
2030
2034
2168
2188
2082
1907
2179
2140
2034
1817
2091
2061
1875
1850
955
1556
1471
1401
1402
1181
1115
1185
1124
946
918
1030
704
932
1011
974
1014
983
