4499
4402
3521
2359
2647
1718
754
2304
1334
2099
2271
1610
1380
2462
1657
2441
2139
1986
2473
2320
2173
2534
1989
2109
2312
2216
1651
2337
1965
1186
1329
1153
996
977
957
869
969
977
931
782
861
973
983
951
1027
922
842
793
890
955
846
930
872
1010
980
812
886
963
914
934
1255
1342
1076
1137
763
923
818
972
1022
1001
982
927
987
1090
1201
909
1430
658
942
1037
1266
1706
1565
1767
1509
1379
1533
1364
861
1586
1968
1923
2153
1692
1404
1633
2021
829
714
949
1029
1008
1052
893
913
886
880
931
951
822
973
2136
2754
2476
2142
2290
2149
2115
789
829
1240
2124
1807
2161
2000
2044
1845
2464
2285
2187
1896
2650
1931
2041
2660
1980
2080
1975
1955
1862
2169
1902
1647
1574
1453
1354
1364
1030
1135
963
1164
1092
834
958
914
983
971
838
873
818
1124
876
900
943
1063
926
1000
965
987
966
984
834
847
965
942
989
973
987
968
1233
1435
1195
1022
1134
1018
1008
1051
968
1078
902
1054
911
1025
898
838
826
1006
922
922
931
852
956
824
921
974
1055
879
979
949
1000
877
772
833
796
1220
1418
886
870
1359
989
1491
2150
1923
2048
1884
1669
734
1202
1657
1425
1584
1697
1493
1304
1448
1057
692
833
1037
977
970
927
930
891
955
972
973
933
959
1009
765
950
921
1001
1005
959
991
941
1041
1010
920
902
1030
937
868
1052
858
879
1025
954
948
959
1019
956
1050
941
1008
1033
877
993
945
950
996
1001
958
1043
1065
904
842
950
1005
956
966
993
1000
928
1049
819
1000
938
945
938
937
1014
946
1003
850
999
951
907
960
1036
696
789
904
956
862
866
955
962
1037
965
995
835
936
993
1045
2018
2179
1744
914
983
985
882
880
964
949
984
1007
1686
2078
2188
2268
1978
2016
1969
850
1285
2276
958
2005
1109
1409
1669
1270
1198
2218
3677
2800
17368
5085
3163
1524
1604
1019
791
1165
787
1023
1053
904
994
1402
1027
940
932
988
796
933
707
748
874
1024
763
992
839
1012
949
966
880
1030
960
882
1674
792
851
2011
2046
2085
1749
2158
1669
1659
1145
1583
783
2174
2205
1887
1676
2072
1585
1209
2078
1134
940
943
828
686
1270
2181
2486
1694
878
736
813
737
2220
2159
2336
2119
2261
1155
2114
2243
2420
2278
2230
2272
1034
2129
1946
2006
789
880
1875
955
732
1893
1090
994
996
986
1338
1456
1422
857
921
971
1019
903
874
1046
1119
1215
1166
737
858
1008
821
1063
906
978
956
1039
921
1231
1228
1058
994
836
777
934
1060
984
906
1125
987
845
943
1006
825
1349
1311
1116
1745
2376
2257
2067
1844
1251
810
1446
1087
1068
884
952
889
1024
688
802
890
880
975
946
1368
2335
1226
844
745
1461
1754
1760
1582
1769
1440
1459
1039
1165
741
707
2319
2209
1944
2288
2185
1747
2255
2351
2122
2976
3843
1189
830
2257
2503
2582
1390
1358
1431
1549
1500
1064
952
1012
1020
1078
911
904
871
1045
878
1040
1021
1048
1466
1633
1271
743
796
835
764
1036
1164
1071
1188
1180
1249
973
1066
905
943
859
1059
920
842
870
956
851
952
993
959
900
1133
805
1124
989
914
958
843
888
935
902
931
980
874
946
984
950
934
783
971
757
827
1017
980
1020
942
925
942
986
885
882
901
892
717
1013
1062
1140
894
929
1086
979
945
953
1003
870
897
817
934
822
952
969
1115
850
1031
993
985
1027
839
837
984
887
834
1054
1027
850
1030
991
2611
2223
1415
996
991
815
1625
1013
1214
811
1241
1429
802
834
1176
697
942
815
1068
1131
1129
1880
2186
870
1389
1164
1599
966
1644
2191
2251
1855
2164
1508
794
733
2193
2128
2281
2022
1957
1848
1016
1407
2071
2368
2237
2083
1996
1185
1056
1479
2253
2015
2438
2512
1966
2828
748
762
1722
1583
1512
1268
1369
1307
1274
1070
1265
865
871
865
1025
1003
882
862
850
940
1022
937
1032
996
917
1044
1541
1390
817
974
843
967
938
987
888
829
831
1015
1018
836
908
1150
663
914
878
1041
995
1005
1042
1015
1044
851
840
890
998
964
1040
1228
1190
874
650
1012
963
984
982
866
1227
2160
1326
1994
1024
1731
1424
2174
2301
1893
1370
2045
867
2071
1115
2176
1751
805
1961
1038
1268
2268
1383
937
805
831
993
875
973
1007
968
1114
948
970
951
1049
796
1167
920
1003
837
803
1319
1404
1300
1340
1343
1411
1112
1127
1232
1246
737
1237
1796
1530
1792
1696
1638
1428
1261
1067
1764
2244
2381
2264
2287
2785
1687
846
644
2144
733
808
1662
1334
1775
1431
1616
1270
1456
872
2433
2308
1977
2182
2304
2144
2084
2327
2138
2451
2087
1835
2038
812
2023
2339
2002
2306
2253
1607
1307
839
1572
1956
1633
1558
1532
1969
1460
908
1145
832
629
1862
1742
2139
2403
2219
700
2130
818
1084
1734
1342
2142
2017
1488
1352
686
1832
2398
2331
2357
2369
1629
1518
2083
2716
2287
2447
2254
2481
2253
1936
971
822
1624
2265
1687
1295
2620
1118
1016
1088
1305
841
1028
700
902
968
985
942
957
1197
1233
1322
1319
1545
1242
1113
914
2164
2020
2054
2225
2558
1668
911
1888
1923
1816
1661
1646
1457
1925
1665
860
1303
2201
2199
1980
2295
1372
2815
1376
2475
2002
2369
2488
2295
1444
1301
1753
2251
2226
836
2134
2037
1435
791
735
1309
1842
1655
1872
