727
902
1749
1083
2279
1033
1006
1043
1112
995
549
946
744
818
663
732
857
1000
1174
1258
614
584
637
536
632
670
584
757
665
574
574
1007
785
527
712
708
690
685
548
549
509
615
595
588
608
673
713
632
768
657
588
622
657
627
702
707
711
734
777
868
686
531
620
654
624
593
640
807
651
576
594
631
642
687
698
683
583
581
681
728
789
570
627
638
540
702
536
557
685
718
745
698
815
630
581
697
682
714
737
708
796
664
751
840
1010
954
967
1011
1021
1057
993
839
567
555
731
584
855
724
1124
1204
1277
1123
618
668
712
680
703
714
647
703
796
591
700
746
733
773
623
766
716
731
763
646
584
679
589
666
594
629
591
760
617
607
594
1537
1364
1478
1577
901
515
607
723
634
1259
625
578
1441
1344
1389
1544
1375
1581
1769
998
572
547
1831
908
760
1396
1418
1541
1590
729
568
1212
724
605
638
567
566
689
1455
807
1683
1709
1412
1446
1087
569
1393
598
617
629
614
628
643
693
718
673
1364
1613
1718
1482
1391
982
683
1041
664
849
918
844
988
967
985
866
901
769
745
841
839
755
847
703
1446
715
552
1647
1680
1613
1340
1595
1606
1232
868
1492
994
1336
1325
1345
1337
1208
1120
1179
1386
1228
561
599
609
786
780
790
758
699
696
681
648
687
613
615
697
747
643
753
574
611
570
510
973
858
744
570
630
611
637
775
680
608
680
775
722
678
727
738
777
501
505
572
693
607
533
612
639
600
686
633
628
706
752
619
738
755
729
727
705
1661
586
1228
1577
1589
1423
1701
1451
1620
1640
963
1637
1630
1370
834
1061
622
1745
1742
1474
1786
695
984
1167
799
799
917
914
855
603
702
488
567
548
766
671
769
722
700
685
618
685
658
625
667
680
697
776
781
894
618
556
755
1472
1398
1675
1777
1585
1568
1651
1110
1574
2213
2100
1447
1471
793
1084
1091
789
726
589
817
811
656
470
1171
654
797
1045
914
700
952
600
767
1417
544
1596
1713
1587
1491
1580
1813
1332
1756
1445
1279
974
680
449
1156
1166
1158
1005
1018
1002
962
1060
958
761
3453
1935
1705
2409
3264
1570
1362
1019
1323
1259
1174
960
951
820
911
949
800
856
740
812
764
948
579
662
777
1078
1141
1042
618
1553
872
846
1014
945
1129
667
722
502
468
638
671
696
984
691
489
451
607
667
690
656
636
600
698
757
696
693
1091
1194
738
1028
1223
1192
625
560
700
745
668
760
669
656
792
803
674
657
716
693
616
674
542
685
694
646
858
770
670
739
646
730
707
652
772
595
620
707
728
2283
1215
1618
1673
1511
1532
2420
2895
1530
778
729
968
1029
1093
528
1059
836
894
1009
1133
1127
768
687
1002
946
892
850
996
938
716
692
788
1097
999
779
1063
980
650
698
732
707
908
1028
795
1009
1068
591
1181
593
947
1380
1616
1507
1562
648
1476
1475
1485
1339
622
532
730
794
877
817
900
904
903
638
744
638
670
737
746
659
708
813
795
1064
1200
744
577
671
706
687
1213
993
858
979
710
827
509
676
681
727
658
602
731
709
739
706
643
737
960
1049
820
1130
932
688
547
702
681
826
1174
796
1046
1019
486
616
632
659
1042
1070
759
1146
907
934
624
618
702
759
698
1878
1511
898
2062
1378
2069
1438
810
1043
1053
1296
1105
1085
472
748
826
713
770
789
670
822
714
752
745
693
643
726
1125
1376
2045
1534
1579
1607
1596
1256
1566
1389
2890
2319
1728
1698
1727
1733
1650
1044
2087
1243
857
968
1433
1222
798
1124
905
890
602
733
702
649
724
736
701
602
694
699
752
708
753
603
777
666
619
658
716
723
602
827
736
693
629
730
740
571
546
701
995
692
544
639
589
603
632
588
540
565
619
692
709
610
736
716
691
693
636
694
643
689
808
665
564
707
560
534
1584
1604
1627
1350
1526
1426
1600
1617
919
874
1149
1034
1049
1057
1032
965
1038
984
1101
816
813
874
805
617
672
678
771
609
684
660
664
650
729
624
685
673
702
630
718
691
681
611
698
667
673
729
737
648
627
624
639
703
633
722
715
635
728
716
705
624
630
659
619
676
687
669
871
623
569
630
611
751
711
648
646
750
642
622
610
690
746
639
691
635
746
713
743
607
470
621
715
718
685
710
693
710
705
690
700
669
615
710
673
619
700
690
711
797
1299
1348
1268
1588
1486
1486
1339
1503
1332
1082
558
523
1262
1664
1440
1611
1578
1584
1689
1556
1457
825
1338
1429
1615
1390
1378
1607
1615
1435
910
920
1436
1393
1546
1107
1036
994
1113
986
905
885
877
791
811
850
789
746
698
610
693
693
699
741
691
737
748
648
696
724
624
745
566
504
484
612
678
691
604
678
498
621
617
659
696
688
713
593
701
713
651
718
703
956
2441
583
741
817
747
667
520
648
698
671
467
508
473
532
612
660
619
557
1509
1041
571
850
787
606
806
591
560
605
669
981
702
701
590
695
896
651
845
752
787
841
909
894
789
708
