2444
2515
2690
1774
1853
1896
1472
1645
1713
1503
2099
1580
1810
1719
2315
1692
1796
1740
2042
2138
2742
2839
2695
2112
1837
2050
1700
1662
1993
1995
1934
1529
1165
1562
1853
1505
1431
1567
1645
1595
1560
1478
1550
1610
1634
1313
1463
1407
1438
1596
1670
1509
1586
2326
1539
1561
1698
1618
1384
1704
1550
1566
1520
1433
1534
1611
1662
1335
1508
1642
1561
1323
1554
1486
1610
1323
1582
1326
1462
1509
2035
2140
2199
2288
2983
2514
3498
3065
3637
3837
2560
3033
2554
2397
2188
1207
1193
3309
3414
3697
4613
4319
3132
3452
1715
1105
2719
3332
3086
3748
3517
3118
3732
3241
3218
2908
2654
2069
2309
1628
1804
1605
1414
1370
1704
1664
1308
1527
1579
1364
1318
1745
1638
1528
1598
1491
1581
1595
1405
1560
1606
1690
1596
1585
1579
1559
1561
1438
1614
1521
1565
1565
1419
1588
1389
1410
1336
1391
1487
1480
1380
1518
1667
1328
1540
1565
1570
2279
2298
2101
2146
1761
1635
1417
1591
1710
1523
1567
1360
1561
1674
1569
1726
1416
1360
1725
1605
1637
1731
1681
1530
1555
1534
1385
1530
1378
1503
1391
1613
1692
1976
1408
1568
1696
1401
1508
1618
1328
1602
1421
1440
1550
1574
1602
1514
1407
1520
1579
1439
1621
1320
1616
1545
1309
1396
1373
1428
1499
1637
1355
1329
1506
1556
1541
1480
1413
1365
1506
1737
2063
2563
2073
1540
1394
1488
1573
1875
2063
1516
1519
1644
1524
1422
1522
1549
1768
1435
1669
1597
1527
1428
1414
1479
1625
1539
1530
1337
1324
1386
1534
1546
1519
1618
1576
1598
1545
1580
1550
1427
1497
1638
1614
1435
1336
1531
1627
1506
1427
1630
1546
1557
1549
1518
1527
1460
1368
1355
1309
1724
1836
1906
1521
1677
1666
1649
1580
3113
1699
3061
3256
3482
3606
4890
2981
2751
2322
3908
2095
1936
1674
1480
1387
1628
1616
1674
1522
1609
1321
1516
1368
1346
1349
1524
1482
1307
1330
1296
1550
1351
1761
1472
3023
4041
1393
2559
1347
1550
1561
3430
2312
3491
3463
3661
3554
3448
2761
3345
2606
1865
1925
1823
1910
1598
1684
1401
1601
1644
1385
1450
1196
1325
1386
1381
1529
1491
1547
1901
3274
3533
3157
3250
3883
3522
4134
3653
4315
2063
2359
2345
3395
3104
3208
2559
2283
1234
1649
1506
1528
1419
1644
1570
1575
1423
1280
1498
1428
1554
1284
1391
1550
1464
1583
1462
1516
1724
2066
2496
1533
1669
2272
2193
1267
1431
1529
1553
1418
1523
1571
1543
3816
4918
3038
3774
2968
2575
3261
3565
3491
3086
3527
3548
3066
2524
3764
3363
2928
3958
3003
3610
3531
3706
3521
3489
2660
2465
1942
1921
1686
1562
1603
1637
1607
1543
1573
3447
3440
3739
3374
2644
2700
2659
3956
4050
1583
2958
2696
2899
1793
1961
1645
1758
1397
1517
1473
1510
1715
1551
1527
1351
1610
1328
1532
1547
1629
1468
1594
1585
1759
1536
1485
1541
1523
1671
1375
2442
3141
3335
3382
3095
3123
2949
3169
2828
3135
3516
1500
2446
2349
2194
1677
1783
1462
1495
1362
1611
1686
1471
1587
1421
1682
1465
1307
1055
1106
1569
1702
1488
1247
1397
1624
1890
1614
1474
1542
1451
1590
1620
1564
1792
1092
1540
1378
1308
1372
1459
1536
1437
1613
1502
1089
1575
1441
1294
1651
1695
1475
1432
1558
1427
1528
1712
1666
1560
1391
1645
1641
1532
1741
1385
1574
1313
3280
2083
1941
1881
2223
2124
1426
1543
1374
1605
1526
1352
1502
1599
2256
1656
1607
1636
1325
2440
2248
1612
1362
1606
1564
1451
1399
1682
1255
1650
1324
1354
1633
1589
1495
1490
1495
1444
1294
1311
1585
1852
2807
3319
1712
3709
3403
3097
3339
2886
3006
3247
3529
3490
1721
1154
3229
3025
2861
1928
2181
2403
1399
1283
1518
1524
1544
1789
1959
1949
1620
1971
1646
1402
1355
1481
1919
2111
2100
1737
1700
1743
1707
1241
1277
1511
1288
1477
1924
1448
1511
1358
1591
1998
1994
1394
1709
1886
1589
1434
1205
1472
1454
1626
1888
2003
1754
2003
1519
1305
1364
1340
1311
1495
1550
1347
1276
1380
1499
1688
1268
1265
1435
1274
1300
1534
1538
1369
1447
1799
1276
1303
1432
1572
1591
1560
1385
1771
1422
2342
1306
1541
1619
1510
1535
1380
1441
1755
1170
1533
1431
1519
1365
1614
1676
1319
1767
2894
5391
3589
3523
3804
3139
3497
3444
3186
2813
3104
2210
1826
2043
1585
1634
1396
1547
1491
1555
1538
1568
1292
1423
1393
1688
1680
1560
1586
1514
1322
1586
1515
1461
1653
1494
1370
1695
1694
1584
1646
1496
1063
1477
1626
1578
1540
1332
1318
1508
1514
1484
1597
1657
1354
1669
1407
1657
1593
1432
1638
1433
3585
3596
2636
1754
2859
3290
3397
1556
1665
1897
1501
3423
3110
2988
2557
2174
3503
3858
3523
2239
3223
2971
2960
3204
2792
2952
3713
3109
3717
3645
3524
3549
3726
1582
1826
2178
1761
1635
1668
1748
1578
1343
1340
1896
2383
2954
3267
2930
3549
3722
2976
3259
2748
3657
3699
3550
2783
3112
3084
3176
3429
3407
3316
3358
3547
3188
2090
3265
2456
2023
1802
1771
1816
1505
1594
1704
3662
2389
2207
2204
2377
2093
2487
2146
1695
1661
1733
2355
1750
4422
3277
3704
3586
2140
1336
3731
3653
3523
2795
2266
3707
4040
3806
2725
3430
3156
3337
3456
3780
3364
3202
3715
3114
2843
3350
3256
3710
3552
3322
2536
3116
3898
3590
3379
3323
3297
2111
2968
2517
3743
5212
2217
3160
3796
3247
1866
1545
2839
1790
1683
2109
1677
1825
1516
1609
2263
1756
1825
1855
1663
1607
1400
1639
1622
1413
1561
1472
1521
1591
1404
1604
1593
1536
1581
1191
1592
1763
3025
3622
2940
2773
3650
3324
3896
2463
1947
3006
2750
2429
2368
1356
1430
1482
2101
3464
3464
1673
3562
3944
3805
2928
3427
3576
3223
3007
2642
2168
2250
2183
1470
