711
2298
2211
1473
1413
1389
1249
1105
1198
1814
1727
1865
1701
1478
905
1708
2869
4677
3159
2416
2227
3024
2832
2603
2255
2839
3037
3798
1887
2426
1820
1325
2276
2358
2317
2018
1426
942
821
1094
1853
2049
1898
1929
1466
1537
1475
1199
2273
2561
2527
2493
2618
2380
2610
2719
2353
2457
2218
2057
1959
1602
1575
1487
1403
1084
1295
1254
1181
1174
1188
1090
992
1092
954
1105
1023
1153
1147
1039
1131
1120
1501
3058
2208
2314
2573
2220
2929
4066
3057
1946
2512
2085
2292
2711
1051
1452
1355
1423
1198
1228
1166
1697
1457
917
930
1037
849
1048
959
1021
968
1173
997
1078
1065
1433
1367
1085
1132
1131
1106
1160
1073
968
967
1193
782
1079
1080
1051
1089
1023
1062
964
1033
977
1039
906
1107
1168
941
1195
1200
1127
1210
1046
1130
1081
1141
1122
1026
1124
1106
1098
3684
2734
2271
3360
1361
1369
1957
2506
2502
3348
2624
2131
2282
2688
2998
2682
2436
2166
1986
2118
2850
3447
2501
2324
2374
2620
2490
2716
2193
2488
2498
2503
2711
1918
1757
2197
1606
1496
1674
1218
1097
1129
1126
1143
1114
984
1153
1122
1123
1051
974
1033
813
1133
1121
1152
950
1019
1136
1072
1147
1120
1024
1123
1134
1817
2078
2176
2321
2446
2183
2723
2290
2480
2702
2516
2552
2295
2639
2316
2532
2403
2530
2047
2210
2071
2613
2211
2634
2269
2646
2508
2463
2628
2847
2938
1722
1771
2309
1088
2293
2551
2699
2470
2088
1608
1304
2370
2491
2178
2339
1953
2137
1063
2309
1154
2653
2521
2315
2741
4266
1971
2085
2213
2008
1658
1244
1496
1307
1457
1368
1129
998
989
1209
993
1034
1339
1537
1026
1096
964
1094
1092
1150
1170
1133
1082
1248
1210
2459
1209
1116
1041
960
1062
967
983
1062
1081
1012
1176
1115
956
1150
1085
1033
1107
1101
1154
1117
992
1070
1037
1764
2130
2128
2124
2172
2272
2718
1681
2515
2505
2223
2442
1891
2614
2500
2690
2586
2809
2457
2629
2546
2200
2420
2393
2534
2286
2149
1901
1946
1969
1741
2469
2503
955
1197
2989
1335
2538
1561
1147
1306
1052
1028
1688
1606
2837
983
1565
2366
2287
2515
2353
2129
1304
1037
2175
1092
1499
1236
1342
1604
1252
1028
907
1489
1197
2187
2617
2727
2668
2385
2495
2318
2726
2349
2650
2153
1945
2070
2087
1823
1650
1695
1644
2144
1844
1218
1013
1000
1189
1130
1190
1097
1157
1096
1184
944
1076
1213
1114
1168
993
1218
1208
1189
1095
1223
1260
1091
1174
994
1079
1125
1019
1124
1085
1171
1027
1126
1144
1020
1205
1060
1047
1068
976
988
1083
1037
883
1112
1125
1113
1036
1181
804
976
954
1089
1124
770
999
1017
1046
1162
1081
1151
1203
2259
1027
2344
2217
2487
2641
2879
825
823
2495
1888
1332
2189
1942
1732
981
1102
1103
1146
996
1322
1104
1477
1173
967
1071
1130
1140
984
1025
1159
1222
1109
1045
1083
1385
1052
788
1120
1138
917
1143
1159
1118
1154
965
1004
753
1107
880
888
1107
1077
1094
1070
898
1169
1100
1205
968
1111
793
1058
894
986
911
1054
986
1085
1143
970
989
758
1002
823
1044
1122
1148
1903
1990
2556
2518
2520
2505
2397
2629
2494
2459
2763
2720
1921
1902
1925
1441
1500
1565
1326
1151
1142
1146
964
1124
969
1104
1140
1092
1112
874
901
1134
1104
1077
885
1140
990
1136
1039
950
989
1186
1170
1126
1086
1100
1156
970
923
956
1008
1160
909
947
1094
1126
971
1108
1040
950
1175
867
1116
971
1123
1059
1226
1108
1197
1096
1139
972
1048
1181
699
998
1117
905
948
957
1143
1205
979
1013
1158
1125
1123
2659
2942
2630
2391
2750
1799
1344
1639
3210
1089
2373
2484
2311
1119
1405
2088
2106
2033
1446
1015
1176
2224
2490
2591
2365
2722
834
1159
2103
997
1495
1404
874
1636
1189
995
1017
1189
1076
956
1077
1154
1194
1126
1117
1191
948
1160
1131
1009
1189
1718
2306
2567
2502
2369
2568
962
870
1046
1077
1170
1100
1161
1030
1244
1699
1649
1823
2250
2675
1968
2205
2347
2416
1684
2537
2578
2464
2443
2401
2035
2186
1899
1842
1697
1760
1141
1391
1092
1100
980
1003
1078
1091
1150
1109
1189
1152
1201
1203
1144
779
1028
1236
947
1078
1092
877
984
1205
1220
967
1054
1110
1609
2429
2748
1738
2302
2606
3856
3745
2571
2645
2847
2637
2280
2621
1317
2874
1030
880
997
1051
972
985
1349
1265
1368
1261
1568
1581
982
1198
1026
1018
1077
972
1058
1153
1031
1118
1110
1388
938
2474
2178
2323
2516
2609
1575
1215
1353
2631
2576
2546
2427
2116
1820
2742
2557
2499
2683
2164
2410
2533
2501
2645
2176
2487
2495
2132
2402
2470
3899
2625
2211
2522
2501
2185
2461
1557
1247
2111
2000
1478
1424
1658
1337
1173
1107
1126
955
1121
1114
1124
959
1169
1067
1115
977
1099
1025
1131
979
1063
989
1001
1096
1128
1150
1107
998
1069
973
1020
1110
1665
1481
1006
1140
1167
1192
1175
1065
1102
1137
1110
1154
1096
1177
1082
1035
1128
998
965
1168
1096
1098
1180
1147
1304
1148
928
1282
1367
1686
1005
969
1654
1031
1019
1052
954
1014
915
1068
1130
1236
979
1275
846
957
919
1045
1209
1116
1170
953
1194
950
1032
1180
959
1280
838
1349
1639
2586
2245
1004
985
2775
1490
966
946
1642
1494
1783
1441
1074
1196
1054
1060
1506
1504
986
931
1165
1135
1039
979
1208
946
1028
1102
1173
1230
1043
1197
1022
963
1161
963
1075
1075
981
1134
1143
1164
1498
1618
1785
2411
2194
2335
2442
2513
2173
2584
2600
2373
2072
2162
2441
1959
2043
2029
1489
1589
1762
868
989
1251
1497
1850
