2021
2475
894
826
905
1246
1191
1484
1454
1390
1444
1086
1037
1001
1611
1600
1867
1912
1863
1727
1883
1807
2080
3626
4114
3915
4253
3913
3783
3256
2948
2262
2287
2001
1931
1921
1738
1573
906
1007
912
1095
1085
1072
1092
1049
996
986
1342
1674
990
1091
1103
996
1026
953
1036
920
945
1032
1042
1439
1581
1783
1798
1903
1951
1883
1929
1566
4363
4227
4032
4209
4047
4204
4390
4235
2125
1309
2063
4442
2039
2319
2365
2047
1518
963
1311
1584
1946
1868
1926
1863
1747
1205
1349
1430
1590
2043
2126
2411
2833
1524
2358
2317
2257
1958
1903
1837
1635
1305
1169
1157
1367
1044
1077
981
1059
949
907
1180
1018
1076
1050
1074
1065
1129
1100
1148
936
1128
1058
1163
1021
809
895
998
903
960
1051
1079
1031
970
1049
1113
937
1043
1622
810
1046
1090
992
1093
1068
1042
1111
1038
901
968
925
895
1042
798
870
1513
1640
1862
1662
1762
1727
1844
1794
1774
1873
1897
1722
1869
1912
1837
2026
1431
2526
2042
1062
1395
1057
1141
1049
1125
1314
1995
903
1057
1084
1090
1161
1025
1136
943
979
1367
1927
1252
1564
1491
2113
1787
4082
3525
1879
1757
1616
1065
1666
2294
1686
1648
1697
1387
1205
1367
1558
3107
2582
3164
2820
2649
1932
2077
1963
1882
1778
1833
1768
1861
1890
1855
1774
1746
1891
1798
1901
1999
1721
1736
1753
1346
1882
1845
1930
1745
1833
1871
1850
2015
1662
1954
1980
1979
1803
1726
1691
1689
1916
1813
1924
1852
1754
1805
1786
1808
1899
1860
1706
1835
1856
1945
1926
1877
1727
1699
1741
1928
1806
1869
1747
1822
1873
1782
1897
1848
1917
1829
1933
1855
1242
1333
1604
1005
1029
1039
1155
898
1193
1169
1054
1161
1041
1376
2309
1517
1698
2371
2100
1864
1796
1778
2483
2380
2247
2479
1554
1595
1167
936
829
904
1246
780
923
973
931
1087
1267
900
903
850
932
1039
1008
1053
990
1060
1031
1064
1268
1048
858
1066
1016
1292
1037
1099
1030
1009
1118
1067
1329
1039
1150
925
911
1389
2377
1124
1034
904
1035
1087
1076
955
974
920
1365
1597
2142
1882
1895
2011
1771
1808
1800
1793
1789
1791
1804
1786
1708
1824
1843
1632
1802
1812
1734
1858
1709
1811
1033
968
1077
1116
1079
1052
1187
1103
908
978
937
1110
1061
1189
694
842
978
1009
1259
702
866
1162
908
962
1092
1018
1081
1079
703
1100
1061
945
1046
986
1111
1102
1122
1065
1060
1204
1057
1829
935
1018
1027
955
1051
945
1056
911
1021
1033
1037
1047
1178
1113
1032
1052
1066
1014
1046
1041
1065
1093
1093
1099
901
1255
1065
1281
1485
1236
1123
1441
1665
2214
2297
1385
1050
946
1625
2116
1576
1519
1529
1711
2616
1191
734
2214
1368
1617
1456
1082
894
1533
1688
1473
2601
1701
1696
1129
1599
1588
1094
1046
1026
912
1095
1014
1083
1176
712
1067
1058
1125
1586
1347
1002
1201
1079
1026
978
935
995
1087
987
1051
1049
1072
1398
948
1666
1651
1770
1782
1611
1604
1437
1099
2394
2331
1031
1119
1093
1111
1287
849
1109
1285
768
2126
2026
1127
1081
988
977
1083
996
1099
1087
1122
1545
1493
1353
1413
1906
1059
946
943
992
1037
905
1174
1360
1479
1495
989
1364
1630
1489
931
1223
1077
1364
1718
1995
927
1053
1807
1507
890
997
1069
951
1811
1787
1944
1888
1723
1500
1841
1077
1594
1435
1171
1413
1670
2964
2468
1679
928
1090
4329
2894
1693
1486
838
1588
1911
3744
2006
1823
1663
3279
3713
4228
1966
1845
2457
2216
2561
2648
2794
1055
1827
2760
2508
2168
1304
2377
2232
2460
4051
4245
1706
1619
1686
1812
1798
1713
1677
1643
1636
2237
1296
2644
2169
1807
2502
2336
3460
2379
2406
2297
1812
2271
2119
1630
1648
1885
1478
1219
1906
2533
1913
1838
1608
1788
1862
1881
1779
1860
1841
1736
1814
1789
1818
1809
1850
1821
1738
1682
1629
1789
1513
1634
1483
905
832
1260
1158
1030
2174
1326
1868
1766
1071
927
2356
2360
2178
2343
2726
1678
991
1035
1111
1071
1079
909
1049
938
1033
1090
3695
4135
4599
3654
2010
2147
2441
2174
2258
2094
1491
1893
1552
1605
1612
1300
1050
1078
1017
1020
1450
1853
1849
1804
1814
1771
1769
1813
1912
1819
1719
1500
1649
1824
1672
1873
1982
2318
2444
994
946
916
1019
1113
1079
993
931
1262
3737
3695
3898
4190
3845
3577
2978
2819
2323
2337
1875
1722
1852
1709
1803
1811
1836
1935
1826
1800
1654
1696
1896
1989
1806
1438
1409
2250
1097
1355
2897
1427
908
1042
1017
942
951
1059
1752
2236
1918
1490
2353
2341
2040
1850
1163
2174
2241
2217
1982
1565
1746
1590
1489
1309
1442
1421
1441
1125
1092
1136
1154
1114
994
1224
1107
981
1031
1040
946
1042
1063
1041
924
1494
1640
1178
3688
1369
2219
2196
2104
2426
4110
3552
2722
2443
2817
4170
4098
3650
2956
2674
2098
2189
1805
1834
1903
1252
1052
1055
977
950
986
1059
946
981
1046
1160
1095
1239
4046
4259
4042
4085
3562
2845
2870
2313
2357
1892
1874
1465
1298
956
1010
1073
898
1104
962
1505
1431
1668
1095
1191
1262
931
1540
1174
937
1283
792
1060
1010
959
895
1096
1062
2915
991
899
938
2388
2474
2523
2332
2488
1036
2018
1864
1964
1850
1916
1070
766
999
1124
1905
1437
1089
945
1015
1039
914
902
1013
1045
922
1012
1590
1660
1035
1105
910
944
1036
921
1113
1111
1043
1011
1108
1651
1898
1365
1155
1265
1333
1019
1037
1126
1027
905
1090
2038
2773
2296
1934
1908
1854
1973
1585
1401
1640
1292
1127
1205
1179
1214
1022
1050
1075
1049
927
931
1062
1097
977
