589
657
581
912
648
548
789
753
910
1150
731
866
1157
1336
1391
1494
1673
1676
1667
1736
1721
1573
1540
1571
1398
643
653
531
808
1044
1433
1595
1731
1582
1334
1522
681
736
668
660
709
795
841
735
780
856
1131
937
1258
1516
1316
1244
840
1445
703
858
2155
682
1215
785
741
720
729
1058
1619
756
724
694
779
723
726
783
989
1117
1306
2659
2338
2652
2596
1034
1673
1578
1892
1631
942
734
835
863
935
913
928
946
1012
821
1204
933
934
1129
695
663
721
687
1011
1328
509
704
763
754
669
779
882
748
704
733
1270
1025
1066
1265
811
617
755
674
781
734
747
734
952
1109
1260
1064
672
744
678
646
765
1095
661
759
1271
1548
738
911
680
496
633
648
669
759
668
643
754
756
808
781
647
662
695
793
738
738
771
767
632
622
683
651
758
682
716
650
784
669
749
737
646
792
775
791
666
735
1169
568
512
970
1662
1547
1116
1436
1734
1469
1186
1137
1012
1644
1694
1668
1682
551
1438
1485
1263
1491
1329
1683
2079
3217
1598
1678
3173
1609
1582
1626
1478
1799
1637
1637
1636
1833
2407
1027
1407
970
574
852
813
1127
1242
861
1134
1115
875
1239
816
1026
1278
1056
1013
590
806
747
1061
856
759
804
713
1024
1185
1057
636
785
743
867
734
749
683
1154
1394
1640
888
935
1471
912
590
600
756
806
1207
1087
568
568
918
1236
3067
2993
2898
2557
1059
609
846
1727
766
495
1809
1431
1742
1454
1423
1465
1318
885
1078
1008
1131
946
1049
848
901
796
847
790
863
807
716
730
766
792
674
758
740
747
776
688
769
993
816
657
744
751
1046
1053
1425
864
696
558
627
671
710
613
647
587
707
765
647
680
756
690
688
740
783
833
589
639
815
796
659
642
946
979
1040
1051
1108
1189
1150
818
719
651
672
923
1122
1030
1127
1070
1093
1141
642
792
835
1567
957
1240
618
570
544
675
738
825
1030
745
742
826
630
590
699
810
700
639
698
737
639
675
658
750
759
716
685
838
650
971
802
624
655
662
675
676
1146
1005
994
1148
981
909
828
708
670
739
572
844
618
700
720
653
739
661
775
664
738
730
1182
1019
1253
778
715
737
646
1187
855
660
612
809
1199
1326
1576
1109
1056
996
1250
1114
791
763
1292
1503
1095
989
1102
738
614
570
818
793
904
906
1206
1110
652
1375
1030
611
649
679
745
949
907
965
864
873
851
871
934
878
835
784
824
899
830
789
832
719
668
747
633
777
709
684
770
675
781
744
757
672
661
648
944
891
1104
798
1665
1097
635
745
718
1041
1272
1561
1629
1257
2667
1984
2719
760
1302
1577
1576
2332
2143
1810
1442
1495
1448
1754
1652
1754
1727
1572
1451
1567
1360
1364
1564
1606
1604
1585
1588
936
1318
1333
1366
1308
1016
1028
975
1012
1037
925
763
767
680
768
781
673
792
666
789
755
663
726
733
786
770
544
630
704
673
763
1375
1524
1485
1684
1836
1024
1735
1644
1325
1586
1678
1572
1669
1622
1327
1745
2531
1956
1274
1253
1647
1469
1379
1212
1346
1565
1541
1393
1648
991
1259
703
793
1160
753
1103
901
943
1639
2244
1637
1122
888
1249
1165
1039
912
989
1041
704
1100
756
1107
754
1073
782
506
705
727
894
780
757
575
731
706
642
765
725
675
751
739
809
674
742
735
860
1359
1049
864
638
621
639
741
1318
777
1268
761
1109
863
1068
794
1255
747
721
907
672
704
741
662
759
655
769
726
755
748
792
666
751
661
661
700
781
749
849
928
800
672
561
720
750
731
683
669
742
777
795
613
669
754
764
787
636
832
675
887
752
651
691
671
647
638
704
774
786
732
769
705
753
732
653
781
789
1032
1109
670
794
887
976
1158
1272
1214
1304
1302
1284
1012
863
1609
1074
1507
683
782
763
754
613
752
779
710
749
632
734
928
1311
1240
1302
1161
1241
1269
1245
1250
1216
1139
1128
1258
1394
1221
995
934
770
759
647
647
696
693
723
792
780
795
715
850
885
773
731
790
735
631
743
735
701
667
778
761
660
717
712
702
717
727
766
723
1015
1339
834
1237
874
1148
1191
956
1251
1408
1372
1364
1442
1306
1309
1343
1380
1342
1342
1319
1343
1638
1539
2140
1293
2236
1761
1519
1164
790
649
692
826
1188
813
1213
1229
1258
1314
1182
1223
865
1123
787
1243
1165
1173
1199
1206
1166
1240
1204
1205
1355
2592
2677
1746
2162
1033
1043
686
865
859
644
624
730
1423
1059
984
777
783
679
755
827
629
830
698
686
794
772
865
1231
1219
1326
1214
1195
1234
1219
1133
1218
1296
934
725
698
590
648
764
758
774
769
765
757
718
849
842
716
837
769
671
893
586
599
620
739
672
794
828
674
766
648
737
667
656
695
666
654
689
721
739
884
562
940
1089
1229
1123
1176
1223
1157
1234
1231
1275
1229
1286
1307
1407
1352
1352
1307
1273
1324
1334
1321
1095
1201
770
1155
667
693
781
729
733
716
758
763
665
668
723
748
736
770
690
747
473
680
761
803
604
732
729
732
667
676
729
627
710
797
617
585
742
731
743
1623
1163
854
725
739
754
691
714
