311
306
337
346
343
325
291
273
277
339
322
274
318
271
261
278
248
279
274
271
294
319
369
322
281
301
297
292
276
280
260
312
291
280
274
295
298
303
300
280
270
301
322
291
283
314
297
277
317
314
287
273
295
271
305
262
286
265
306
290
268
281
288
284
262
300
326
370
310
260
278
306
282
305
303
271
282
302
262
267
263
294
316
260
266
300
317
325
290
260
311
279
317
288
281
295
299
319
307
299
265
292
304
291
312
268
306
293
285
317
333
311
302
399
316
283
320
280
305
301
282
265
271
297
294
298
309
299
291
294
314
283
290
287
266
287
313
275
307
273
274
274
283
306
303
316
296
309
312
304
291
278
313
311
310
283
273
268
332
316
322
312
327
327
278
339
352
325
329
332
317
356
380
333
294
387
318
363
343
418
362
311
395
398
398
380
291
313
285
274
304
268
243
244
274
278
265
258
251
268
332
303
292
282
275
286
272
268
296
268
244
241
279
246
261
255
282
280
268
331
325
315
354
318
321
303
268
285
313
291
294
249
291
288
271
292
286
252
282
263
270
251
296
300
267
254
276
286
280
286
284
260
279
302
277
282
275
264
298
300
290
296
257
280
266
274
348
335
351
310
288
314
263
296
318
298
297
303
310
310
321
303
318
310
287
311
265
280
299
324
309
289
266
291
294
275
316
310
267
289
320
294
266
288
299
271
303
285
306
259
308
319
275
306
313
313
296
296
320
315
297
295
296
269
280
319
280
297
266
258
305
292
309
273
301
284
265
293
263
299
300
294
286
314
272
303
297
278
259
305
301
279
271
304
322
314
270
264
350
293
294
290
299
310
301
271
306
274
296
282
305
301
313
315
271
315
322
287
285
299
306
307
272
294
324
283
297
302
302
288
295
305
300
299
295
301
291
272
327
312
307
298
308
266
316
318
266
256
266
265
305
318
294
274
279
303
292
282
257
291
317
289
277
296
270
295
275
301
277
297
320
262
291
290
300
291
293
285
315
300
296
291
282
316
271
314
292
310
294
296
275
295
317
308
297
274
260
307
359
316
319
285
335
298
290
278
277
327
302
298
302
312
282
302
295
312
268
306
320
273
298
297
274
297
300
272
279
308
300
303
275
260
269
301
271
306
293
291
292
272
307
287
276
364
311
291
333
296
316
273
319
260
299
265
298
318
336
261
271
266
266
295
308
277
314
303
264
313
326
281
273
310
272
273
297
288
332
286
321
319
310
276
331
303
301
318
288
352
599
318
314
331
285
294
323
297
301
324
331
300
305
303
300
310
325
302
319
272
275
279
324
276
278
321
294
297
273
294
297
298
300
305
309
272
266
291
323
318
306
299
272
679
762
296
289
258
254
312
281
283
265
260
264
249
243
274
248
248
236
263
279
268
265
277
249
293
253
263
282
291
281
260
286
279
269
277
286
246
304
282
256
268
295
279
247
276
254
623
320
293
282
315
261
288
290
266
267
266
271
243
265
290
256
276
316
247
255
270
297
262
294
292
285
273
284
283
286
259
304
284
285
295
284
303
281
263
276
295
291
266
275
293
260
312
290
269
297
295
304
296
280
300
276
306
278
307
299
273
264
295
298
294
303
311
283
304
281
283
267
269
311
276
285
264
328
353
300
300
302
300
295
301
280
311
287
293
319
296
329
284
349
317
300
312
264
276
286
284
326
308
286
294
264
311
304
329
326
315
289
314
290
281
273
280
296
316
326
303
293
289
318
274
281
303
275
305
335
273
304
268
285
328
309
300
334
326
286
345
288
343
283
313
345
331
375
336
370
411
411
527
463
406
385
292
369
389
386
453
386
286
272
280
337
311
324
314
339
312
298
330
305
305
319
275
274
269
273
298
276
268
267
253
245
253
262
266
266
267
272
250
276
265
296
269
421
513
337
496
639
639
545
341
381
286
269
235
284
240
272
271
259
302
260
277
250
286
309
245
267
294
281
259
282
291
288
264
292
280
296
291
283
290
299
265
273
276
280
301
307
300
257
307
288
343
372
366
335
303
278
319
285
307
274
302
296
281
269
297
311
273
294
279
319
287
313
290
304
317
300
322
315
314
266
305
267
325
315
301
279
338
300
280
305
328
309
315
325
327
321
383
324
388
315
311
280
323
308
284
310
296
291
301
293
300
293
269
297
301
299
317
330
300
299
268
312
307
306
313
320
292
275
265
290
293
286
323
310
304
277
286
287
274
322
276
338
283
303
283
330
326
273
275
325
300
265
306
314
309
303
272
309
282
324
275
291
330
305
302
302
273
