692
1521
822
1051
1108
1001
1376
1126
952
1029
681
732
883
893
936
885
934
740
889
719
824
893
1442
1389
1097
1213
761
743
729
1059
1116
829
698
755
755
869
660
864
851
926
870
709
789
825
816
816
739
1151
2531
2965
2627
2609
1157
2082
1156
796
682
677
1015
1092
1139
1048
1194
1048
1116
1053
875
857
789
1280
1172
1120
551
747
841
778
843
826
855
782
859
915
795
718
876
906
628
1006
636
862
819
596
895
894
745
908
860
862
844
768
876
769
870
815
817
936
799
567
755
892
754
829
811
843
833
854
899
734
737
884
857
865
727
1031
675
749
804
896
758
907
787
872
893
753
913
929
780
812
731
844
951
667
726
898
823
849
830
877
818
836
840
729
777
776
797
833
832
1182
635
878
852
800
811
759
870
811
833
847
870
747
901
885
750
757
848
1239
612
806
914
880
757
912
721
756
724
817
902
844
863
850
955
1208
708
668
1328
820
719
1297
995
792
603
1498
797
821
997
1853
1042
1103
1115
1144
1099
1108
1111
1020
1101
1068
1124
1158
1211
1217
1218
968
1067
1033
776
668
674
895
1295
2749
1116
729
726
847
879
1027
955
1301
955
795
939
977
837
1074
1241
1067
1025
845
891
991
848
905
771
607
676
814
712
798
852
804
819
762
659
623
792
826
852
900
674
836
1019
1265
694
806
966
1042
1146
1019
1078
741
612
688
793
828
886
737
805
740
768
840
858
811
880
826
830
752
821
730
746
865
801
836
828
734
813
781
949
599
645
1970
1817
2085
2019
2086
1965
1418
1367
1707
1591
1595
1385
1356
1244
1253
944
968
1060
945
1102
891
866
910
835
783
726
801
838
862
865
772
872
915
662
818
875
911
805
712
832
834
780
868
814
794
855
869
719
775
818
822
683
714
690
727
763
796
1026
680
885
796
827
799
844
1241
1611
1163
747
658
787
759
744
829
874
846
838
813
794
856
711
787
723
898
1005
711
1282
2028
1654
831
653
1227
1304
2037
2036
944
661
1204
1398
1479
1357
1142
1180
1178
1071
1196
1143
1202
1368
792
805
982
905
962
1157
912
1188
685
602
1048
1073
960
1112
543
657
755
945
871
943
798
825
1038
734
715
916
750
855
847
881
758
748
870
784
889
992
856
717
725
747
731
791
770
633
889
1513
1881
1596
1523
1483
1445
1235
669
649
1016
950
1060
1083
1021
936
911
856
878
803
817
786
761
763
840
736
787
781
840
724
758
902
937
819
752
843
844
827
814
777
868
879
889
784
651
600
786
757
716
911
748
829
891
906
910
858
815
860
883
830
833
651
831
613
886
796
742
1206
664
640
886
2097
2074
2040
810
640
1090
1463
1913
1977
1834
1908
2213
623
839
1054
757
712
1071
1020
973
1053
1198
1116
886
828
876
852
640
835
836
850
675
683
847
826
633
882
877
868
878
896
934
893
876
706
602
755
797
830
747
718
650
860
747
819
881
865
781
744
750
837
988
1117
1882
1687
1297
1987
1668
1749
2005
1199
1103
1839
1691
1571
1448
2056
1787
1678
2776
2301
785
1122
1074
819
842
640
652
724
732
655
648
861
1079
903
1016
1257
2175
1616
670
542
796
1020
1040
1083
1091
1037
1104
1006
1030
1058
796
877
1337
3331
1963
1764
1678
1815
1965
1432
736
624
1553
2023
1781
781
1421
1242
1547
1847
1296
1715
1914
1947
1784
1847
1832
1662
1832
1482
671
623
1647
1958
1720
1750
1808
1779
2086
773
1988
1690
2084
1942
1708
1809
1377
1447
1129
1227
1010
1124
1160
911
895
881
760
772
760
865
808
783
653
793
828
811
575
743
919
798
788
875
859
854
876
844
863
848
828
753
677
821
876
852
716
751
721
832
787
915
833
805
855
805
807
921
801
707
839
881
897
839
718
775
864
898
849
884
848
893
895
825
910
711
548
621
685
773
711
702
781
824
754
836
825
822
847
830
788
738
760
1513
798
842
614
820
893
1145
742
673
762
657
719
758
772
841
1036
727
1019
1058
681
857
1373
2757
1936
1210
816
633
748
620
691
885
729
699
893
848
847
890
1064
1223
1131
1176
873
695
691
898
793
841
864
798
790
798
714
837
933
822
599
1377
1527
1787
1657
1534
1726
1527
1324
600
1121
706
1034
1058
984
749
770
859
861
819
747
837
742
1032
1248
1008
845
757
775
946
919
763
879
858
795
905
853
927
860
831
866
864
856
877
1036
620
772
854
758
879
938
859
824
840
919
931
868
762
718
878
812
1283
913
658
847
857
817
864
881
728
868
723
905
861
756
879
783
750
1670
863
1486
624
1888
787
1505
1778
2102
1880
1299
1927
1549
1753
1643
1638
1993
2091
1171
1483
1598
1604
1407
1275
1101
1270
1093
955
860
1050
759
829
775
861
835
906
759
838
656
870
757
927
842
861
763
884
773
703
886
873
803
843
657
885
1165
864
1439
2165
1311
656
1534
1282
1111
1142
1110
955
1129
640
1061
1239
1395
978
897
851
759
781
1338
943
1153
1093
919
653
809
863
749
858
768
823
880
847
871
803
742
