2542
2607
2458
2110
1713
2007
2128
1504
1519
1412
1274
1228
1245
1093
1187
1048
1134
1588
1656
1182
1043
1123
925
1119
1134
973
1110
957
956
1055
869
947
961
1055
1030
943
1118
1046
1189
1013
949
1014
961
1136
822
1069
1076
959
1121
1088
1173
1062
935
1054
1022
925
986
935
1001
1102
1141
1069
1103
1032
1096
1180
1092
1127
965
1113
2444
2470
2476
2198
2508
2396
2403
2354
2426
2394
2513
2517
2154
2291
2447
2476
2322
2256
3235
807
2542
2198
913
1166
1080
1352
929
1635
1736
2283
4263
1363
1544
1454
1027
1128
1135
862
1207
902
929
972
993
1214
1068
944
1078
976
1143
964
1100
962
1180
1151
1088
1083
1086
1211
1006
978
785
1154
1176
943
853
1260
1778
1886
1123
1315
1292
1125
761
1095
992
864
1093
1039
1062
1089
1084
960
963
899
912
910
1708
2262
2648
2691
2262
1428
2448
2526
2463
2105
2371
2531
2377
2436
2181
2256
2779
2268
2391
2578
2299
2479
2310
2668
2477
2166
2491
2404
2452
3853
3619
2523
2558
2209
2577
2199
2177
2056
1860
1991
1458
1135
1521
1414
1302
1258
1202
961
1120
1190
947
1073
1174
782
904
1050
949
1503
1364
1218
1084
1285
1453
1581
1123
1044
1201
1190
2230
2407
1488
1235
912
2089
2124
1847
1687
1556
1521
2391
3529
2175
2533
2558
2704
2534
2442
2453
2533
2262
1694
968
1201
1969
1776
2057
1393
1533
1507
1480
2555
2073
2498
2527
2348
2549
1870
2205
2456
2639
2121
2473
1661
1872
2179
1988
1517
1639
1654
1135
1184
881
864
1022
1044
1055
1067
1129
1057
1039
1070
1061
1065
1497
1906
2080
1243
1104
1039
1006
1042
1550
1607
1820
2208
2484
2467
2331
2501
2448
2120
2168
2413
2316
2451
2287
1595
753
1851
1798
1681
1564
1498
1455
1330
1361
977
1218
2267
1104
1080
2013
2270
2954
1100
1021
2420
1378
2636
1481
877
1420
2399
2491
2644
2589
2223
2236
2240
2418
2390
2412
2628
2354
1908
1915
2243
1771
1495
1603
2432
2377
2252
2050
2511
2071
1866
1437
2579
2523
2399
2121
2698
956
1557
2234
1943
1557
1323
1432
1396
999
1034
935
1167
1034
985
1115
1014
1068
1087
1067
1081
1020
1081
1712
1334
1058
1086
1061
1099
1026
1259
1942
2318
1901
2583
2073
2402
2167
2192
1975
2343
1843
1491
1751
1490
1253
1359
1362
1369
2525
2351
2292
2163
2286
2761
4515
2513
2370
2006
2193
1118
1571
2186
1055
972
997
1425
983
821
1010
1445
2658
1779
2182
1828
1710
1280
945
2264
2557
2330
2288
2615
1423
3099
2574
2484
2631
2159
1706
841
900
1844
2353
2577
2347
2247
2422
2101
2702
2511
2617
2454
2460
2669
2306
2554
2395
2697
1391
2105
2302
1762
1542
1826
1426
1355
1113
1048
1037
1154
1125
1010
1129
1109
1146
1043
1011
1117
1272
1383
1438
918
1608
2648
2149
2431
1904
2150
2588
2706
2222
2514
2365
2477
2518
2386
2487
2197
1828
2197
2116
2237
2250
2521
2567
2467
2408
2684
2445
2354
1844
2591
2332
3512
1764
1076
1197
1180
1955
2606
2314
2533
2377
2725
2305
2465
2239
2337
1723
1452
894
1199
1135
1190
1161
1022
1165
992
1069
1005
1079
1912
1499
1491
2321
2491
2550
2640
1628
838
1754
2350
2551
2501
2286
2567
885
1973
1922
1704
1534
1561
1439
1334
1129
1211
2468
2547
2438
2136
2181
2663
2290
2495
2352
2456
2362
2452
2556
2356
1869
1831
1714
1404
1392
1251
1083
924
1082
1059
967
999
988
993
1060
1076
1065
1150
1312
906
1013
959
1072
1178
1017
934
1051
1091
1098
942
1111
1096
1847
1167
2342
2571
2445
2460
2179
1060
3737
1006
2015
2216
3428
1817
1719
2217
2669
2771
2558
2394
2119
1795
2412
1368
1308
1414
1318
1538
1169
1114
1117
1175
1122
1010
956
1578
946
1151
1130
1096
1081
1003
992
975
1120
1017
1017
1114
2341
2869
1114
1118
1056
950
1118
989
947
1082
986
1313
1172
1421
1302
1128
1180
1259
1395
1196
1273
1300
1307
1164
1218
1238
1347
1376
1345
1212
1104
1075
1184
938
1191
775
812
969
896
922
1157
987
1091
1087
1087
1135
1103
1369
1244
1844
2077
1817
1833
2613
2650
1738
1610
1934
1871
1559
1291
1417
1344
1344
1546
1305
1382
1503
1265
1211
1125
1043
793
1024
950
1087
1025
820
928
952
970
870
1047
972
910
1111
966
1130
1090
1051
1147
1005
970
1071
1340
793
1271
1071
973
967
1005
1250
1286
1206
1633
1203
1297
2270
1813
1820
1047
1142
964
906
1198
1227
1244
824
902
816
950
1504
1081
1046
1286
1185
877
943
937
1181
1076
1086
903
967
1463
1569
1420
1164
1346
1242
1336
1336
1662
1002
925
931
856
1183
1182
1097
1038
982
859
992
1111
921
944
1044
1095
1230
863
1051
1020
1088
1069
971
1139
964
925
827
838
1102
1033
1063
1613
961
913
915
955
972
1079
1092
1107
1129
1091
1073
1123
1169
819
895
946
1076
1018
1155
1018
937
1109
1116
1074
1109
1123
1584
1509
933
1000
1060
1003
1172
1095
1019
1180
1200
1186
1290
993
1071
1081
976
1075
1032
1017
1092
1001
1057
1090
1139
1082
1022
890
1125
1085
994
1116
1109
1054
1103
974
1078
1136
1147
1146
1078
993
1094
964
1090
850
994
1059
1044
1155
938
1106
1116
1002
1126
1094
1586
1564
1455
1401
805
1059
1050
1126
1173
1009
1029
1383
1192
1055
1033
1150
1102
1178
1113
1235
961
1287
1308
2837
2535
1133
955
1371
1447
1163
1109
2289
2252
2442
2404
1787
2256
2472
1893
1680
1975
1521
1230
832
1382
1614
2250
2189
1986
2565
4168
3176
2491
2536
2444
1822
1175
1504
1474
1632
1484
1413
1236
1125
