2321
2475
2168
2121
2126
1972
2364
2556
2421
2755
2384
2984
2706
2413
2377
2052
1634
2031
1073
1146
1171
1263
1118
1377
1318
1078
1197
1273
1117
1110
1138
1180
1157
1175
1264
1171
1095
1074
1180
1206
1179
1265
1553
1534
1243
1420
1522
1171
1308
2431
2771
1361
1207
1210
1169
1451
2299
1387
1733
2907
2839
2794
2620
3811
2381
2413
2381
2049
1597
1167
930
1291
4640
2539
2855
3266
2562
2615
2496
2289
2033
2359
1868
1812
1529
1763
1993
2013
2912
3570
3964
2772
2855
2413
2482
2838
2740
2788
2818
2149
2653
2250
2632
2515
2388
2067
2156
1726
1826
1666
1486
1138
1199
1111
1090
1150
1293
1215
1272
1310
1254
1241
1263
1677
1944
2750
2630
2536
2414
2945
4074
3935
4484
3167
3248
3832
3552
3117
3727
3204
1347
2685
1552
1566
2590
2421
3075
2373
1974
2195
2006
1674
1668
1575
1577
1006
1169
1262
1181
1301
1190
1183
1045
1212
1263
1128
2460
2405
1411
1252
2086
2402
2708
2187
2156
2165
2606
2759
2763
2271
2246
1912
1458
1770
1710
1159
1200
1291
1164
1077
1222
1062
1283
1142
1197
1343
1208
1055
1060
1212
1980
2665
2270
2770
2848
2547
1656
2418
2735
2289
2867
2362
2126
2797
2415
2339
2113
1752
1911
1644
1411
1400
1383
1182
1213
1184
1182
1059
1047
1180
1187
3375
3057
3224
2854
2849
2719
3755
2710
3098
1445
1294
1099
1200
1277
1284
1297
2243
1733
3631
5178
1379
2294
2365
2309
2658
3830
4367
2517
2819
3116
2952
2756
2136
2353
1855
1628
1839
1682
1463
1350
1280
1329
1391
1587
1209
1751
1451
1408
1106
995
899
1117
1275
1117
1216
1086
1189
1053
1022
1084
1063
1200
1233
1215
1210
1294
1112
1126
1272
1095
1067
1023
1294
1123
1237
1051
1197
1327
1177
1199
1402
1911
2461
3313
4961
3063
3020
2675
2347
2664
2819
2520
5623
2910
2417
2408
3203
3200
3688
3950
3732
2523
2948
2655
2752
2826
2707
3051
2854
3038
2918
2832
3012
2949
2733
2512
2724
2788
2882
2798
2732
2418
2357
2706
2742
1327
2362
2221
2134
1781
1975
1686
1365
1073
1086
1107
1171
1127
1177
1200
1126
1208
1324
1884
1112
1105
1040
1266
1675
2101
2463
2242
2693
2344
2357
2555
2696
2672
2715
2533
2492
2378
1871
2114
1883
1542
1164
1300
1134
1359
1276
1215
1147
1292
2215
2617
2642
2406
2501
2938
2561
2749
2580
2638
2572
3354
3736
3526
3147
3158
2803
3456
1599
1235
2139
2353
1725
1670
1512
1725
1565
2909
2750
2765
2416
3337
4971
2779
2603
2797
3134
2358
2470
3180
3510
2886
1062
1015
1294
1311
1195
1084
1070
2144
1268
1028
1099
1040
1174
1281
1094
1204
1247
1114
1135
1028
1193
1237
1342
892
1181
1139
1148
1206
1248
1114
1185
1113
1065
1193
1181
1578
1438
1429
1138
1084
1049
1057
1068
1103
1139
1299
2029
2637
2638
2625
2654
2431
2502
2533
2668
2329
2551
2648
2540
2556
2412
2232
1916
1871
2219
1653
1254
1497
1499
1303
1259
1125
1056
1160
1377
1424
1736
1169
1242
2854
1393
1854
1814
2131
1331
1142
1111
1069
1201
1228
1623
1047
1177
2382
2105
1828
1687
1625
1350
1375
1201
1229
1184
1047
1278
1249
1187
1086
1123
1211
1337
1597
3748
1524
1255
1077
1410
1562
1542
1846
2343
2378
2741
2737
2694
2046
2643
2763
2691
2539
3033
4890
2904
2718
2755
2756
2795
2795
2233
2493
2697
2907
2724
2837
2302
2482
2148
1694
1458
1706
1380
1287
1245
1333
1212
1203
1215
1105
1134
1188
1191
1230
1271
1091
1181
1060
1186
1291
1179
1233
1125
1052
1168
1143
1160
1090
1170
1169
1121
1093
1108
988
1190
1246
1107
1043
1047
1113
1169
1089
1218
1191
1306
995
1657
1128
1498
1555
2392
3028
1863
1402
925
1288
1245
1102
1118
1251
1295
1392
920
1022
1312
1192
1188
1232
1225
1243
1025
1336
1192
1200
934
1222
2157
2884
2910
2303
2530
2632
2848
2649
2633
2620
2158
2403
3399
2351
2027
2102
1595
1527
1414
1477
1330
1044
1219
1267
1201
1199
1289
1088
1284
1084
1246
1293
1227
1249
1186
1117
1255
1247
2374
2576
2662
2529
2653
2094
954
2579
2704
2394
2858
2502
3057
2468
2489
2464
2385
2514
2000
2188
2656
2989
2749
2380
901
2338
2475
2814
2873
2357
992
1993
1380
1589
1599
1472
1252
1057
1267
1193
1184
1311
1633
2352
4111
1836
2513
1156
1068
1135
1164
1318
1816
2118
1401
1427
1563
1435
1315
1313
1234
1307
1268
1398
1634
1598
864
1093
991
1119
1147
965
1041
1021
988
1063
1101
1081
1076
1189
1180
1085
1209
1043
1151
1182
1212
985
1205
1237
1079
1172
925
1189
1210
1258
1197
1093
1068
1090
1185
1064
1128
1061
1221
1058
1117
1203
1313
1191
1232
1071
1215
1146
1256
1048
1039
1199
1213
1080
1256
1069
1280
1254
1199
1175
1149
1206
1155
1228
1168
1110
1172
1200
1227
1303
1278
1306
1836
2612
1936
1209
1074
1194
1270
1202
1107
1165
1679
1524
1208
1094
1200
1279
1046
1086
1237
1258
1197
1037
1096
1086
1033
1194
1151
1253
1089
1226
1177
1244
1284
1304
901
1130
1186
1105
1029
1220
1227
1171
1205
1032
1077
1109
1167
1260
1286
1254
1225
1180
2256
2109
2576
1583
2906
3930
3938
3468
2538
2980
2424
2225
2510
3009
2595
2835
2735
1380
2264
2549
2971
2375
2664
2341
2764
2648
2759
2661
2973
2500
2499
2592
1940
1711
1784
2752
2504
2605
2469
2525
2656
2785
2501
2499
2465
2342
2583
2766
2511
2856
2435
2599
1162
1210
1320
1368
1436
1239
1023
1136
1251
1265
1184
913
1164
1206
1251
1036
1146
902
1207
1184
1050
1214
1310
1797
2259
2782
2665
2799
3094
1568
2547
2542
2828
2607
2303
3035
3071
3296
2791
2812
4253
3446
3298
4128
4195
3027
2817
973
2032
