664
954
535
657
965
1025
1072
1067
1018
844
923
1051
827
935
816
830
944
1277
1048
769
1368
1564
1378
1575
1648
1372
1546
1498
728
597
1118
1173
1212
1224
1126
974
977
996
952
939
703
811
799
701
672
616
722
676
678
636
660
746
650
682
675
721
722
589
612
712
682
624
576
589
733
793
650
617
593
645
612
589
659
607
713
664
578
597
677
651
614
657
681
680
657
712
1175
1575
1522
1634
1250
1384
1635
1474
1613
1404
1584
1570
1494
1330
1556
1616
1492
1405
1399
1486
1433
1543
1584
1367
1522
1606
1502
1243
1282
1201
1044
940
952
925
975
923
892
733
653
641
689
647
632
681
715
674
655
734
587
677
644
572
586
698
628
713
614
620
598
603
666
666
690
757
523
626
978
944
585
648
648
584
646
647
691
721
616
725
653
744
575
621
632
640
641
679
667
2124
1327
1446
837
682
603
658
687
585
699
697
610
694
663
627
606
634
524
1354
1421
1306
1385
1392
1318
1465
1422
1268
1959
922
980
971
855
1032
899
617
630
745
744
919
638
730
744
658
647
593
613
681
667
701
663
685
626
726
1204
1045
865
1088
588
1588
1522
1381
1430
1572
1598
1385
1605
1005
599
507
925
755
995
1512
1507
1419
1536
1540
1520
1768
717
1800
1661
1462
1521
1316
1529
1520
1547
1173
1515
580
1079
1064
915
705
652
950
1088
1037
571
797
772
1313
494
721
1200
1381
1579
1557
1446
1406
1547
1591
1485
1449
1427
1359
1552
1662
1371
1523
1421
1424
1702
1875
1977
2665
2181
2037
1380
1008
1074
1181
1278
1591
1333
1344
1344
1539
890
487
1465
1770
2137
1161
1516
2601
2753
2427
2138
1667
1503
1739
1499
1674
2309
1959
2140
706
1090
1131
1133
1112
1073
895
841
2020
2156
3302
2140
596
608
783
945
1021
1036
1721
2141
1105
877
1055
1081
871
1276
1042
930
554
910
758
592
626
576
637
603
677
853
969
1228
1194
1316
1446
1166
881
1073
1175
1196
1208
1210
1189
1239
1128
1092
1112
707
754
497
707
554
647
587
650
693
581
675
602
703
645
667
722
612
646
682
711
842
813
693
579
628
533
603
608
615
641
623
562
551
733
625
652
537
608
699
525
615
575
515
745
704
2761
2529
2744
2686
2682
2611
1323
1526
1628
1413
2492
2924
2270
750
623
1078
1096
1017
885
946
821
751
871
791
796
710
850
1328
1337
1203
1276
1160
1149
1134
1059
1034
1028
1013
1027
1106
1116
1247
1164
1203
1070
1167
1100
1080
1099
994
953
760
1155
1075
616
627
689
674
588
577
690
626
685
670
707
679
692
704
727
636
685
922
1278
1184
707
685
629
672
629
673
652
609
709
662
720
612
681
648
681
652
647
610
730
488
609
641
662
640
609
659
655
630
708
583
674
671
707
654
662
667
650
580
655
744
626
543
620
589
804
726
1058
823
988
635
856
1009
871
709
633
540
480
575
574
694
654
663
623
606
696
665
633
672
662
1053
925
925
937
1121
1084
1084
1090
1148
1184
1073
1006
1069
1062
907
990
1032
1093
1134
757
532
500
582
676
658
634
636
648
691
649
627
584
620
583
821
604
660
709
656
719
677
693
727
595
657
586
594
666
676
684
643
744
670
610
778
638
606
683
549
593
650
722
694
689
613
697
675
696
660
658
694
647
617
636
604
675
665
623
627
539
769
592
635
720
604
638
583
617
656
687
638
617
678
655
665
661
577
710
645
585
656
853
932
1004
565
600
661
659
647
668
675
670
641
664
649
667
591
698
693
660
705
773
491
535
712
667
680
655
680
640
659
609
724
614
601
666
625
686
700
666
683
710
1014
563
598
557
559
601
657
711
715
662
703
597
681
583
731
637
681
619
711
714
650
653
937
864
665
690
693
685
740
665
663
697
601
643
647
613
696
599
706
656
721
618
753
512
624
647
670
665
675
729
653
581
709
726
670
660
653
649
611
684
675
657
603
700
714
701
601
633
621
655
651
703
683
622
686
591
683
663
649
596
666
587
686
747
787
617
667
659
673
669
668
671
667
673
620
700
698
686
581
699
628
599
632
611
735
642
670
668
718
545
688
593
886
678
1024
807
876
1040
560
596
664
633
652
611
639
600
597
679
664
669
673
656
683
683
681
865
552
526
501
628
631
699
663
697
672
626
628
578
674
719
675
625
676
721
584
637
1087
1029
1061
1100
1232
1243
1138
1227
1094
1124
1220
1108
1204
1195
1187
1187
1160
1086
1227
1177
1214
1292
1240
1893
1375
1128
1286
550
676
729
696
660
719
630
720
725
692
683
580
668
727
588
600
635
679
833
1101
1847
1839
1359
1163
1057
1223
1142
1222
1188
913
705
763
597
606
634
601
682
704
677
706
675
611
690
678
629
1054
698
707
666
759
582
672
661
625
646
610
590
592
675
643
590
596
666
692
1128
860
946
1202
1164
1212
824
686
587
678
619
603
698
587
667
582
583
599
597
717
662
722
652
676
950
935
1185
1125
594
638
676
687
654
749
623
730
745
