1144
1249
803
653
864
852
767
744
733
732
791
718
778
813
952
762
759
765
804
859
1173
678
723
723
722
789
770
682
799
767
822
768
1056
631
727
718
778
745
680
797
852
862
669
684
836
769
786
772
672
818
714
814
1159
1145
754
779
718
813
795
771
792
791
804
809
670
854
782
872
792
794
793
825
788
688
797
793
836
791
690
773
772
755
677
854
832
816
1259
1745
1645
1631
1679
1679
1691
1704
1655
1677
1368
1211
1143
1274
1405
1509
1371
1321
1246
1433
679
724
724
748
791
790
773
744
693
714
766
768
811
808
717
754
847
675
822
777
1632
1610
1639
1529
1643
1388
1521
1336
1438
570
1443
1308
1362
1145
1099
948
1142
1141
1101
735
904
982
796
681
668
730
774
741
766
753
758
776
740
795
733
786
781
718
722
709
750
780
721
707
820
707
759
751
762
691
762
794
781
783
777
772
766
824
1413
1386
1654
1709
1686
1730
1717
1731
1651
737
858
1024
1681
1700
1023
676
749
1253
2823
1005
2356
1416
1526
1551
732
761
928
1109
1436
3126
3174
2853
2951
858
544
638
1256
1368
1351
1211
1155
1305
1192
882
1024
949
1023
1149
1403
1339
1351
1552
1550
1347
1382
1200
1253
621
621
1169
1435
1363
833
800
780
777
760
823
755
796
721
753
762
1108
2336
2029
764
1911
734
1237
1139
1307
1296
1762
1363
1591
1604
1658
1733
1588
1557
1434
1805
1707
1668
1701
1714
1704
1707
1710
1734
1730
1666
1664
1427
1201
1142
1312
1314
1687
1355
1252
1377
1365
1390
1266
1414
1462
1369
1670
1542
1300
1406
1212
1580
1333
1272
1327
1569
1228
1363
1746
1442
1372
1280
1425
1179
1097
1191
1142
1178
1247
1030
1071
1208
1074
1135
1235
1228
1405
1622
1550
1187
698
755
1193
1081
1073
1033
994
601
793
824
815
954
1011
1079
1030
1020
1025
1022
1120
1018
916
1171
948
651
947
1197
596
712
670
752
787
768
795
611
815
600
587
695
608
648
759
747
666
962
753
677
672
1023
929
1071
1174
692
656
655
820
853
1080
988
1185
1136
1321
702
677
579
901
1112
881
946
963
1102
1097
991
991
1040
989
1096
1064
672
596
662
698
857
776
1043
952
765
690
713
647
905
1190
1194
970
708
774
833
870
1197
1032
717
878
1071
1242
884
1006
973
1035
1151
1096
1138
1087
844
1080
719
991
691
586
635
660
663
799
966
1095
789
579
791
620
780
806
1049
1030
1131
1136
1145
1077
989
957
971
1269
1616
1142
756
707
886
780
774
974
880
709
588
618
814
837
821
749
676
785
754
687
692
761
771
778
705
756
815
677
683
785
799
813
912
668
719
821
782
1072
1493
1574
1575
1605
1682
1504
1416
1176
1513
1621
1655
1620
1639
1362
1574
1735
1672
902
1407
1616
1822
2588
1815
2362
1979
1819
1763
1236
1054
1402
674
735
926
760
831
941
853
793
730
683
820
736
836
694
903
947
799
731
625
888
1521
1768
1810
1657
1531
1492
1931
1045
1053
1985
1177
1107
1105
899
598
844
828
770
898
864
892
1168
680
629
778
760
818
781
807
747
718
799
787
764
727
771
780
815
757
780
938
643
657
788
742
821
777
755
776
684
772
782
834
797
731
760
807
673
664
1398
1608
2440
2272
2270
2365
2124
1490
664
1531
1525
987
1017
801
950
809
796
787
690
781
777
1088
3049
3639
3607
3589
3645
2706
2862
2709
2820
2689
2087
2012
1742
1416
1425
1361
1317
1312
1664
1669
1328
1324
1565
1328
1323
1240
1374
1319
1316
1739
1316
1516
1349
1186
1064
1205
1157
1152
2564
1214
1110
844
2660
1165
1187
879
1163
998
947
636
690
677
775
741
764
955
1452
1157
619
917
1210
677
795
991
683
678
858
731
799
763
781
1262
1455
1637
1372
1610
1733
1655
1632
1700
1372
862
1413
619
871
677
1131
1128
715
996
1316
1071
1176
988
984
902
925
961
621
706
815
811
700
777
802
664
749
777
767
782
770
693
929
1231
1056
567
663
768
726
703
790
803
676
714
810
672
727
790
717
605
698
672
809
1227
576
589
1756
1228
1140
683
703
775
850
850
674
697
593
684
796
836
744
618
602
718
712
728
560
490
738
741
733
749
716
786
723
723
595
566
757
758
1062
982
1173
1220
1117
1266
1175
1238
1207
1210
1165
1256
1146
1164
1186
1143
1178
1121
1262
1212
1252
1267
1229
1084
2337
2617
2931
1216
790
803
626
759
779
1218
1159
1321
923
564
670
752
816
910
800
713
785
697
820
651
783
671
769
865
1077
1054
1227
1049
1275
1323
1282
1267
1423
1138
1257
1474
1277
685
1102
1094
1212
1240
1186
1335
795
1081
1591
1591
1731
1747
1692
1628
1489
1377
2245
1554
1616
1738
2618
2477
1042
1083
1731
1889
1916
1930
1838
1532
1793
1078
648
581
571
689
779
743
869
971
1062
715
892
1166
1333
1362
1326
2683
2748
2614
3076
2541
1191
1624
1807
1812
1906
1633
1781
1917
1780
1653
1323
1190
1248
1264
1156
709
805
1619
971
937
1614
1320
1522
1079
935
799
758
822
706
740
801
756
1144
1149
1147
1309
1198
1115
1170
1081
1059
1089
1244
1121
1200
1410
1308
847
785
706
717
606
760
912
1843
2612
3106
2771
2630
2620
2486
2530
2457
2569
2101
2084
1726
