1432
1211
1460
1382
1480
2160
2057
2256
1998
1573
1605
1470
1533
1293
1423
1306
1297
1287
1438
1078
1358
1450
1411
1317
1492
1504
1238
1527
1945
3311
2907
3463
3173
3435
3196
2890
3433
3518
3475
3597
3068
3128
3523
3049
3121
3259
3611
2772
3389
3037
3383
3056
2144
1845
1558
1601
1802
1696
1420
1358
1384
1448
1436
1566
1120
1181
1483
1475
1359
1387
1234
1490
1480
1277
1477
1507
1097
1449
1496
1335
1484
1325
1332
1486
1390
1515
1387
1244
1281
1246
1456
1503
1421
1299
1599
1511
1739
2770
3025
3279
3352
3060
5242
4316
2797
3448
3002
3330
2924
2398
2248
1306
1868
2021
1475
1373
1510
1555
1481
1447
1481
1463
1283
1344
1587
1240
1575
1593
1357
1266
1501
1564
1487
1216
1493
1396
1579
1531
1419
1503
1228
1191
1310
1374
1434
1452
1445
1447
1327
1423
1394
1248
1457
1375
1469
1241
1254
1424
1494
1437
1471
1158
1503
1294
1370
1478
1443
1336
1556
1466
1316
1499
1314
1249
1522
1525
1354
1133
1379
1481
1432
1505
1393
1421
1657
1581
1136
999
1550
1505
1385
1630
1581
1273
1417
1345
1336
1374
1353
1468
1567
1613
1271
1345
1360
1404
1454
1514
2909
3583
3075
3109
2693
3089
2958
3300
3254
1992
2103
2487
2440
2092
1786
1720
1807
1389
1268
1443
1437
1424
1421
1271
1471
1528
1565
1658
1020
1124
1500
1441
1381
1458
1454
1462
1334
1489
1619
2668
3476
2677
3151
3309
3273
3113
2968
3615
2705
3197
2734
3212
2720
1909
3233
3464
3135
2617
3717
3037
2559
2813
2121
2494
1523
1556
1306
1569
1264
1404
1262
1289
1337
1551
1382
1314
1995
1865
1465
3503
2915
3452
2625
2302
3516
3227
2520
2730
1330
1914
2087
1625
1564
1246
1526
1326
1220
1395
1321
1494
1531
1403
1364
1309
1331
1495
1179
2246
2323
1938
3294
3307
3355
3254
3126
3569
3339
4920
3966
2780
3311
3197
3003
3110
2987
2689
1407
1363
1408
1626
1665
1330
1268
1344
1368
1574
3372
3342
3625
3202
3346
2907
3550
2932
3444
3455
3363
3333
2534
1948
1259
1104
1307
1544
1402
1355
1244
1141
1455
1635
1441
1471
1365
1475
1635
1273
1629
1101
3231
3633
3140
2065
1108
2851
3249
2982
3577
1721
3176
3058
2993
3645
1093
1716
1537
1553
1616
1482
1573
1457
1667
3671
3039
3516
3340
3061
2965
1766
3213
3421
3411
2709
3107
2010
2228
1893
1616
1427
1293
1392
1457
1350
1459
1491
1424
1458
1568
1472
1110
1461
1407
1385
1247
1475
1439
1392
1447
1455
1365
1502
1591
1467
1483
1268
1281
1385
1406
1515
1445
1017
1494
1573
1252
1426
1461
1402
1493
1480
1741
1473
1428
1366
1486
1545
1508
1431
1523
1315
1310
1278
1181
1536
2239
1572
2249
3861
3257
3210
1843
1278
3275
3080
1997
2670
2386
2550
1559
1533
1809
1705
1603
1443
1498
1253
1169
1291
1509
1425
1517
1356
1475
1349
1552
1446
1581
1299
1308
1037
1477
1451
1494
1493
1647
1613
2324
1616
1522
1410
1437
1353
1365
1395
1352
1531
1352
1540
1487
1256
1521
1436
1246
1608
1443
2723
2738
3480
3844
4127
3559
3696
3582
3616
3652
3636
3390
3065
3915
2278
1914
1630
1699
1600
1459
1304
1605
1496
1271
1470
1459
1308
1519
1551
3149
3373
3118
3034
5031
3749
1495
1464
1219
1262
1607
2205
2149
2193
1444
1437
1162
3014
2935
3425
2993
1981
1281
1584
3128
3442
2815
3325
1352
3448
2746
2139
2359
1910
1675
1522
1544
1378
1515
1518
1502
1506
1553
1403
1562
1354
1754
1734
1373
1320
1499
1521
1479
1450
1282
1270
1508
1286
1272
1314
1376
1420
1356
1569
1508
1355
1514
1542
1315
1491
1358
1506
1472
1361
1202
1187
1413
1456
1349
1631
1528
1512
1367
1545
1491
1504
1401
1500
1401
1355
1353
1391
1218
1413
1539
1195
1459
1240
1287
1652
1403
1480
1557
1441
2030
1712
1347
1386
1454
1126
1439
1364
1337
1259
1348
1321
1463
1461
1484
1346
1464
1456
1500
1410
1503
1433
1137
1760
1398
1407
1860
1094
1292
1410
1538
1412
1446
1388
1298
1865
1230
1280
1425
1342
1258
1338
1500
1594
1500
1453
1538
1052
1463
1344
1485
1257
1502
1327
1477
1550
1337
1337
1312
1327
1426
1400
1516
1453
1329
1573
1490
4279
1975
3220
3423
3269
2387
2089
2881
2830
2773
2084
2431
1766
1842
1953
1401
1982
2050
1342
1560
1399
1292
1386
1447
1332
1469
1441
1445
1458
1993
1442
1718
1116
1191
1551
1742
1433
2246
1371
1722
1552
1559
1775
1552
2044
1969
1537
1538
1751
1507
1679
1314
1170
1374
1836
1978
1371
1886
1312
2020
2113
2112
2079
1740
2163
2162
1939
2087
1466
1918
1775
1240
1129
1409
1554
1375
1266
1529
1251
1249
1093
1282
1275
1261
1222
1317
1560
1642
1883
1258
1250
1229
1430
1435
1258
1507
1442
1429
1941
1317
1164
1437
1354
1508
1454
1389
1373
1429
1385
1493
1401
1445
1523
1486
1277
1527
1613
1298
1402
1581
1532
1070
1443
1403
1175
1511
1555
1651
1561
1343
1557
1324
1506
1490
1421
1475
1469
1434
1536
1468
1640
1461
1439
1517
1482
1418
1249
1461
1468
1281
1649
1532
1281
1440
1328
1273
1472
1433
1459
1260
1438
1278
2417
3105
2567
2491
1990
1587
1673
1542
1668
1677
1458
1456
1481
1587
1895
2655
2127
1607
1331
1428
1452
1869
1907
1568
1857
1995
2116
2632
2293
2284
1477
1662
1540
1549
1820
1308
1290
1433
1494
1598
1481
1687
1747
1145
1578
1329
1427
1546
1481
1378
1387
1444
1878
2182
3275
3315
3255
3198
953
3292
2923
2948
3202
2844
3162
3058
2852
3263
2351
2127
3303
3403
3319
3211
3636
3141
3698
3094
1707
2423
2536
2213
2066
1621
1544
1629
1550
1549
1545
1509
1313
1308
1431
1400
1454
1360
1249
1466
1294
1461
1465
1309
1450
1500
2381
1495
1485
