1110
2015
2990
4186
3719
3297
2039
744
2471
2537
2788
2172
2367
2348
2482
2585
2478
1860
2163
1858
1450
1484
1250
1247
1274
1247
1204
1166
1137
1122
1034
1065
930
1018
1183
667
1123
996
1002
1089
930
907
1088
974
1004
1127
1574
1735
975
979
1018
981
1105
1079
1169
1008
1088
1095
1092
829
1113
1087
988
922
940
1090
1058
1004
1048
944
1010
1043
988
854
1093
1103
1036
1043
1042
1126
1102
1099
924
1065
1035
1078
862
1035
1090
932
1134
1175
1049
1168
1111
1008
1078
1071
998
1025
939
890
1002
1136
1089
980
1132
981
1021
914
1078
1020
1099
827
1035
962
1139
985
1048
1143
1161
971
956
1027
1158
1038
1489
925
927
992
1302
1353
1170
1255
1243
1210
1220
1433
1629
985
933
694
1047
934
937
929
1290
1954
2384
1943
2259
2576
2070
2261
4412
2309
1956
1958
2220
2097
1651
1784
1313
1373
1382
1230
1052
1024
1135
1018
1208
1142
989
1062
945
1072
1144
1130
1017
997
977
1195
1137
2154
2211
2407
2245
2227
2546
2158
2177
1862
2378
2194
2509
2157
1997
2025
820
2010
1647
2079
1499
1423
1249
2069
2570
2440
2379
2562
2517
2378
2449
2650
2314
2266
3696
2831
2057
1478
1674
1479
1111
1167
1179
1307
1189
1128
970
1136
937
1115
1084
1062
942
953
1321
1018
1370
1058
913
1061
1059
1034
1192
1243
1181
1058
1107
1067
1349
1420
1398
1242
918
1207
948
1916
1196
1221
2303
1980
1260
1871
2207
2571
2075
1308
1555
1834
2283
1002
1666
2193
1728
1467
1489
1282
1482
1397
1228
1096
1193
833
1992
1735
2545
2597
2234
3063
907
2593
2570
2687
2437
3828
3976
2589
2110
2208
2409
2174
3803
2435
1701
1485
1145
1235
1198
1299
975
1086
953
1041
1083
951
1076
1139
1066
1097
1184
936
1074
1235
1026
1119
916
1099
1059
971
1124
983
1062
954
1056
1080
1087
1714
845
1004
1113
1095
988
1062
1057
1134
1007
931
961
1107
811
1035
1112
1072
1046
1042
912
979
1025
915
949
937
1114
1037
855
960
1026
1051
973
1038
1155
1154
1172
1097
1534
2413
1110
932
2650
1231
1665
1689
3436
1067
3455
1931
2654
2514
1144
949
889
1023
1011
1006
1039
1088
1051
1015
2188
2097
3069
1769
1902
1812
2746
1818
906
2583
1868
1625
2913
2582
1862
1827
2046
2330
1717
1935
1775
1435
1802
1321
2586
2253
2274
2237
1350
2371
1531
2363
1960
2182
2078
1740
1779
1418
1406
1363
1100
985
1020
1128
1110
1019
1110
1051
1036
787
907
1085
1062
969
925
1097
918
1052
1030
1037
1055
1055
1568
3863
2693
2396
2053
2418
1706
1454
2006
2233
2310
1960
2099
2610
2227
2046
2085
2361
2072
2423
2385
1929
2177
2350
2242
2349
1664
2364
1136
2432
2422
2545
2493
1636
1660
1744
1126
1593
1518
941
1052
901
956
978
1025
908
845
1148
991
966
1070
1200
1080
1092
1070
932
1166
1165
1093
1169
1142
1096
1012
1769
2528
3160
1966
1675
1718
2208
2648
2056
809
1679
2331
2288
2476
2191
1942
2230
2231
2102
2410
2483
2469
2524
2470
2185
2418
2366
2026
1317
1935
1651
1537
1423
1407
1469
1275
1146
1261
1199
1095
1049
1049
1050
966
1092
1054
1112
1114
1096
1071
1410
2171
2275
2594
2564
2407
2460
2459
2401
2085
2380
2426
1827
2145
2469
2229
2267
2147
1889
2447
2593
2200
2092
2212
2362
2896
1156
2069
1347
2408
2810
1324
986
2371
2176
2377
2532
821
1713
2523
2505
2495
2374
2208
891
1824
2374
2476
2212
2150
1973
2507
2014
2312
2386
2368
2461
2409
2560
2642
2469
2451
2333
1549
1934
1801
1409
1801
1648
1378
1033
1208
2148
3910
2793
2609
2696
1916
1709
1057
846
1060
1260
1028
1259
1477
1629
1714
1452
934
993
964
1082
1054
1049
1068
985
1117
973
1047
1097
1089
1034
1168
997
948
943
980
1167
982
1002
1112
1043
1096
1060
904
1013
1017
914
1192
933
1143
987
951
1165
937
1096
1052
995
830
910
1015
1039
1036
1156
966
1017
1140
1173
963
1149
1122
1115
733
954
1147
1076
1104
984
1114
1089
1210
1177
956
947
1233
984
1612
1939
1825
1416
1538
895
1301
1240
748
921
1978
1638
967
1107
752
1071
1288
1677
783
877
979
1056
1083
1146
968
1107
1050
978
1159
1197
1455
1246
1570
940
2274
1599
2022
1843
2120
1949
789
1311
1137
1279
2509
2535
2248
1110
1527
2417
2679
2601
2494
2212
2196
2518
2635
2421
3317
2115
2214
2510
2350
2341
2511
3027
2939
2141
2584
2541
2490
1999
2578
1891
2135
1640
2005
1393
1340
941
1232
1045
720
1060
1079
1149
1090
1162
1104
1007
952
1105
784
905
911
1021
953
1089
1106
1196
1053
978
1045
1060
1024
1073
1094
1108
1077
1148
1015
1077
956
1023
1139
1058
1053
1090
1083
891
1015
944
987
1126
1141
1186
947
1180
1133
1025
1052
932
1080
963
1428
2756
2189
1146
1984
3000
3418
1149
1056
1066
1063
1003
2130
749
1228
2184
2156
1712
1444
1475
1688
1669
829
1093
1097
1154
973
1153
1025
1075
1081
964
1032
1098
1224
1114
1089
1115
907
932
1079
1095
1062
1138
1032
1075
1078
956
1683
1752
977
988
964
914
981
1084
929
1186
962
1192
959
1893
1593
1041
979
1099
1002
1132
1179
1088
1022
1083
1615
1441
2506
2328
2590
2285
2601
2527
2459
2237
2122
2433
2398
1745
2423
1946
2020
1947
1715
1448
1702
1065
1166
1221
1189
1209
1054
1082
1597
1326
1214
1069
1355
1433
1114
1065
1153
1063
923
1086
995
1063
1122
1151
997
1002
943
980
1054
1060
1040
1089
1116
941
928
1044
1113
1072
1109
898
952
1031
974
1026
