1690
1382
1095
827
895
899
991
859
1053
990
865
864
960
984
1047
1077
1329
929
798
1010
896
1718
956
1055
1299
1456
1333
1172
1085
745
1642
2241
2385
1074
1165
1207
1496
1373
702
798
828
944
866
743
1029
960
1010
840
981
865
916
1020
888
930
945
1020
1002
1003
1303
1131
751
872
1149
825
759
968
1004
1010
972
919
1050
865
906
847
806
1107
1074
1335
1741
1067
956
1525
1129
993
974
823
998
900
925
974
993
910
1255
884
971
899
877
1194
848
914
876
1007
902
1431
877
1117
1384
1439
959
1516
1044
968
1217
1291
1625
1275
834
819
861
998
735
844
1039
1004
1209
1106
863
979
701
1020
792
1168
708
1261
835
1191
1162
862
1018
1184
909
2273
2227
2936
2249
4157
3277
2055
1639
1045
689
696
910
837
904
774
877
881
865
835
1060
1003
966
982
1049
771
1594
2029
2332
2318
2179
2163
1993
1129
1054
956
718
966
824
1045
806
810
766
1383
2187
2358
804
1271
1366
1429
816
1287
1141
1337
1392
1077
930
2001
2399
2597
911
1415
2517
2310
1831
2038
2124
1105
983
1202
1363
1253
1312
940
1051
1024
938
986
975
1017
861
1058
862
866
811
971
839
1418
1621
2174
2188
2429
1503
1890
2021
2052
2256
2243
2059
2050
2194
1924
2031
1441
1713
1641
1294
1281
1003
947
1049
1061
1409
2311
1215
867
2428
1740
3879
2072
2166
2144
2147
2050
2103
1965
2295
1912
2212
2114
2236
2036
2170
1330
777
1135
809
778
771
914
810
809
1308
1528
1513
1545
1608
1248
1573
1465
1089
1599
1253
1077
2864
1753
866
2006
2192
2248
1639
1331
1084
971
1314
996
1076
1350
1310
1189
897
847
1240
1198
893
1206
967
854
920
1382
886
869
907
791
747
989
1272
846
906
861
851
943
993
962
877
841
755
945
880
1136
996
1367
1434
1156
939
886
1034
918
747
983
1104
862
880
789
894
997
952
917
786
788
872
889
857
948
980
1002
843
815
815
833
833
856
978
972
1062
1072
900
971
897
957
981
927
1413
1002
731
1089
1183
1212
1191
1130
1042
1155
1070
1029
974
895
1076
1786
1300
1507
2330
2128
2587
1383
2240
1827
2122
2120
2712
1915
1422
1237
1889
1560
2674
2367
2288
1879
1415
1703
2064
2148
2336
2215
1780
1260
1265
1453
1238
1258
1340
1061
1206
1146
1134
1129
1669
1356
856
1003
1004
848
877
1042
764
940
914
988
1006
1078
914
744
748
900
965
1039
849
970
859
891
1044
989
1015
1005
863
948
915
820
1743
1329
1240
1051
987
804
814
818
892
680
734
689
903
824
909
752
1476
1094
976
813
1068
1019
1254
2029
2163
2337
2026
1932
2166
1823
2630
2194
1283
1042
1019
947
1026
888
965
985
989
848
1576
1297
1513
1002
1008
975
1509
1179
1680
2378
2379
1951
2378
1919
782
823
981
836
847
722
901
876
741
910
1150
1039
1001
1008
972
1001
1033
1027
901
1003
1008
985
1037
898
929
1259
985
927
934
832
953
1039
1000
963
1116
960
1076
1074
1023
1019
802
730
879
963
876
1102
955
1143
879
1174
1329
1053
1171
928
801
740
848
802
910
974
965
890
994
1031
794
937
823
1071
979
875
1194
1154
942
1136
999
811
844
1315
1153
1226
908
820
848
985
976
871
1012
838
985
1093
1216
1134
1063
1039
932
751
1059
892
912
1037
920
1032
997
992
866
1023
1098
1134
1315
1306
1049
988
1154
883
846
749
875
855
938
1063
852
1811
1882
2167
1703
1214
794
1747
1999
2231
2388
1927
2209
1039
2611
2411
2195
2359
2166
1997
796
1261
2042
1908
1902
1655
1683
1486
3309
1769
1880
2309
2229
2179
2251
2211
1999
1909
2214
2224
1932
2148
2188
900
1895
2201
2066
2126
2065
1951
813
1620
1415
1222
1267
1386
1333
995
843
861
1020
918
932
953
990
1037
957
990
977
863
842
839
908
974
907
957
1033
806
798
1029
1019
923
848
1016
980
867
883
1031
940
990
887
902
1050
688
951
878
933
920
861
964
1012
871
898
964
925
901
862
884
751
961
1102
1044
959
979
958
1044
906
854
955
1003
1021
971
1272
782
903
973
1019
980
849
970
843
913
871
967
1040
1043
989
809
940
1041
849
1156
1566
1282
1253
1133
979
1342
1032
1040
797
735
1054
891
901
836
973
966
906
1283
715
832
866
998
1694
1454
1488
1074
973
1196
985
1401
877
803
927
1112
793
1009
1212
833
954
708
818
954
1006
1032
827
838
809
1001
919
1000
1011
991
878
1046
878
782
755
917
1219
798
924
1307
2229
815
890
948
910
1434
1331
1329
1430
894
872
1402
719
892
886
961
1048
921
1002
985
983
950
840
1052
791
1485
1143
921
957
770
965
911
855
968
1024
995
1011
838
985
859
892
1133
837
728
756
1096
1383
2200
2050
2006
2194
1248
779
990
1797
1703
1862
1310
1220
1231
1240
1085
1146
744
963
948
883
961
985
888
1012
956
937
1010
981
1016
934
955
820
1035
985
841
846
1061
945
879
879
1049
969
915
988
1030
730
922
1039
915
960
974
908
891
952
969
967
1003
1010
904
1069
728
936
995
1076
967
978
927
1041
977
1030
926
1045
969
878
1277
858
1152
1650
1742
874
1087
1147
866
939
743
956
841
1217
2195
2092
2015
1472
1418
1156
1223
1085
1068
1269
1132
1063
963
1010
911
1446
818
