82
77
71
66
59
70
63
62
74
67
62
65
71
70
63
63
61
71
59
68
63
67
66
58
62
68
69
64
68
60
68
65
63
66
63
70
70
61
66
71
66
65
63
65
66
67
64
66
67
63
68
69
61
62
62
65
65
66
67
65
59
68
66
66
70
58
72
63
69
69
67
63
62
64
62
71
67
61
68
66
64
66
73
61
144
105
69
76
134
128
130
128
129
125
122
120
131
118
141
123
139
135
125
130
130
122
124
127
119
131
125
126
132
124
124
128
132
125
129
129
88
108
77
76
76
76
73
78
76
68
74
75
77
68
74
76
78
73
70
75
78
69
76
69
75
73
78
71
68
78
67
68
62
63
68
64
65
63
71
71
71
71
68
67
64
65
64
62
63
65
65
67
63
67
65
64
69
68
60
62
67
60
70
75
77
78
73
82
75
67
74
67
74
70
79
62
73
75
69
77
63
63
69
67
62
67
71
71
70
63
67
68
72
68
60
65
68
69
66
64
63
68
61
64
66
66
61
61
68
65
63
74
101
92
75
76
66
69
66
71
66
69
68
66
70
67
72
62
65
73
67
64
69
63
68
68
69
70
70
66
67
67
69
66
69
67
61
70
69
69
67
62
64
64
66
69
68
67
65
67
61
67
69
67
71
70
68
66
69
66
67
68
72
68
67
68
66
68
68
68
65
66
72
70
72
68
73
64
68
67
72
64
74
70
73
73
71
63
68
68
71
68
71
66
72
70
70
71
63
69
73
77
76
75
74
71
72
72
63
72
71
70
72
68
72
73
69
63
68
71
66
64
70
70
71
69
66
73
63
72
64
64
68
72
67
67
68
64
63
71
64
70
74
70
68
73
69
73
69
63
70
67
68
70
65
71
73
66
75
70
71
70
71
70
71
76
72
69
68
74
71
63
70
74
68
65
67
69
70
104
144
121
90
76
74
73
70
74
74
75
68
69
74
72
74
67
74
70
71
70
73
63
73
65
73
67
71
68
70
72
75
63
70
71
69
73
76
64
68
70
66
74
73
65
65
70
70
68
77
70
65
75
70
77
71
65
75
71
77
70
64
69
64
67
71
76
69
72
69
66
70
69
70
74
68
63
70
68
69
66
64
70
69
77
66
71
71
74
70
74
70
67
71
69
72
71
69
73
70
72
70
73
78
65
72
65
71
69
69
70
77
74
65
75
75
74
68
70
74
70
66
74
67
72
72
68
64
65
74
72
76
77
66
70
75
68
65
75
68
69
65
66
72
68
65
74
75
72
72
72
69
76
68
71
67
72
66
67
72
70
74
71
65
72
72
79
72
73
74
69
71
137
75
77
71
70
69
69
69
66
74
65
74
81
71
71
81
71
70
72
69
73
75
74
65
72
64
66
66
65
71
70
71
75
71
73
73
70
70
74
72
75
74
69
73
72
66
73
73
68
74
73
76
77
75
75
69
76
73
69
74
74
70
75
67
74
67
71
74
70
74
76
74
73
71
76
71
72
69
76
73
66
76
77
71
72
71
77
73
82
74
64
73
76
71
70
73
70
73
70
71
76
75
76
75
78
76
73
78
72
70
66
72
75
78
72
74
74
69
73
76
76
66
68
77
74
77
73
71
72
71
76
69
69
73
74
67
69
76
75
75
75
78
74
81
69
67
76
70
68
71
69
71
73
67
73
72
71
67
71
75
76
66
77
100
78
86
75
68
74
70
70
70
73
67
71
71
71
69
70
65
72
64
73
76
68
69
71
75
67
69
70
66
65
73
75
74
74
72
69
77
73
77
69
71
74
71
81
76
63
72
66
66
64
77
73
77
79
72
74
74
71
72
77
71
73
73
65
68
70
68
75
79
72
78
76
71
70
75
74
71
70
77
74
70
83
74
64
71
66
79
68
75
68
68
73
73
69
73
72
78
77
76
69
73
70
73
73
74
78
76
78
77
79
78
68
67
68
76
77
66
69
69
73
77
74
64
69
67
80
74
81
71
75
70
80
75
78
75
81
74
73
82
76
79
79
70
74
80
72
64
77
74
77
69
72
72
73
65
68
76
67
73
81
74
79
80
138
82
77
75
65
71
75
74
75
76
73
71
71
78
76
71
68
72
71
70
69
73
72
74
74
72
73
72
68
74
73
66
68
64
67
76
77
68
69
75
73
65
79
72
75
74
66
73
76
71
65
76
65
67
75
70
70
69
70
77
64
71
62
67
73
76
63
70
69
70
67
75
72
77
75
71
72
73
71
75
70
68
64
73
68
73
74
64
65
73
71
66
69
