199
176
172
174
152
141
91
92
90
91
85
93
82
95
92
95
95
95
96
88
90
82
96
86
93
89
94
97
98
95
90
92
97
86
81
85
93
88
81
89
95
92
93
96
94
90
84
88
92
101
90
93
83
94
94
93
93
93
94
93
85
101
89
93
99
96
90
100
94
95
94
86
95
92
87
99
103
98
93
87
102
95
94
105
98
100
95
90
88
90
95
94
97
95
98
93
87
101
95
99
94
97
102
106
92
106
90
100
105
96
97
98
107
116
93
113
95
94
95
98
102
98
97
91
96
98
88
99
101
90
100
94
96
89
87
96
101
95
97
100
91
95
99
93
92
103
102
104
107
104
94
106
95
103
100
98
100
98
90
91
87
91
86
89
103
98
90
90
104
109
98
107
99
104
90
99
107
93
106
92
104
100
101
107
101
101
99
106
97
97
97
104
90
105
103
93
99
106
101
98
106
110
92
108
90
100
105
101
98
104
107
112
102
101
100
107
99
91
98
102
107
99
104
101
94
101
94
108
100
103
87
94
102
100
93
97
90
88
96
98
100
103
101
102
96
100
107
112
97
101
93
101
95
104
104
98
95
104
102
109
100
104
109
99
99
102
93
101
98
93
124
110
100
100
93
90
98
98
105
104
90
96
93
102
99
97
89
98
98
101
98
99
98
99
102
104
96
88
97
89
88
103
91
103
88
103
91
99
92
99
89
101
99
98
99
101
105
101
98
89
91
91
100
101
89
104
100
103
103
101
98
97
96
93
90
88
100
98
98
100
98
95
94
105
100
98
94
98
89
89
95
104
100
96
92
102
91
102
98
104
89
90
93
102
90
95
103
102
99
97
102
97
95
99
101
90
105
98
89
104
93
98
98
107
91
95
106
92
101
87
98
91
93
96
127
97
100
99
96
105
98
108
137
104
109
105
101
102
101
104
102
96
112
97
100
93
102
103
104
96
104
109
103
101
104
103
103
101
111
105
108
95
102
100
110
96
89
104
102
105
109
103
91
92
98
95
103
105
95
98
108
96
97
101
91
102
105
107
101
105
93
93
98
100
94
101
103
104
100
100
95
108
94
104
106
106
103
101
97
103
99
98
100
104
101
97
100
106
92
106
96
94
112
98
100
101
108
110
97
106
109
95
98
102
110
106
102
102
92
102
101
108
103
100
109
143
97
96
94
109
112
111
104
105
91
99
97
99
97
89
104
100
103
100
97
98
95
91
90
93
100
106
96
94
100
105
101
99
96
102
94
99
91
95
97
102
102
98
105
95
99
92
100
104
89
91
101
99
97
103
99
101
99
90
97
98
100
103
103
93
92
104
106
100
107
106
88
98
91
100
107
91
101
98
90
94
107
105
90
104
89
103
104
100
89
89
93
93
102
95
101
105
98
105
90
97
90
103
103
92
93
102
107
94
109
100
99
97
102
90
95
104
107
101
95
108
101
99
89
105
93
104
132
175
102
100
104
99
107
103
107
100
89
89
99
105
96
91
100
110
93
102
92
90
102
104
104
103
109
106
103
101
100
91
107
99
109
95
99
103
111
117
106
111
110
97
107
118
113
108
111
140
112
98
102
107
120
116
113
104
101
106
106
95
109
98
104
110
98
95
106
114
101
120
98
107
108
102
102
92
99
104
104
110
102
103
102
111
104
106
94
106
109
96
104
109
102
95
111
109
104
110
101
110
101
99
106
98
103
97
103
113
109
107
102
98
92
104
92
106
188
97
98
96
105
112
97
114
103
100
109
108
100
95
94
91
99
102
100
109
106
104
103
106
106
106
99
106
95
97
97
101
93
102
88
93
98
87
89
94
90
93
106
98
91
89
98
93
94
94
92
83
86
102
98
92
96
96
91
95
89
93
100
95
94
98
87
99
100
95
96
92
98
105
97
85
88
99
85
95
95
88
87
99
99
100
96
100
91
97
101
94
87
86
94
94
96
94
98
97
97
93
101
95
93
98
98
96
93
93
98
96
98
89
96
100
93
90
93
96
96
87
88
91
89
168
112
98
98
93
98
93
104
94
100
98
103
99
101
103
90
99
105
105
100
99
101
109
98
98
100
93
102
98
104
98
100
101
105
93
90
108
99
104
111
97
91
99
98
97
92
99
103
101
103
99
91
96
101
89
96
97
101
102
104
99
102
100
101
93
105
95
103
95
100
89
99
108
89
100
96
109
92
103
97
91
108
99
97
100
94
102
102
96
92
105
101
88
91
104
87
105
103
89
90
100
100
101
101
91
109
100
101
93
100
98
107
94
106
103
