1653
807
929
1251
697
816
783
734
674
761
1045
559
392
759
838
837
736
857
841
872
770
869
824
691
569
555
588
637
711
549
565
634
1051
1552
1436
1312
1406
1445
1359
1220
1580
514
1170
921
1418
1563
1557
1403
1235
1459
1512
1418
1355
659
625
1027
1336
1362
1341
1401
1182
1223
1523
811
784
551
469
747
591
451
728
434
485
525
566
560
605
532
640
661
516
556
637
531
594
621
627
596
603
882
560
936
944
918
670
497
571
595
465
549
607
605
642
535
623
629
625
531
612
642
1013
859
662
612
553
435
625
545
646
542
658
612
614
571
552
590
467
626
565
673
628
602
669
440
581
586
623
617
596
509
526
600
600
602
547
673
533
599
600
627
590
588
606
611
525
602
714
556
627
673
634
668
522
934
569
464
577
591
601
543
621
682
598
535
633
589
636
613
708
969
911
518
526
540
621
531
562
538
607
548
541
601
614
634
578
621
638
610
668
654
814
1158
1828
2420
1285
511
798
788
2032
1101
899
815
775
824
838
740
738
842
765
776
882
968
812
490
570
566
638
715
579
562
613
626
666
639
635
594
566
611
609
648
533
598
592
643
535
745
480
593
526
1061
1144
1077
911
531
714
522
533
644
652
554
644
627
615
989
897
901
913
772
792
870
757
823
857
766
866
813
856
864
909
923
819
603
1161
658
854
879
911
831
888
860
733
696
708
715
669
724
663
597
725
771
862
834
913
899
847
837
859
800
806
819
811
865
858
828
859
882
897
902
875
817
877
898
833
811
874
841
903
794
832
907
909
866
878
881
1360
1295
1254
1257
1359
1278
1237
1299
1171
960
965
639
596
610
570
626
640
635
603
525
644
610
606
536
568
692
684
657
700
710
657
570
702
844
823
816
768
831
812
637
683
637
619
629
643
629
620
650
590
550
721
607
601
530
566
641
586
644
577
617
562
581
591
581
603
590
594
591
600
579
670
538
704
521
542
1235
1403
740
1258
1334
1238
1369
1318
1338
1128
782
1209
1345
1216
824
1391
1249
1123
1334
1006
891
1156
1060
643
575
614
680
888
580
859
928
930
1143
712
653
736
765
793
782
736
765
672
540
607
535
588
601
530
560
540
560
546
534
527
613
789
841
899
854
794
906
1262
894
726
842
791
810
805
833
837
804
1313
899
993
1263
742
788
752
840
723
785
790
864
776
830
813
836
769
791
955
637
512
520
510
536
616
571
596
562
622
597
610
557
626
584
561
529
650
629
614
593
599
534
721
942
1347
1488
1298
1389
1589
617
656
461
1092
534
964
1827
754
610
520
719
605
512
724
903
572
629
490
722
668
611
683
658
734
687
524
660
535
626
1040
955
882
797
655
499
501
481
477
607
467
559
738
715
692
527
741
563
541
521
508
630
714
765
727
489
534
535
633
740
457
604
562
576
497
598
573
525
607
563
632
599
633
628
553
572
596
511
530
504
444
521
569
565
551
527
547
549
547
541
653
603
627
691
592
537
560
536
505
536
1013
473
542
545
633
550
590
730
618
528
595
603
509
629
569
641
614
598
621
629
602
631
661
647
442
450
604
561
521
592
588
536
601
631
603
588
601
561
543
591
599
528
597
1276
1599
503
599
908
1093
1302
805
822
1036
896
1038
958
896
833
735
777
914
758
658
711
635
1021
1695
505
708
808
920
1675
1862
1531
1334
1241
1511
1454
1009
468
529
468
1352
1445
1420
1354
1204
836
846
906
946
947
731
1406
539
1259
1372
1229
1298
1323
1255
1203
1201
1411
1521
1234
1460
1395
1484
1272
1184
1341
1273
1293
1181
1407
1253
1193
897
899
905
869
862
911
818
808
725
768
678
742
775
543
610
581
526
537
632
545
565
597
626
600
562
554
588
591
531
585
611
615
620
573
560
527
683
484
602
612
626
565
593
590
604
624
544
614
614
530
531
601
631
525
608
631
650
533
523
823
725
1136
517
638
602
605
648
604
629
608
555
606
602
598
634
562
640
609
615
715
960
951
817
1017
948
1229
1184
1190
1330
1218
1159
1305
1206
1341
547
1073
1081
1100
1105
933
957
988
790
788
866
815
720
823
1629
2347
1587
1375
1416
1379
1268
1335
1435
1219
1048
1197
1257
1335
1292
1378
1223
1154
1373
1412
1392
1221
1369
1290
1375
1372
1495
1482
1410
1239
937
582
1460
1636
1878
2162
1739
1719
2228
1515
1208
1051
504
463
1037
1409
1389
1098
902
1510
1467
1215
1385
1414
1259
1388
1395
1754
1201
1255
1431
1319
1295
1490
1299
1371
1205
1099
1084
1013
573
544
667
726
710
699
645
733
715
585
595
619
585
644
619
595
521
573
612
562
577
638
608
453
477
568
526
580
609
687
525
593
689
574
526
600
625
623
574
613
574
611
706
623
682
639
489
595
605
598
555
607
593
526
607
550
686
559
527
577
599
563
570
519
516
564
446
483
605
500
513
558
685
515
598
612
