994
975
894
904
1019
923
981
913
965
943
537
526
507
505
561
511
729
498
930
576
457
453
601
514
901
503
701
611
437
440
415
491
507
693
539
410
432
497
451
475
564
493
552
466
515
497
440
459
554
539
472
521
618
521
455
535
525
565
562
560
458
874
676
437
609
489
416
781
757
641
458
438
764
639
560
576
430
727
726
774
735
456
544
456
460
643
611
419
854
525
481
635
571
714
504
393
520
558
627
744
634
484
590
492
554
466
605
513
453
708
732
633
561
543
814
823
754
575
381
440
702
679
837
660
921
696
861
788
766
601
718
820
595
422
574
478
456
439
506
457
554
453
388
776
683
438
432
570
437
727
776
439
399
607
662
677
397
455
422
958
1150
640
751
646
463
445
429
393
534
513
516
482
591
456
704
488
484
545
465
551
925
789
679
865
830
725
388
654
725
773
479
794
710
733
727
686
462
607
386
531
494
512
668
783
674
827
699
757
654
572
560
455
439
568
398
476
506
593
410
514
478
490
436
445
526
514
530
485
455
383
436
463
656
576
831
837
723
549
466
441
593
556
603
390
400
481
517
399
526
491
387
489
440
454
472
636
729
541
881
745
423
454
473
575
757
786
469
630
647
549
466
457
505
509
423
396
611
558
557
831
633
764
785
799
645
649
487
439
408
450
544
848
767
746
670
678
745
764
696
732
717
671
777
569
891
570
420
484
475
393
547
531
537
434
542
457
437
635
467
612
472
736
701
558
760
722
687
453
439
424
509
464
568
417
397
459
706
633
512
559
453
567
446
460
400
551
513
489
480
580
622
428
750
717
576
801
766
730
487
428
733
726
642
657
613
514
458
566
449
491
517
539
541
456
631
705
792
740
753
816
599
502
445
581
721
438
509
658
505
456
553
472
471
555
877
542
451
437
531
748
413
681
452
750
532
472
666
453
405
589
701
711
734
758
457
647
461
602
729
612
503
438
578
476
453
792
654
802
524
757
921
906
824
745
870
549
468
440
556
443
537
396
700
1162
946
540
665
424
402
443
479
539
440
624
631
821
1119
605
461
521
790
541
645
460
475
509
554
517
499
525
546
506
526
522
569
473
836
718
612
526
901
540
426
494
537
674
499
517
512
503
527
492
398
453
594
425
550
532
669
756
748
743
564
525
465
858
708
436
512
407
501
579
667
522
581
546
450
732
752
458
523
485
541
681
709
622
552
479
649
740
898
769
574
459
646
456
486
631
449
450
679
536
647
489
487
518
509
533
519
498
454
563
489
614
574
490
532
566
475
401
441
461
491
398
486
707
538
601
391
446
454
646
836
859
791
487
455
496
909
701
811
786
709
469
512
502
416
528
692
765
734
599
404
415
565
516
492
540
464
496
702
808
596
433
421
473
520
442
502
451
816
684
712
417
447
453
490
493
528
569
556
683
529
756
512
444
960
466
655
420
443
508
567
602
770
469
557
415
623
521
489
530
661
629
500
517
835
526
435
558
720
414
452
492
448
581
446
503
589
515
522
657
789
720
457
607
542
525
596
513
410
421
526
614
677
703
397
453
612
451
477
477
589
447
463
453
452
578
539
561
518
464
487
616
513
480
402
495
607
491
430
479
520
546
753
935
924
851
909
909
706
639
551
495
399
504
451
388
548
614
506
455
458
811
650
538
438
452
480
785
730
415
458
831
437
464
648
651
719
501
461
457
595
739
641
445
486
628
492
426
738
580
790
499
657
491
637
760
778
766
841
668
597
456
432
548
468
647
403
456
492
593
597
478
492
776
805
850
812
622
465
464
466
430
517
503
900
613
447
453
399
451
493
510
502
534
531
666
435
613
385
632
803
601
650
427
612
714
581
534
545
515
663
718
444
474
464
462
379
565
601
548
610
758
810
524
416
462
505
514
396
469
511
595
517
706
909
427
642
815
736
411
553
504
624
668
696
497
481
458
554
396
662
610
663
576
621
694
623
732
581
713
572
729
574
694
717
437
430
605
435
521
445
556
654
455
458
452
610
750
439
454
473
454
602
785
461
503
507
615
680
417
602
443
653
422
455
473
649
669
619
447
513
445
424
551
397
791
769
613
687
673
614
433
421
630
673
476
541
455
446
427
532
671
652
461
387
514
475
485
417
455
443
427
717
778
1254
820
793
774
561
611
514
593
653
694
752
547
451
421
512
570
564
530
530
534
543
539
637
617
596
513
464
438
541
498
649
418
418
461
435
483
540
659
506
569
488
769
449
580
637
397
450
433
456
494
669
810
524
459
431
636
505
577
750
772
666
670
407
685
