787
1061
774
651
802
768
882
896
779
856
916
852
912
881
862
875
787
934
659
801
808
822
878
928
875
693
896
970
897
971
576
899
913
934
1032
1419
850
1120
1242
1256
973
765
762
1300
884
1184
1172
1272
909
704
630
785
833
943
1164
860
668
1555
2218
1826
2037
1862
1448
1532
1168
1180
2034
1752
2024
1864
2190
1848
918
1378
1016
1253
1182
2056
694
659
785
727
985
1040
1031
1270
910
946
842
1027
1100
1002
866
979
931
903
936
925
791
879
846
825
919
867
784
837
867
895
918
916
938
868
893
961
852
896
900
912
1096
1179
1426
1296
1181
1161
1028
764
868
785
809
853
869
889
849
679
896
932
917
901
769
873
860
906
896
919
711
869
920
2133
3118
3451
2429
1901
1821
1778
1641
1700
1888
1530
1623
1371
1363
1276
1766
610
821
850
988
793
792
903
834
871
881
874
869
881
901
1668
2064
1773
2008
1732
1864
2053
2001
2124
1930
1826
2315
1917
1951
1962
1824
3372
2679
1234
858
768
793
636
959
1051
791
643
677
1765
1949
2110
1192
668
727
1088
1329
684
1023
1092
1117
902
835
1293
1180
746
1095
1426
1196
705
1192
1334
1155
1334
987
1114
1126
994
1006
835
1217
953
679
832
852
735
760
721
780
698
685
874
769
711
788
815
631
799
983
796
641
696
737
887
685
920
756
862
826
834
865
825
807
876
753
712
833
640
772
776
769
856
790
906
923
878
774
940
982
931
826
884
783
780
820
1016
745
903
878
788
911
777
841
986
929
922
893
813
874
868
886
959
717
858
858
805
942
913
865
946
758
950
979
899
883
971
912
904
746
918
914
913
890
1092
1831
1781
2104
1904
1978
2165
2071
1850
2154
2102
1997
1904
1839
1751
1808
1753
1883
2065
2143
1922
1849
1647
1512
1516
1319
1254
1007
1157
1261
1237
848
884
846
822
853
896
940
818
934
800
884
957
966
902
839
888
1250
631
789
805
809
898
885
1169
752
743
840
759
730
1060
947
786
868
758
1183
696
745
855
819
897
939
973
844
944
887
892
787
885
868
855
826
792
773
941
771
998
841
1949
1380
1355
939
824
816
887
874
820
854
839
907
1004
1587
1214
1189
1100
952
1054
818
876
916
776
882
876
953
896
715
811
733
813
866
793
880
897
869
879
927
913
864
805
924
904
926
796
1663
1697
900
957
1049
657
926
854
930
815
988
792
979
917
788
705
887
892
854
901
833
882
814
840
877
770
894
853
806
814
870
1019
661
711
802
861
742
808
959
902
839
898
928
829
962
852
889
819
928
710
723
970
943
848
821
834
832
817
767
851
979
820
785
834
952
749
730
841
883
904
882
945
904
902
890
893
1005
940
917
785
950
745
864
892
920
906
886
1033
817
774
837
917
877
963
930
939
1026
793
814
805
867
885
872
794
891
908
817
910
889
893
876
841
860
695
876
770
885
828
915
853
853
821
881
835
877
888
911
777
943
1409
1258
1280
1402
851
937
883
871
856
778
799
902
810
919
758
772
907
872
863
852
880
983
1233
1004
737
652
813
925
915
967
1055
907
1006
1050
864
881
773
897
1058
914
897
712
1997
2034
1899
2107
2021
2275
890
1039
1057
1128
1123
831
1005
1040
1255
788
898
687
1061
767
771
1014
664
743
2037
1980
2039
1741
1852
1684
1136
1106
1010
1019
1443
841
1040
1097
936
856
906
872
740
834
742
825
1530
1937
1874
1826
2116
1969
1930
2044
2239
1764
1892
2256
1971
1771
1813
2146
2659
1399
2911
2443
2166
2467
1130
2198
2148
2084
2043
1721
2145
1407
1229
1473
1622
1543
1262
1312
1216
1340
1068
763
905
926
920
907
881
829
959
829
829
786
980
908
897
888
930
899
779
790
778
1059
922
984
894
870
933
746
696
850
902
882
1264
1468
1881
1755
858
741
1816
2030
1766
2037
1827
2160
1618
1092
1549
1968
2016
1526
1866
1737
1519
830
790
734
1032
958
856
901
810
908
895
876
912
901
789
930
923
654
840
918
810
948
874
794
833
944
872
938
852
875
950
886
893
774
928
915
898
919
949
886
883
886
902
923
904
944
861
875
915
887
905
832
866
870
882
949
852
990
820
896
949
899
894
765
870
941
812
984
723
875
855
846
878
772
922
764
875
942
882
852
905
917
971
941
594
1002
919
823
910
938
807
828
892
888
857
770
922
821
902
999
1272
1167
889
870
843
795
896
922
942
873
886
901
881
943
998
693
763
872
862
900
765
886
895
827
781
877
766
793
1216
1986
2220
2178
1964
1821
2166
2101
1947
3120
2819
2122
1941
1729
2068
1001
642
679
811
698
1187
1144
856
1214
882
720
925
689
752
1784
1613
1430
1648
1547
1519
1481
633
613
1912
2023
1905
1882
1797
1834
1236
1064
2087
2025
1819
1474
1632
1640
1223
1479
1426
1391
1064
999
1152
945
1074
829
771
902
911
796
898
874
879
892
898
837
810
941
857
893
840
913
913
971
917
764
889
768
884
827
816
817
706
894
786
825
901
875
795
898
776
824
914
838
812
910
951
