604
911
1008
882
988
1039
1001
961
992
887
998
909
1304
1078
806
854
899
857
862
949
952
956
871
1008
1007
967
974
877
719
1815
2013
1246
2307
2026
1325
2009
1463
1499
2137
2186
1898
2336
1776
1793
1835
1789
2451
2168
2580
2187
2154
2265
729
1720
1551
1572
1428
1404
1402
1272
1156
978
973
1125
830
852
839
879
1026
890
982
880
934
983
1204
819
779
953
902
866
1011
804
1114
836
1567
842
815
869
885
854
834
842
898
962
981
1029
888
718
687
861
838
926
986
1042
928
897
938
839
978
984
968
1112
1085
642
661
952
854
834
984
1018
955
935
1027
981
1045
981
915
748
962
1487
1127
930
981
956
970
874
902
931
924
969
1368
891
1065
841
968
851
973
964
954
919
975
932
923
850
807
827
996
783
738
900
974
934
882
977
981
897
1005
966
935
999
823
874
1016
1179
805
737
969
878
938
818
937
1016
820
836
936
992
880
901
974
945
719
767
933
970
970
967
953
988
934
990
922
857
940
937
1347
1665
2431
2114
2105
2327
2162
3333
3200
2094
1903
2255
2161
1628
1946
2086
2049
1508
1729
1777
1119
1535
837
1055
962
872
1044
998
959
939
826
850
891
856
911
1085
994
929
976
1031
1004
953
861
833
827
847
965
977
972
865
953
2244
965
992
1076
1144
896
800
971
872
841
803
692
887
878
982
1283
1464
1911
2024
1383
721
1446
2123
2283
1907
1965
1836
854
953
1598
1051
1066
1169
992
1059
1078
1117
1059
1029
899
733
864
851
850
756
758
830
741
754
926
775
715
803
835
754
945
910
700
937
1324
889
1170
745
697
934
608
1325
2154
2283
2361
2019
2237
1992
1846
1833
2023
1973
1907
1136
880
1931
2161
1734
2016
1927
2008
2684
3297
2370
1866
1965
1571
1606
1676
1423
1432
1262
1150
945
939
1111
982
922
961
910
911
1150
1241
1034
996
941
986
889
903
967
879
844
813
1025
753
859
933
772
1001
796
1021
904
961
959
966
978
975
845
948
1395
1870
1882
1285
942
1056
996
1069
844
986
828
1033
1269
1469
1721
1258
1035
1009
1015
955
969
944
867
971
1127
1053
885
854
895
905
1222
1047
795
1546
1988
1853
2046
2040
1832
1831
2001
764
1126
1111
1127
1127
1089
1024
1128
1067
871
923
935
927
861
972
1021
1040
1002
1049
995
984
905
826
1081
904
1001
1095
1106
897
947
916
992
1003
827
1026
983
855
937
919
1016
861
839
972
784
966
890
925
954
1009
1016
969
964
841
960
949
932
842
816
973
1002
891
802
895
823
941
928
908
981
859
979
946
903
826
826
829
849
872
641
816
851
944
935
819
896
869
838
1024
942
1031
1343
2173
2300
2100
2160
2137
1740
1952
2061
1995
1939
2040
2055
2262
2272
1993
764
1228
1715
1757
1822
1308
1307
1317
1326
1083
773
792
799
857
932
946
850
898
888
822
942
939
960
991
1075
1780
2158
2042
2136
2070
1941
2535
2267
2020
1988
2271
2247
2108
1405
804
2156
795
1294
1280
1178
1120
873
737
862
849
1014
1154
1189
1139
977
1185
969
840
1003
1243
1636
1402
2093
2381
2315
1986
2353
952
1021
913
1025
2167
1915
2108
2214
1403
1647
1019
1282
981
1207
1042
1237
1228
1421
1232
1284
1104
1292
941
1480
1545
1703
1491
1400
1413
1306
1118
1061
1104
832
916
990
827
968
870
994
892
826
976
877
963
675
797
3256
3899
4296
2025
2139
3582
2574
2710
3592
3238
2435
2189
2202
1855
1744
1929
1644
1414
1396
1739
2098
2102
2018
2325
3537
2168
2153
2166
2203
2233
1570
1909
2002
1949
2186
1996
1920
1169
1216
1511
2555
2095
2200
2459
2531
3373
916
989
1137
1036
1083
1742
735
950
913
966
897
956
899
946
881
954
819
958
967
737
764
914
822
923
826
962
1041
995
977
1036
885
998
1113
888
1158
2090
2232
2121
2123
1971
1770
882
825
693
1593
1914
2164
2171
2108
2103
1925
1420
2139
2221
2023
2004
2122
1982
1445
2052
1955
1998
1952
1951
1717
1345
938
1238
1153
1104
1338
979
1003
977
907
933
857
902
948
858
1921
1358
1107
1107
2293
2134
2178
2076
1035
2079
2059
1935
2214
1988
1820
2059
2210
2112
2286
2033
2062
2160
2077
2077
2026
2000
2002
1958
1645
746
1901
1872
2060
1990
1892
1649
1505
2024
2139
2130
2139
1909
3731
2029
1608
1143
792
1038
994
1099
1106
784
1131
731
829
848
959
981
980
955
954
942
1021
874
908
1010
908
2385
1894
1919
1961
1150
1099
1100
1154
1881
1031
1144
1183
1220
1017
1167
1220
1171
1156
1075
1211
764
946
800
980
1030
809
982
770
1043
829
875
891
991
966
997
740
862
969
964
893
859
945
818
989
848
907
921
817
957
968
930
933
933
1377
1193
809
892
928
968
942
811
991
1049
884
927
909
944
960
751
835
954
963
961
947
934
999
1012
1006
931
955
872
922
1036
1564
1385
869
1031
976
968
966
941
844
825
817
1024
1026
924
861
773
714
888
873
905
913
942
899
912
918
842
1013
947
938
831
792
931
950
961
942
937
874
958
897
886
820
880
981
962
854
809
936
1016
938
1023
1021
930
887
815
1011
868
993
927
969
887
940
871
928
986
969
866
954
866
816
903
824
942
888
906
844
