1096
1748
2140
1519
1237
1094
1350
1516
1576
2226
2398
2017
2461
1376
2173
2364
1703
1805
1669
1014
1396
1234
1371
1413
1118
1125
1076
1093
1076
1125
1326
1725
1285
1091
1165
1093
1171
1116
1082
978
1193
1241
1234
1146
1106
1072
1168
1059
1166
1158
1133
1078
1116
1032
1199
1102
1034
1010
904
906
1069
863
931
875
887
1095
1143
1017
1051
960
915
1069
1121
1100
1082
1193
961
1056
868
975
995
1011
1202
1003
1049
1102
1098
1093
981
1422
1434
1324
1428
1363
1123
1327
1852
2798
1383
1857
1566
797
2401
745
985
1093
1122
970
1100
1139
1221
1100
1852
1863
2593
2722
2213
2640
1693
1655
2400
2174
1762
1652
1465
1384
2420
1295
2618
2489
2627
2474
2766
2593
2825
2137
2827
2472
2131
2796
2578
2618
1545
1346
936
1458
807
955
1064
1036
1004
923
1324
938
1434
954
1314
1313
1414
1077
1277
1326
996
1192
1153
970
972
1078
1001
1023
1020
1228
1000
1084
1095
1143
934
1107
1088
1146
1021
1026
1122
1029
1118
824
1088
1079
1039
1040
1095
1157
1088
1009
1099
1097
1078
1282
1169
1489
1361
1616
1377
936
1111
1195
1099
1063
1130
1255
1466
1362
1674
1319
1064
998
1162
1082
1158
1108
1077
1463
1078
1175
828
954
740
1218
1118
1966
1225
1646
1302
881
1038
830
1195
1194
1034
1156
1220
1034
893
785
1021
1086
1077
1065
941
1094
1013
965
1031
1107
1229
1613
764
1617
2206
2470
2500
2150
2359
1665
1811
2059
2158
1701
1710
2034
1570
2236
2861
2278
2714
2339
2325
1698
2125
2538
2449
2186
2498
1217
1422
2308
2587
2523
2384
1674
1855
2587
1630
2288
2605
2531
1605
2548
1598
2417
2362
1868
1545
1542
972
1076
981
1162
1045
937
1031
1053
1122
992
1101
1116
1120
1026
1010
1092
1167
1140
1110
753
1236
1177
1056
1017
938
1101
868
777
1107
912
1068
975
1051
956
1176
1112
1075
1029
1097
1093
893
966
1052
1059
1088
1128
1081
1010
1090
1091
967
1097
1078
1313
923
929
870
1113
795
1468
1960
1366
1115
972
1559
948
1213
2356
2246
2207
1594
1091
1242
1429
1232
1286
1236
1318
1155
1102
950
948
1245
2075
2498
2450
2478
2522
1640
1239
1476
1754
2469
2495
2322
2527
1722
1355
2146
1969
1689
1537
1661
1466
1090
1968
2745
2600
2233
2570
2221
1846
2298
1911
2473
2448
2408
2775
2526
2138
2611
2706
2333
2487
2131
2548
2149
2492
2857
2484
2344
1760
2202
2528
2375
1674
2465
2301
1753
2580
2460
2063
2465
2319
2389
2365
2248
1989
2152
2140
2420
2483
2285
2593
1011
1396
878
965
1018
971
954
1345
1024
996
958
963
1014
1616
2282
2078
2041
2460
966
732
2668
2507
2501
2736
3191
924
2223
2214
2516
1937
2175
1788
1151
1038
1347
1135
1133
1173
948
1110
1008
943
1084
1132
985
1032
915
948
964
971
1023
1114
1030
1092
1025
1109
1004
1057
1020
809
1296
1131
939
1205
998
1064
1152
1043
955
1006
1002
999
1202
1123
1088
972
975
1077
1051
1069
1026
1123
1086
1134
1119
1088
1031
1160
1145
986
1152
1092
986
1220
1093
1037
1268
1068
1767
1622
1088
1008
975
1081
1030
1141
1118
1059
1132
948
1173
1152
1176
952
1084
1111
984
1218
1160
1083
1144
1158
1057
992
1076
1077
1194
1135
1148
957
1109
940
1011
943
1126
943
1199
972
1216
1107
1113
1131
977
1110
945
1162
1169
1153
1084
1296
1530
953
1156
1189
1157
1001
1195
1102
992
1131
960
1527
1957
947
953
1461
1651
1723
1507
1003
1005
967
966
1019
1061
1168
1102
1107
951
1105
1098
1223
945
713
1149
1069
959
1070
1096
1201
1097
964
1150
962
1163
1047
793
956
1023
1025
1067
1093
1116
1066
1073
1141
1057
995
986
750
1287
2122
2364
2497
2480
2545
2368
942
1855
2472
2576
2645
2202
2306
2180
1946
1764
1853
1457
1311
1448
1409
1308
1206
1175
1182
1009
1078
1120
1093
1094
1131
996
1076
1113
1076
1072
1026
1172
994
1113
1115
1031
1222
1201
1118
1058
1060
1228
1158
1024
1019
975
947
1185
1122
1087
1002
1087
1108
1092
937
987
1358
2316
2534
2374
2456
2599
2323
2395
2091
2558
2383
3257
3769
2255
2410
2210
2493
3046
2724
1194
1297
1315
990
953
989
1107
938
1066
1072
1141
1083
1130
2413
1431
2205
2373
2523
2359
2612
3913
2883
1197
1547
1355
990
970
1215
934
1002
963
1043
1791
1566
2411
2338
2339
1680
1455
1553
1444
1608
1280
1195
1301
1334
1059
990
961
1004
1191
970
1097
1022
1010
1212
1174
946
991
1030
1124
792
788
925
1094
906
1091
1144
955
1090
1078
932
1086
942
1075
1099
997
1010
894
975
1016
1098
1135
1075
1074
1097
1000
1083
1158
781
976
1145
1102
1164
1085
1163
1074
1166
1107
983
1011
1174
880
989
1037
1141
1094
1078
1001
1065
1088
1009
947
951
1066
1202
2376
2518
2035
2465
2564
2372
2364
2294
2477
2294
2187
2564
2204
2525
2154
2051
2395
2148
3805
1421
1460
2305
1573
991
1037
936
1959
1995
1869
1611
1917
1689
909
1113
2154
1895
1218
1348
1441
1077
944
1232
2002
2172
2294
2520
2379
2069
2853
2884
2776
2462
2760
2419
2466
1768
1931
1830
1522
1224
1415
1485
1257
1312
1149
972
1172
1096
1095
1156
1091
956
1093
993
1081
1180
937
837
988
1150
1124
1176
1196
1058
1030
932
1076
1201
2333
2121
2399
2198
2133
2432
2485
876
2556
2582
2474
2472
2155
2854
2141
2795
2217
2567
2575
2745
2509
2585
2367
2217
2871
2263
2293
2608
2494
2162
2130
1663
998
1563
1389
1028
1107
1283
1136
1094
1026
920
1374
1525
1368
1625
