26
24
13
13
11
12
12
12
12
11
13
11
12
12
12
12
12
12
11
14
12
12
11
12
12
11
12
11
12
12
12
12
12
11
12
12
12
12
11
11
12
12
15
12
12
12
11
11
11
12
11
12
12
12
12
12
11
12
11
12
11
11
11
12
12
12
15
12
12
11
11
11
11
11
12
12
12
12
12
12
12
12
12
11
11
11
12
12
12
14
12
12
12
12
11
12
11
11
12
12
11
12
11
11
12
11
12
12
12
12
12
12
15
12
11
12
12
11
12
11
12
12
12
12
12
11
12
12
12
12
11
12
12
12
11
14
12
12
12
11
12
12
12
11
12
13
12
11
12
11
12
11
12
12
12
12
12
12
11
15
12
12
11
12
12
11
12
12
11
11
11
11
12
11
11
12
11
11
12
12
12
11
14
12
11
12
12
12
12
12
12
11
11
12
11
11
12
12
12
11
12
12
12
12
12
15
12
12
12
12
11
12
12
12
11
12
11
12
12
12
11
12
12
11
12
11
12
12
15
12
12
12
12
11
12
11
12
12
12
12
11
11
12
11
12
12
12
12
11
11
12
11
14
11
11
12
11
12
12
12
11
12
12
11
12
12
11
11
11
12
12
12
11
12
11
15
11
13
13
12
12
12
11
12
11
11
11
12
12
11
11
12
11
11
12
12
12
13
16
13
12
12
12
13
13
13
11
13
13
14
12
11
11
12
12
12
12
12
12
12
11
14
17
14
13
11
12
12
12
12
12
12
12
12
12
11
12
12
11
11
12
11
11
11
12
15
12
12
12
12
12
11
11
11
12
12
13
12
11
11
12
12
12
12
12
12
11
11
15
11
12
12
11
12
12
13
11
12
12
12
11
11
12
12
12
12
11
11
11
11
11
14
12
12
12
12
12
11
12
11
11
11
12
12
12
12
12
12
11
12
11
12
12
11
11
14
11
11
12
12
12
12
11
11
12
11
12
12
11
12
12
12
12
11
11
12
11
12
15
11
12
12
12
12
11
12
12
12
19
36
23
31
22
24
27
25
28
21
21
20
20
24
21
20
20
21
19
21
21
21
21
20
22
22
25
23
20
24
22
22
21
21
25
24
19
14
13
14
14
12
11
12
12
11
12
12
12
12
12
12
12
11
12
12
13
11
12
11
14
11
12
12
12
11
12
12
12
11
111
12
12
11
11
11
12
12
11
11
12
14
12
15
12
12
12
11
12
12
12
12
12
12
11
12
12
11
11
12
11
12
11
12
11
12
14
12
12
11
12
11
11
12
14
14
13
15
14
14
13
12
11
12
12
11
12
11
13
14
16
13
14
14
14
13
13
14
13
13
14
14
13
13
14
11
13
14
13
13
13
11
11
15
11
12
11
12
12
12
12
12
12
11
12
12
11
12
12
12
11
11
15
14
13
14
16
14
13
12
12
12
11
11
12
15
14
14
14
14
13
15
13
13
13
14
12
12
12
15
11
12
11
12
12
12
12
11
12
11
11
11
12
11
12
11
11
12
11
12
11
12
11
14
11
12
12
12
12
11
11
12
12
12
12
12
12
12
12
12
12
12
12
11
14
11
14
12
14
14
12
14
13
13
14
12
12
14
13
13
12
11
13
11
11
11
11
13
15
17
14
13
14
11
12
11
12
12
14
15
11
11
11
12
12
12
12
12
11
12
12
12
14
12
12
11
12
13
13
13
11
12
12
20
14
12
12
12
11
12
12
11
12
12
12
12
16
13
12
113
12
13
12
13
13
15
25
15
14
15
14
14
15
15
14
14
15
14
15
15
12
12
11
12
12
13
11
12
12
12
12
12
12
12
12
11
12
12
12
21
12
11
15
12
12
14
14
14
14
12
13
13
14
14
13
14
14
13
14
14
14
14
13
14
14
14
17
13
14
13
14
14
12
12
11
11
12
12
12
11
12
12
11
12
11
11
12
13
12
14
11
12
12
12
11
12
12
12
11
12
12
11
12
12
12
12
12
13
12
13
11
11
14
11
12
11
13
12
11
12
12
12
12
12
11
12
12
11
11
12
12
11
12
12
12
15
12
11
11
12
12
11
12
12
12
12
12
11
12
11
12
11
12
11
12
12
11
11
11
14
12
12
12
13
11
11
12
11
11
12
12
12
11
12
11
11
12
12
12
12
12
12
14
12
12
11
12
12
12
11
12
12
12
11
12
13
12
12
11
12
12
11
11
12
11
15
11
12
12
12
13
12
12
13
12
12
12
16
15
12
12
12
14
15
11
12
11
12
14
11
12
11
