412
404
353
358
411
368
391
377
396
402
371
383
409
414
382
341
355
330
462
681
468
354
343
383
389
396
367
327
381
302
355
389
386
409
434
342
367
333
376
376
370
374
393
393
362
386
380
384
369
379
379
339
333
390
405
501
376
427
360
401
408
409
390
352
391
402
432
388
370
388
332
367
372
360
347
385
384
354
351
368
365
334
395
415
330
381
371
373
358
373
328
351
380
336
388
357
343
379
385
369
333
357
370
378
390
350
326
340
376
379
416
373
350
335
343
374
346
375
389
381
379
392
383
367
396
338
329
406
446
396
402
393
378
338
385
402
381
415
918
1059
915
980
961
1027
1075
898
1013
1060
691
376
363
329
353
338
367
327
300
377
337
375
340
378
312
381
330
338
378
322
369
379
375
371
355
371
331
379
380
342
347
372
351
375
387
372
333
491
660
395
431
418
853
498
767
843
791
771
853
601
604
555
602
455
449
419
419
404
456
351
338
321
458
755
705
657
444
432
428
442
388
378
352
394
382
405
354
323
355
352
323
302
315
303
344
348
315
359
338
368
340
372
383
362
373
328
609
462
461
396
422
462
387
383
414
491
462
563
500
373
408
603
433
406
410
362
371
392
366
411
403
404
420
380
407
420
355
374
359
329
362
361
413
326
374
372
334
396
362
342
342
617
733
677
413
338
331
516
672
634
691
626
547
563
563
511
448
398
376
461
445
408
404
315
349
335
374
303
345
348
383
346
433
390
423
431
459
368
349
300
385
364
361
317
359
393
362
384
331
377
325
341
401
370
371
391
392
353
367
395
379
362
406
387
381
384
391
406
399
331
381
509
592
410
340
633
591
524
579
526
705
416
507
489
535
533
340
458
389
480
408
379
410
321
345
352
342
330
325
351
323
418
365
324
377
430
351
317
378
381
358
396
377
381
393
393
334
372
346
327
369
328
330
372
367
381
320
368
352
388
399
391
389
347
389
352
380
400
462
427
383
386
388
342
376
385
380
385
383
358
404
368
394
369
342
369
376
339
342
375
375
386
338
368
377
374
330
378
383
382
353
369
363
390
398
388
382
397
407
395
373
616
1209
1863
1728
902
1059
1022
1132
942
1000
1643
1589
772
675
417
436
455
504
500
476
366
374
375
356
375
346
343
361
337
344
334
315
305
340
338
352
360
368
349
381
340
333
334
317
514
1394
1377
361
868
879
943
952
982
1090
1058
1066
938
859
883
404
398
329
367
899
1153
1112
1144
1037
1026
980
1040
891
964
715
744
780
342
372
958
969
999
945
1093
1077
1053
1151
1166
1156
828
784
855
565
491
535
499
445
553
459
320
309
352
319
328
326
342
371
364
301
304
334
346
343
354
316
320
370
336
320
350
335
333
379
364
391
337
390
366
389
323
357
346
374
342
360
369
373
357
362
407
347
370
349
333
371
383
401
362
382
326
329
369
327
380
337
361
385
383
340
379
378
378
363
434
724
710
683
417
440
439
410
509
423
448
681
1255
728
714
392
399
742
523
434
417
366
391
402
395
426
382
352
324
344
325
326
369
389
388
407
406
350
330
371
479
363
369
686
419
429
353
380
728
579
696
650
592
585
564
586
567
538
424
425
424
380
378
415
346
380
376
317
312
354
353
342
401
318
337
403
408
564
479
413
334
372
366
335
349
363
351
319
374
336
364
385
321
323
355
384
321
380
388
326
368
361
403
370
364
361
339
375
383
367
366
445
402
430
422
341
374
329
356
393
357
419
400
392
377
398
394
386
341
371
334
398
380
363
386
409
357
367
406
385
411
383
380
354
411
399
373
609
1020
954
463
992
1019
885
918
1095
1013
1029
914
874
840
770
463
569
392
1490
747
699
391
406
416
378
614
576
385
385
504
494
491
511
452
499
424
410
416
371
409
439
342
431
435
404
344
449
397
344
393
631
435
1284
588
440
309
325
351
327
350
314
364
360
350
357
310
397
321
360
386
362
353
343
364
346
362
368
318
373
376
330
410
342
400
538
432
379
400
381
340
376
369
349
341
390
402
325
377
387
379
397
394
385
348
364
357
354
396
345
357
377
393
356
364
391
374
359
340
403
359
401
422
376
399
403
348
354
384
416
364
353
399
408
381
385
405
403
347
404
339
385
381
427
387
387
333
399
410
395
412
396
394
357
338
380
400
498
674
407
392
353
431
852
1885
2033
2094
1743
1828
1094
360
389
395
401
390
395
440
390
417
418
395
395
365
404
351
396
433
414
348
334
327
302
307
354
329
333
355
369
350
359
340
362
387
386
341
460
365
385
367
330
371
360
330
379
354
602
644
498
383
407
383
377
371
