933
833
990
972
1510
1395
1573
1467
1359
866
778
900
919
846
904
720
942
644
663
889
874
821
849
858
854
797
762
758
870
833
848
799
759
809
900
694
917
876
865
725
870
851
800
804
810
857
858
840
740
737
874
901
1123
717
673
749
737
758
830
616
755
827
879
893
872
750
837
866
830
828
1589
2362
1693
1890
1957
1965
1885
1718
1630
1896
1973
1619
1863
1963
2067
2926
989
834
1414
1339
1214
1255
1023
918
1055
921
1153
641
665
709
826
835
858
949
889
716
841
923
867
909
875
810
722
880
695
916
890
898
804
816
533
845
808
750
764
893
854
864
901
920
953
627
857
852
815
705
1218
987
1181
1480
862
828
677
1288
1911
1775
1698
672
1183
720
704
1069
1190
620
1596
1620
1625
1859
1818
1628
1229
701
649
585
942
988
932
1059
861
1012
855
842
877
737
872
1619
1343
864
928
817
839
836
852
781
839
886
848
729
835
791
739
784
861
740
929
858
853
727
905
768
830
810
883
983
932
742
730
849
812
911
840
2355
585
1845
1920
1976
645
1472
1868
2072
1449
1189
1904
1971
1638
1480
2062
1837
965
1112
720
1081
1875
1865
1804
1931
2016
2141
749
1644
541
723
1146
1005
1754
1884
2040
1346
1699
1310
1429
1063
1126
792
871
1023
886
850
1009
949
866
900
3024
2777
1128
1762
1955
1688
2064
835
1904
2279
779
651
1404
1765
1563
1676
1564
989
765
946
971
841
1216
588
650
815
899
726
772
834
858
833
857
1973
1021
1448
1102
876
820
754
1083
788
694
700
662
829
834
827
790
879
924
912
783
739
874
862
777
690
823
876
718
820
801
780
828
771
686
600
769
802
753
820
733
848
733
802
961
867
652
1224
2160
1667
1881
1847
1755
1759
665
593
1806
1671
1905
1808
1722
1796
1682
794
955
569
720
1555
1910
1696
1447
1416
1583
1005
1064
1468
889
627
890
737
859
852
864
877
770
935
900
877
813
741
922
840
1887
1404
1708
2022
2100
675
1981
1963
2263
1572
1009
2141
1959
1649
1286
1432
1741
1027
667
801
595
727
1862
1900
1922
1954
1879
2028
1455
1449
593
1948
1789
1629
1410
1265
1391
905
1094
1086
1030
1119
973
863
806
721
723
725
861
843
807
813
741
778
727
793
781
836
1802
1771
1654
1925
1916
1836
1930
1971
1675
1923
1546
1316
1966
1952
1365
1120
840
764
1111
839
817
944
643
785
1015
1137
1240
1239
1085
1180
1081
1282
1337
662
937
832
1237
1706
1741
2129
2064
1938
1999
1133
649
735
972
1107
1208
1159
994
1109
1136
1177
939
768
921
782
793
742
848
873
795
904
856
909
827
839
887
889
820
879
884
873
796
790
696
810
858
862
846
837
837
880
882
876
730
842
741
923
816
667
773
814
774
858
732
927
751
730
882
905
856
850
791
748
864
929
961
833
781
1752
1922
1965
2006
1992
1940
1778
1522
650
626
1200
2046
1918
1596
1665
1900
1569
1243
1594
1803
1065
1244
1202
1210
1272
1230
1038
903
934
688
840
791
789
705
852
731
778
734
742
895
879
836
886
893
773
870
1050
629
805
935
766
789
836
839
852
760
795
755
831
891
844
863
858
981
707
622
642
625
876
877
835
967
880
795
815
843
884
884
909
857
891
649
717
723
848
884
907
624
703
723
840
899
755
733
625
759
837
2133
1022
778
816
1258
1451
1107
1105
1108
941
722
787
783
955
837
904
829
818
676
718
731
867
1565
802
775
947
734
859
748
808
738
817
845
863
839
777
935
900
882
1299
731
622
1456
1496
1279
1390
972
1104
1205
1257
1107
978
1088
723
689
1666
1760
1828
1724
1649
2039
1732
2004
1175
904
990
884
910
1000
949
626
848
918
882
880
775
1031
1216
1429
836
767
778
793
753
829
865
898
837
884
939
863
837
869
920
2174
2387
2204
2315
2409
1759
2206
2167
1962
1790
1740
1544
1478
2419
3194
2632
2451
1990
1071
625
1768
2355
2156
620
883
2243
2179
2018
1443
944
2238
2258
2149
2069
1959
2319
2214
1873
1779
1415
1333
1555
1507
1161
2078
1677
1063
913
822
864
810
755
817
895
882
746
854
855
581
758
773
805
733
593
950
720
1111
775
701
805
730
650
760
689
889
878
798
830
738
832
914
745
851
767
807
896
916
745
684
766
736
732
865
892
759
780
902
750
776
1173
1295
1962
945
656
1153
872
1031
847
1078
1042
1315
682
1070
958
1624
1137
910
627
975
766
765
826
830
818
656
819
703
776
733
774
730
831
759
711
764
2230
1140
1910
1826
1880
1923
2040
2071
1569
660
811
672
743
672
693
1237
1291
1298
1260
1063
1042
1142
835
864
950
928
805
885
777
846
730
802
745
763
816
782
844
760
846
788
820
3075
1948
1878
1929
1902
2009
642
1209
1690
1855
1897
1989
1818
1724
1714
1083
1541
1300
1559
1205
1072
1069
1290
1191
953
842
1174
1091
1407
1770
1913
1850
1037
1820
1805
1267
1357
1614
1751
1282
1680
1135
2008
1822
1302
1434
1089
1450
1262
1151
818
964
847
1044
910
916
968
867
969
907
1201
1021
717
798
943
868
916
711
605
830
789
858
826
996
601
1138
719
616
