55
31
30
29
30
30
26
27
29
29
30
29
26
25
26
25
26
27
24
23
23
26
24
23
26
25
23
23
27
25
25
24
25
23
23
26
25
24
27
23
25
28
29
33
51
68
30
40
27
30
30
28
27
30
30
29
28
25
26
29
25
24
23
23
26
24
23
25
27
26
25
25
26
25
25
26
25
25
25
25
30
25
26
24
26
26
24
24
26
23
25
23
25
24
25
26
27
26
23
26
23
25
27
25
25
27
25
26
25
25
26
25
23
27
24
24
26
23
29
28
28
27
26
28
25
24
24
26
27
26
25
24
26
26
24
27
26
24
27
23
25
22
25
25
30
31
29
26
28
26
25
25
24
23
26
25
24
25
25
26
26
26
25
23
26
27
29
25
23
25
27
25
26
25
25
24
26
24
25
23
26
27
25
25
25
23
26
27
23
24
25
24
26
25
26
26
27
26
26
24
27
24
25
23
26
23
24
26
29
24
25
23
25
24
25
23
26
25
24
25
27
23
28
23
27
25
25
25
25
27
27
27
27
28
26
25
27
27
25
26
29
27
30
42
27
41
36
28
26
25
28
34
31
28
28
46
34
27
33
29
29
33
28
28
33
28
27
27
28
29
27
29
32
28
26
29
28
27
30
28
23
25
23
25
23
25
25
25
23
23
24
25
23
23
27
25
25
25
24
26
24
24
24
26
25
25
25
25
26
29
28
29
26
24
26
28
24
25
23
23
23
24
24
24
25
25
26
25
23
26
25
24
25
25
25
27
29
24
26
25
26
27
25
24
25
24
26
25
25
24
25
26
25
25
23
24
23
25
27
24
26
25
25
25
23
24
25
26
25
26
23
28
28
27
29
25
25
25
26
28
25
24
24
25
24
26
26
25
24
25
25
24
25
25
25
23
26
24
26
25
28
26
27
23
28
25
25
26
24
23
26
25
25
24
26
25
24
27
25
26
24
25
29
26
26
25
25
26
26
26
26
25
23
27
26
26
25
26
25
26
24
25
25
31
25
25
25
25
27
25
25
25
24
30
29
65
52
64
59
30
29
28
30
26
33
28
26
28
30
29
28
29
28
26
28
30
28
28
29
26
28
28
30
30
29
29
34
30
30
29
29
29
29
29
30
28
27
30
29
29
26
28
29
28
28
30
25
32
28
27
29
28
26
27
28
27
29
29
28
28
29
28
29
27
26
29
29
27
32
46
52
48
32
27
38
27
27
27
26
30
27
30
32
29
28
25
25
23
24
25
29
25
22
26
26
25
23
27
23
26
26
24
25
25
25
25
27
25
27
27
23
28
26
23
25
24
23
23
24
25
27
29
30
27
28
24
27
26
28
33
27
29
33
28
29
29
37
52
45
50
47
53
52
63
53
54
29
28
28
31
28
26
28
29
32
31
29
30
30
25
25
24
26
25
25
28
24
25
28
28
27
27
49
41
30
32
26
29
28
48
30
27
27
31
29
29
27
28
29
27
31
30
43
71
40
28
38
29
28
51
55
54
57
47
52
52
57
60
50
49
54
58
38
52
30
29
29
39
34
27
30
29
31
27
38
30
30
28
28
28
28
29
26
30
26
26
29
27
28
32
29
27
29
28
28
27
26
27
28
30
26
30
30
27
28
29
28
28
29
27
33
29
26
29
29
29
26
28
27
29
29
27
28
28
28
26
27
28
27
29
27
27
32
30
28
27
26
31
29
30
29
29
26
27
30
27
26
31
28
28
26
29
29
32
28
29
28
29
30
28
28
30
28
30
29
29
29
29
28
30
27
29
28
27
32
30
27
27
30
28
30
29
29
27
29
31
30
29
29
29
28
29
30
29
31
48
54
49
47
43
41
45
47
45
34
32
30
29
27
30
28
35
55
56
39
49
46
65
47
49
53
55
46
55
55
55
59
61
86
113
129
37
37
28
30
33
31
39
38
33
36
33
30
35
48
36
28
35
48
48
62
44
50
40
34
67
58
59
88
48
50
64
48
56
47
49
65
57
71
67
66
67
53
51
50
56
54
48
50
88
44
44
52
32
26
29
31
28
27
29
27
26
28
27
28
39
36
28
28
31
29
41
34
26
29
29
38
29
31
28
42
29
32
26
45
30
28
43
30
45
29
38
32
47
36
27
41
27
25
30
50
30
24
26
23
40
53
39
31
27
33
31
35
34
29
32
27
25
33
29
29
28
26
25
30
29
44
35
47
30
41
44
51
35
27
28
26
29
27
29
27
32
30
40
40
61
37
34
29
28
68
32
27
28
28
28
29
29
35
26
