275
264
285
265
233
241
237
204
230
236
229
234
238
246
224
244
221
231
278
256
262
265
262
265
268
228
226
233
251
226
256
257
259
251
312
252
244
236
252
282
235
244
254
221
250
238
249
256
246
254
254
228
246
233
261
256
254
260
275
248
222
234
230
253
249
222
242
252
266
257
252
272
250
228
260
238
255
271
237
256
247
240
284
279
252
259
328
233
261
268
263
258
254
275
258
264
248
245
248
265
232
256
275
270
279
225
281
270
256
265
264
258
253
253
251
273
255
248
269
241
257
245
243
249
243
258
267
238
266
231
282
266
272
268
292
258
271
355
277
253
250
229
254
229
245
226
274
257
274
228
251
262
234
283
264
261
237
246
261
246
258
257
267
282
269
267
265
253
231
274
254
229
282
249
242
239
249
258
251
283
269
257
256
259
258
257
258
235
297
291
261
278
259
229
287
233
239
270
256
279
228
275
256
262
257
229
236
237
262
259
263
271
278
226
262
267
270
233
252
285
269
265
265
276
275
257
253
277
282
232
241
255
278
254
263
240
253
270
256
298
259
267
249
264
292
226
273
261
231
257
261
259
252
243
277
275
232
234
280
249
267
270
263
264
261
264
247
286
261
236
272
279
262
229
268
243
249
232
274
254
262
274
269
272
257
253
258
253
286
260
258
311
260
286
254
272
273
269
257
254
263
220
261
255
236
255
255
270
268
272
230
277
239
267
239
229
229
263
235
229
258
239
262
227
279
260
260
258
233
247
251
259
264
226
277
234
252
268
261
266
260
258
243
335
282
267
283
284
258
285
257
263
280
261
261
261
258
249
232
245
272
237
230
262
258
257
239
266
269
256
240
259
257
266
233
248
257
263
230
259
236
261
245
265
244
272
230
257
268
253
259
240
276
238
226
298
271
246
262
265
239
244
271
273
265
271
252
254
236
238
258
242
275
252
246
261
274
239
273
224
245
247
256
254
282
280
260
255
232
262
257
224
259
272
284
260
248
275
249
276
253
259
271
278
279
275
599
433
420
542
417
278
288
308
282
370
319
256
320
365
434
316
258
285
294
281
462
499
326
301
297
263
293
326
338
281
261
266
220
258
230
235
240
237
242
260
251
234
253
230
224
265
264
262
260
233
248
236
257
259
256
228
254
286
253
254
272
258
229
278
228
298
288
292
298
365
458
272
312
268
238
260
252
236
288
247
236
247
245
241
304
260
251
246
273
259
242
271
261
257
251
231
253
227
243
244
269
258
237
295
258
228
262
279
239
265
256
231
237
233
249
261
265
240
244
342
363
285
234
258
283
276
262
277
267
261
281
285
285
240
239
272
242
274
287
272
231
225
234
232
239
273
263
265
266
230
260
275
281
256
266
250
274
253
235
234
259
281
281
280
249
276
270
276
329
261
243
286
239
284
269
255
294
277
278
232
274
262
282
233
232
269
268
245
262
243
268
268
289
271
266
274
337
260
264
261
271
267
221
267
254
250
265
225
236
225
269
263
232
262
236
232
260
239
255
253
234
262
261
256
251
229
258
233
238
282
227
254
266
232
274
269
268
252
260
264
267
263
239
261
273
276
242
267
271
246
255
259
227
241
262
284
261
253
255
254
242
275
265
256
248
257
223
261
237
288
248
253
261
239
264
251
235
259
270
266
260
262
267
268
332
265
270
247
235
231
240
285
271
267
284
291
268
244
254
229
229
222
230
268
234
241
242
288
239
252
276
270
276
260
239
260
264
276
253
266
267
234
251
257
269
236
244
264
233
239
259
255
255
265
262
433
246
276
250
259
254
233
263
245
263
228
265
257
230
243
262
274
264
277
279
252
258
223
236
263
252
252
263
264
237
259
245
301
258
227
271
275
260
285
242
267
239
255
247
267
257
265
267
277
260
229
302
245
255
272
252
261
271
277
258
234
271
251
228
267
223
258
264
267
276
248
252
262
266
266
251
233
237
231
275
256
257
231
265
256
270
241
262
249
275
250
252
269
231
249
263
237
245
278
292
293
249
287
251
240
275
229
264
240
235
278
236
268
263
243
262
255
265
282
255
273
280
266
269
257
256
291
236
267
238
260
291
274
231
279
251
262
249
224
233
284
250
239
268
240
265
254
231
249
258
274
267
273
247
237
247
275
279
265
273
253
251
233
236
252
260
256
264
251
244
248
236
257
250
250
270
259
258
254
273
267
271
258
265
250
248
254
253
271
248
226
252
265
252
255
260
273
233
261
258
225
280
276
228
254
255
243
343
270
234
232
266
259
233
237
252
236
281
275
