3567
3735
3097
2441
3760
2736
2414
2287
2211
2279
2582
2244
2603
2818
3624
2087
2219
1215
1132
3114
3023
2182
2289
2900
3326
2433
2289
2385
1995
1838
1839
1518
1415
1427
1304
1154
1108
1063
1022
970
981
1063
1167
987
1142
1022
1182
1130
959
1134
953
1025
1107
1029
1044
1218
1096
758
976
1095
1111
965
985
1140
997
1170
958
1279
1227
1225
1024
1127
1025
1124
1087
1101
1111
1148
1113
1193
1133
1110
1068
1101
1217
1105
1165
1010
1177
1245
1195
1159
1223
1186
1195
959
1153
967
1183
1222
1125
1123
1035
1153
1016
1132
953
1699
1088
1226
980
1138
972
1121
1158
1105
1163
1113
1090
1193
957
1120
1118
1092
1129
1320
2396
2603
2616
2322
2147
2407
2389
2467
2517
1338
2552
2433
2049
2557
2434
1331
1784
2014
1721
1526
1240
1315
1268
1241
1082
1024
1144
1320
1129
1244
1332
1068
851
1457
2264
1142
1078
2132
2470
2246
2706
2995
1437
1172
1145
1151
1033
1015
1124
1179
1056
1708
3183
2602
2731
2580
2186
1643
2383
2603
2167
2636
2330
2836
2695
2182
2799
2390
2637
2509
2569
2189
2318
2576
2685
2612
2169
2124
2108
2120
1824
1969
2179
2307
2549
2270
2888
2161
2324
2397
2738
2193
2472
1621
2648
2533
2560
2484
1814
1389
1936
1773
1561
1325
1194
1323
1355
1064
1064
1823
895
1880
2170
2389
2283
2407
1929
2638
2386
2588
2182
2544
2925
3193
3668
2297
1586
1103
866
1353
1784
2516
2560
2822
3468
2590
2703
2246
2697
2206
2377
2535
2508
2453
2496
1013
2437
2607
2781
2548
2472
2854
2613
2410
2529
2206
2757
2591
2530
2030
2284
1830
1863
1626
1139
1106
1140
1147
1000
1053
1166
1119
1109
1142
1034
1148
1820
2573
2589
2505
2488
2243
2738
2591
2149
2677
2884
2292
2492
2343
2350
2231
1545
1582
1920
1294
1411
1199
1221
1177
1162
1198
1224
1184
1185
1206
1212
1180
996
1166
1138
1134
1111
1061
1035
1005
1100
958
958
1252
1613
1522
1174
3207
3214
1286
842
1027
1094
1110
1119
1049
1089
1021
952
867
1157
1181
1636
2789
2476
2225
1573
1169
1043
988
1677
1264
1178
1147
1121
1107
957
953
1190
1077
1275
1295
1144
1725
1748
1624
1378
1376
1499
1449
999
1036
1031
729
1049
1077
1015
1124
1112
1076
1227
1080
1161
1801
1469
852
936
947
1012
1060
952
924
922
933
1009
1062
910
917
927
1074
915
907
1131
1081
1073
1030
1106
1156
1008
1116
966
1138
1121
1228
2401
1695
827
793
1699
966
2131
2401
1755
1485
842
881
1154
1113
1143
1680
1974
1981
1978
1915
1146
2471
2439
2530
2394
1514
2166
1808
1805
1685
1675
1485
1326
1389
1126
1209
1213
1124
980
1092
1134
999
1062
1091
1142
1072
1030
911
1105
963
1205
1159
1142
973
1080
1187
1177
985
1756
3162
3480
2898
3079
1553
1536
2340
2289
2320
2309
2547
2808
2662
2704
1225
1672
1862
2075
1831
1594
1575
1648
1183
2715
2534
1678
1034
1155
1629
1873
1797
2608
2174
2248
2552
2408
2105
3864
4318
4435
3049
2005
2368
2601
2248
2442
2230
1607
2542
2728
2159
2504
2612
2172
2257
2474
2437
2734
2225
2182
2443
2080
2483
2097
2143
1632
1697
1592
1100
1315
1193
1280
1228
1037
1182
1528
1644
1207
1160
1203
1114
1129
1179
1132
982
1072
1141
1160
1184
1176
1143
1100
1074
1141
1224
993
1151
1108
1146
1105
1102
1826
1267
1333
1028
2831
1751
1003
1208
1235
1123
1174
2223
2427
2293
2330
1971
2680
2189
2532
2231
2220
1389
2490
2669
2493
2520
1848
2089
1858
2327
2570
2591
2699
1758
1775
2665
2181
2725
2501
2328
2528
2407
2521
2452
2494
1688
1843
2243
2044
1892
1876
1866
1602
922
1106
1355
1239
1239
1268
1044
980
1094
1091
1114
1116
1040
842
1123
1010
1127
944
1022
1042
1199
1100
1047
965
1143
2048
1241
2552
2347
2620
2525
2495
1009
2196
2072
2264
2532
2328
3594
4312
2578
2647
2768
1895
1460
1772
2211
2233
2180
2990
3605
2001
2975
3153
1330
791
2588
2440
2584
2367
1003
978
2223
2570
2395
2608
2432
2553
2385
2612
2618
2488
1171
1204
809
2337
2503
2347
1697
2049
2667
2591
2547
2485
2549
2122
2373
1719
2604
2704
2608
2897
2194
2630
1296
1024
969
1076
1156
1094
1168
1132
1279
1288
2570
2376
2191
2446
2301
1624
923
1313
2023
2823
2525
2344
1750
1024
1510
1589
1639
1482
1409
1335
1241
1215
1338
2578
2320
2678
2357
2601
2197
2567
2827
2441
2490
2529
2424
2582
2471
2131
2642
2345
2621
2257
3478
1851
1493
2859
2281
2519
2579
2249
1787
1795
2579
2528
2582
2305
2394
2173
1340
1366
1212
1198
1289
1231
1015
1104
1002
1241
1253
1032
1116
960
1110
986
1098
1143
1118
1106
1162
1092
1178
1345
824
1165
990
1036
1087
1144
955
1089
1138
1013
1205
1136
1280
1015
1196
1133
1173
1019
1148
995
1098
1118
1183
1077
1140
1054
985
1093
1118
1151
985
1146
1136
1144
1205
1089
1083
2576
1540
1409
1094
1682
2360
2062
2166
2684
2457
2140
2463
2496
2371
1990
1817
1779
1554
1309
1478
1175
1185
1083
1055
1322
970
1089
1122
1059
1107
958
1020
1147
1144
1174
1179
995
1111
887
875
1137
1109
1193
978
1159
1004
997
1029
1055
1033
1485
3024
2034
1329
1702
1004
1216
2331
1038
1433
1009
2668
2417
948
1560
2486
2530
2482
2497
2929
1709
2806
2141
2118
2044
1582
1550
1854
2696
2578
2755
2635
2308
1192
2165
2468
2451
2507
2429
1654
2505
2498
2486
2302
2491
2817
2537
2436
2556
2691
2386
2673
2313
2270
2286
2365
2309
1272
1373
1324
1218
1210
1334
1092
1123
1207
1142
1220
812
969
965
1098
1089
1090
955
1030
1167
1085
