101
99
97
95
90
96
96
96
96
89
96
90
103
101
88
98
95
90
95
97
92
75
86
76
83
90
81
87
74
85
83
81
79
86
85
82
82
86
85
80
93
84
83
81
83
82
82
80
90
79
85
86
90
87
86
85
82
83
80
82
79
78
82
77
84
78
76
84
88
91
83
86
230
247
169
217
175
101
98
88
100
103
125
96
86
88
87
75
85
93
88
94
88
82
80
95
81
97
97
91
97
95
88
87
93
92
89
88
87
87
85
83
87
93
86
81
85
92
81
88
85
89
90
87
89
89
86
93
87
89
80
83
85
88
90
91
86
86
76
74
89
84
77
90
90
81
91
81
77
79
83
91
76
87
95
80
88
84
90
92
82
79
90
89
94
84
84
83
90
87
89
85
89
91
91
89
91
90
81
92
97
86
86
89
92
98
89
92
86
88
80
91
79
92
89
93
98
96
89
86
80
80
86
95
87
79
203
116
92
83
90
85
100
92
91
79
89
100
99
98
102
124
110
119
122
148
179
201
134
121
120
94
105
90
109
91
83
94
91
93
79
94
80
80
78
82
79
78
81
88
90
88
88
87
84
91
89
94
77
99
84
80
79
92
82
97
94
95
94
90
81
86
86
91
86
86
85
94
97
88
91
84
94
83
80
95
82
98
92
91
86
94
84
90
96
93
89
94
83
87
84
90
85
92
91
97
97
86
84
93
80
92
84
98
95
84
89
97
92
87
91
89
94
90
82
90
92
84
96
97
94
89
83
80
93
90
89
91
147
110
95
101
86
101
96
104
98
98
92
98
91
90
95
89
84
98
90
94
95
87
79
94
95
79
85
91
90
95
89
100
88
94
99
95
89
106
85
84
82
89
95
96
91
93
81
86
93
92
79
89
83
88
86
81
90
92
91
92
82
89
93
89
86
96
91
100
96
95
84
83
96
91
87
86
90
90
84
85
90
99
93
89
91
84
101
92
90
89
86
86
88
91
92
84
89
87
90
85
89
86
83
94
95
81
88
86
86
92
81
92
90
89
95
87
87
92
89
89
85
93
95
91
92
88
90
86
83
89
82
88
96
97
88
88
98
100
85
96
97
97
95
88
95
81
102
83
91
93
94
95
88
100
95
84
86
95
91
96
153
108
106
99
89
87
87
100
97
102
94
99
93
107
96
100
104
111
99
103
102
87
89
90
88
82
93
95
94
93
90
94
92
88
86
91
93
94
102
97
87
93
94
101
92
94
92
98
95
95
88
98
99
98
100
93
100
87
83
91
92
89
101
86
89
93
104
84
92
91
87
102
91
89
104
86
97
103
96
87
91
94
95
91
102
86
84
90
93
97
92
92
93
89
98
88
103
97
98
96
100
85
94
90
97
83
89
83
90
100
89
82
88
94
90
91
88
94
94
93
91
89
86
85
89
86
83
91
91
83
89
174
105
100
96
93
113
103
105
103
104
101
104
90
89
97
95
86
96
95
84
98
94
102
85
99
99
99
88
98
95
90
88
98
94
90
96
83
94
88
84
94
82
92
95
92
92
84
100
90
101
92
96
95
98
91
88
94
82
94
95
97
93
89
90
84
89
92
88
92
101
81
87
102
89
82
80
88
91
93
89
86
92
89
86
90
93
84
92
88
81
90
88
85
79
89
89
89
86
90
93
83
92
97
95
87
83
88
98
89
99
95
90
95
102
83
92
95
92
97
96
98
90
99
92
100
93
94
98
93
89
125
103
93
94
99
97
99
95
87
98
82
94
93
93
92
93
96
86
92
87
93
92
101
99
85
97
91
93
93
96
96
92
93
87
95
86
97
93
92
94
91
97
95
92
93
94
93
86
86
96
93
92
95
95
91
97
87
87
96
93
84
88
94
93
90
92
89
88
85
88
88
94
98
94
92
97
86
98
93
90
99
83
95
91
96
97
98
94
96
82
96
92
100
92
94
96
84
100
94
90
91
94
94
103
100
95
93
89
88
89
95
92
92
86
92
85
88
99
101
97
88
95
90
95
93
97
86
95
93
86
85
104
86
90
89
90
97
90
85
88
96
96
90
99
92
92
94
94
95
90
94
91
92
97
87
93
92
91
99
97
91
95
88
90
84
93
82
93
93
90
84
94
99
100
89
92
94
98
93
94
88
83
92
93
92
93
89
96
89
92
88
91
97
95
92
91
84
94
91
91
94
92
88
92
92
92
84
89
89
84
92
97
82
86
95
87
88
95
83
91
98
88
82
95
99
89
89
95
85
89
90
88
99
90
92
86
88
86
97
97
92
