71
39
40
47
41
38
39
36
39
38
40
36
37
40
37
33
35
31
34
35
32
34
37
34
31
32
32
31
31
32
34
33
33
33
33
34
34
34
34
35
40
34
36
40
33
32
33
34
33
36
34
34
34
32
36
34
32
34
31
35
32
35
37
31
35
35
33
31
34
33
32
32
36
34
34
34
31
32
31
34
32
35
32
33
33
31
35
31
33
33
36
33
35
31
35
31
37
32
34
35
34
36
35
35
35
32
32
32
32
33
34
35
34
35
33
33
34
31
33
36
38
36
32
30
35
34
35
34
33
33
33
31
34
35
34
31
31
35
35
33
42
34
31
33
34
36
33
33
33
33
33
34
34
35
32
34
34
33
35
32
37
35
33
33
34
33
34
35
33
34
33
34
31
35
34
30
34
36
32
36
31
33
34
34
33
32
34
31
32
31
33
30
34
33
32
30
33
35
35
34
35
35
36
32
33
35
31
34
35
35
34
32
32
34
34
31
35
35
33
37
31
35
34
33
33
35
35
31
31
32
33
32
33
33
35
35
34
35
38
35
34
34
36
54
66
45
83
38
38
40
39
41
37
38
39
39
40
39
39
37
39
35
32
32
34
33
33
33
35
31
34
35
36
35
34
34
35
33
36
34
35
35
36
35
32
34
35
35
35
35
35
32
35
34
35
34
33
34
35
34
35
31
33
31
34
36
35
33
39
38
36
37
36
39
35
39
46
73
70
39
36
36
38
38
37
40
38
35
58
68
71
66
71
45
38
39
38
69
47
35
43
64
42
42
39
39
40
78
69
76
69
63
40
39
42
41
43
66
68
74
70
71
67
86
81
86
76
73
84
68
69
71
69
74
71
69
74
73
71
70
63
68
65
70
69
67
69
51
38
38
38
37
36
35
39
36
40
37
36
40
38
40
37
39
36
38
39
40
35
40
40
36
38
40
39
36
46
37
36
36
38
41
35
35
37
36
38
36
35
38
38
37
38
36
37
38
38
40
40
41
34
41
41
39
40
38
37
39
38
41
40
37
35
38
39
44
39
38
37
36
43
39
41
39
40
41
36
39
38
35
37
39
39
38
41
39
40
42
35
40
39
39
39
39
35
41
40
39
37
37
42
40
39
39
44
41
82
72
71
72
61
61
64
61
57
63
66
60
38
33
32
35
34
36
35
37
35
32
36
34
34
38
36
35
34
35
35
35
36
42
39
54
38
41
39
40
35
35
34
33
33
36
34
33
37
35
36
40
39
41
39
55
38
44
41
39
39
42
42
37
39
40
42
40
36
40
38
40
39
41
42
37
38
43
42
40
41
37
41
40
40
36
36
40
37
39
41
38
39
39
39
38
40
43
39
38
39
39
38
41
40
38
39
40
37
32
34
36
35
34
32
34
38
34
34
34
33
35
37
36
35
33
34
36
35
35
34
34
33
32
34
37
35
36
35
35
33
36
36
32
34
37
33
33
36
36
32
33
33
35
33
35
37
34
35
35
34
33
33
35
36
35
34
33
33
34
33
34
36
34
35
35
40
36
35
37
35
32
35
35
36
37
35
36
36
36
35
36
33
34
36
37
35
37
33
34
35
35
37
36
35
33
33
35
32
35
35
40
34
34
34
37
36
34
35
35
36
35
38
36
34
37
34
35
37
35
32
36
35
36
35
39
36
35
35
35
35
32
32
35
33
37
35
34
31
36
32
35
35
34
38
32
37
37
36
34
32
32
36
35
37
34
38
37
38
36
35
36
34
36
38
35
37
36
36
35
37
36
35
35
36
35
32
33
33
37
36
37
32
35
35
37
35
36
36
35
31
31
35
32
32
33
36
35
89
47
37
37
34
38
33
36
36
35
39
40
41
41
40
42
44
44
39
39
44
37
40
41
43
46
46
42
44
44
39
38
40
44
42
45
38
40
40
40
43
41
40
38
38
42
42
39
39
40
37
38
35
50
43
42
37
37
39
36
37
35
36
39
42
40
38
35
37
39
36
36
37
37
36
38
38
37
37
41
36
36
38
40
42
34
39
38
38
40
39
34
37
35
38
32
34
33
33
32
36
35
31
34
37
34
34
34
31
33
31
34
34
35
34
34
34
34
34
30
32
32
31
36
37
34
31
36
31
32
34
33
30
33
35
34
33
31
36
34
34
35
34
37
35
31
34
34
36
31
35
33
30
32
33
32
33
33
35
32
33
33
34
36
34
36
34
34
34
35
33
34
35
32
33
35
31
34
34
33
35
31
30
38
31
34
34
35
33
34
33
34
36
35
36
33
