498
492
486
534
421
434
511
551
514
467
490
509
751
725
954
1051
1985
1135
1060
1167
1086
1249
1086
1124
1118
1577
1665
1864
1933
1518
1020
870
1197
750
502
855
682
1086
474
1168
983
675
1010
1070
1332
499
1040
1081
1188
1125
614
1172
428
452
1012
815
593
510
513
523
472
443
544
397
498
394
444
560
731
689
651
415
599
727
631
417
486
640
475
680
810
706
737
735
853
739
423
755
697
648
493
399
479
428
431
583
430
367
358
390
1223
589
1213
924
785
629
419
552
560
742
409
752
809
382
394
370
409
453
519
914
621
655
720
578
807
1014
666
686
449
410
841
601
364
714
900
790
710
693
424
462
548
455
441
429
416
552
627
672
486
474
445
422
428
461
377
451
535
458
462
542
466
683
579
467
504
721
785
701
422
373
409
531
507
490
464
454
508
525
443
510
498
463
485
685
400
592
757
482
412
700
593
622
430
553
383
539
604
705
672
564
562
664
552
369
498
722
477
534
510
475
415
404
447
551
427
518
439
669
773
365
433
627
597
544
578
533
683
493
529
509
511
564
540
534
420
473
495
499
833
776
663
418
414
474
368
534
584
482
453
471
712
936
483
1044
800
1106
1075
1171
964
639
435
982
608
942
434
702
720
728
654
811
439
949
997
602
766
881
1234
1106
1508
1736
1388
1639
984
1126
1470
1482
1478
1226
1463
1159
619
889
1099
2161
1183
602
1141
812
742
425
401
676
1088
1032
1096
938
525
1110
786
948
889
951
938
903
1418
369
434
578
662
726
687
712
697
702
695
714
719
709
688
700
601
567
498
532
539
781
702
773
575
876
806
524
456
426
468
492
511
872
741
562
412
378
441
531
440
438
514
434
469
426
566
456
475
663
679
653
1298
1637
841
1404
705
1424
816
960
994
1205
990
1304
2072
1611
1103
1133
1803
712
987
1115
1016
1617
1919
1882
2037
1839
1435
1692
2092
2007
1988
1817
1919
2049
1720
1076
1234
1218
1259
1237
1072
1216
1091
1029
1243
542
377
458
426
415
373
489
521
539
524
492
466
521
503
516
459
440
515
561
517
456
472
474
522
474
500
441
827
725
777
509
498
519
528
457
489
491
502
529
479
536
471
470
491
486
471
435
490
492
519
504
430
440
497
375
334
479
434
491
510
471
444
491
523
529
442
498
537
512
556
506
440
449
455
446
468
520
493
515
437
505
515
897
341
364
1130
500
944
1185
1069
1195
1170
1062
1159
1134
1119
1258
1124
1140
1014
925
376
1143
1009
1157
1169
1145
1092
1000
1055
387
997
988
1204
1177
1142
464
858
838
824
822
842
825
815
627
893
689
526
585
546
716
805
905
1033
1131
1009
1149
1166
1101
970
1344
1114
1082
1155
1160
1167
1118
968
597
477
612
787
756
459
684
549
589
555
659
430
456
466
600
626
497
652
737
686
576
695
490
440
421
474
461
525
432
515
532
518
466
455
525
499
621
408
483
518
499
533
431
477
407
751
424
430
508
464
591
564
673
719
646
713
730
762
746
754
766
724
718
752
699
633
653
594
704
637
763
756
858
434
465
464
546
496
483
445
496
455
527
745
614
441
572
688
773
656
480
466
408
514
393
498
514
559
364
419
419
398
465
428
438
489
518
487
512
478
543
451
503
464
443
584
441
519
512
555
673
594
466
558
444
725
749
774
517
432
403
431
418
474
545
466
460
420
408
422
419
432
437
427
478
419
452
536
502
510
511
501
443
447
748
770
702
660
449
419
423
420
569
542
491
730
515
436
450
828
629
637
478
519
496
558
525
443
479
431
414
443
499
630
616
383
375
432
541
452
502
504
468
539
446
455
507
488
462
495
528
481
470
433
560
448
419
642
428
454
435
491
461
396
393
486
437
483
445
463
486
495
516
488
496
537
491
473
510
458
496
531
519
501
688
456
407
377
1030
967
1046
988
1084
1016
1076
931
1122
1056
920
902
743
770
541
425
435
497
531
523
494
505
467
497
531
513
518
447
454
507
540
492
434
496
514
432
522
490
447
458
492
478
553
427
536
467
490
539
468
493
559
435
534
518
444
500
460
551
435
474
485
431
513
437
447
442
516
467
343
509
433
476
434
487
438
438
447
508
444
454
495
453
497
476
451
447
508
447
470
440
429
440
490
491
518
472
519
493
508
494
610
785
993
1127
1099
1068
947
1035
1102
1141
1093
1078
559
1429
1724
1649
1588
990
451
588
500
744
744
1116
666
1336
757
721
698
633
615
896
1304
532
1170
1427
1471
1602
1122
1094
1119
1137
1014
1175
1025
1242
1136
1415
1031
498
840
1168
1075
1105
1150
1040
1077
1111
1030
944
943
1381
1345
1264
1404
1517
1474
688
516
424
408
1033
780
714
1158
1205
473
917
1064
995
985
1055
1063
1037
1095
919
867
788
897
867
1324
716
962
644
510
622
575
573
593
581
591
571
596
