1465
1703
1673
1730
2276
3509
3442
3094
3509
3550
3502
3310
2924
3031
3524
2704
2681
1870
1501
1528
1707
1519
1378
1516
1473
1478
1264
1540
1674
1677
1678
1138
1507
1672
1520
1361
1494
1251
1725
2112
2828
3357
2906
3495
2087
3442
3753
3710
2039
2503
3254
2523
3320
2912
2531
2438
1847
1476
1401
1618
1550
1421
1508
1626
1494
1528
2901
1905
1375
1291
1547
1882
1829
2946
4074
3476
3000
3273
1300
1295
1564
1463
1424
1468
1375
1420
1530
1590
1340
1668
1592
1616
1391
1514
1376
1331
1528
1418
1279
1496
1704
1555
1623
1348
1603
1630
1603
1252
1199
1330
1562
1737
1347
1594
1692
1703
1276
1529
1562
1303
1427
1517
1682
1549
1328
1430
2368
1858
1392
1310
1629
1349
1317
1479
1385
1386
1488
1580
2089
1956
1327
1482
1358
1575
1448
2049
2103
1863
1620
1568
1537
1378
1311
1330
1301
1552
1580
1528
1929
1249
1619
1486
1564
1584
1656
1594
1585
1504
1109
1590
3793
3085
3452
1067
1564
1438
1398
2237
3078
3755
3110
2885
2496
2179
1809
1716
1851
1731
1440
1673
1484
1512
1530
1326
1337
1477
1369
1404
1532
1176
1287
1359
1400
1324
1370
1307
1340
1289
1389
1415
1428
1613
1531
1596
1490
1484
1482
1547
1393
1376
1461
1451
1589
1554
1387
1544
1539
1434
1278
1465
1480
1525
1530
1592
1403
1557
1995
1203
3052
3152
2563
3475
1987
3496
3311
3130
3639
2951
2349
2411
1976
1707
2235
1598
3074
2860
2146
1070
3647
3633
3059
2257
3066
3564
3568
3071
2846
1843
1981
1874
1721
1587
1430
1617
1274
1421
1354
1539
1420
1511
1726
1659
2253
3594
2999
2949
3590
2973
2440
3691
3239
3523
3605
2006
2305
2476
1783
1935
1807
1829
3752
1864
1613
2966
2548
2837
1853
1710
1747
1188
1641
1322
1352
1491
1729
1466
1415
1342
1448
1633
1652
1374
1592
1498
1498
1326
2101
2210
1621
1485
1771
1573
1961
1198
1374
1809
1441
1263
1293
1292
1595
1559
1392
1507
1356
1460
1637
1602
1586
1505
1495
2019
1490
1905
1630
2757
2230
1400
1849
1352
1482
1281
1535
1356
1237
1825
1885
1392
1513
1940
1444
1544
1603
1365
1506
1558
1286
1101
1367
1292
1468
1258
2063
1473
1355
1512
1230
1448
1347
1458
1506
2253
2533
2309
1699
1390
1578
1728
1564
1624
1424
1381
1332
1633
1436
1473
1339
1391
1617
1386
1557
1340
1403
1439
1459
1539
1563
1613
1286
1554
1617
1453
1547
1329
1426
1394
1591
1672
1601
1402
1657
1334
1352
1411
1515
1547
1664
1599
1393
1569
1340
1449
1512
1525
1956
1402
1339
1367
1496
1495
1594
1574
1909
1477
1296
1503
1381
1522
1538
1572
1357
2828
2998
2911
3635
3326
2505
1639
2463
3217
3418
2187
1410
2909
2297
1883
1469
2549
1630
1518
1660
1683
1595
1886
1260
3389
3232
3053
3765
2089
2746
2594
2228
1906
1811
2044
1329
1465
1449
1515
1590
1330
1646
3268
3066
3396
3702
2991
2958
1588
3482
3509
3195
2866
2485
2110
2149
1579
1379
1546
1594
1309
1355
1326
1589
1506
1603
1485
1341
1525
1568
1188
1296
1413
1553
1491
1357
1596
1329
1595
1535
1439
1625
1353
1331
1462
1599
1425
1370
1349
1325
1359
1485
1305
1464
1505
1547
1595
1442
1619
1238
1444
1545
1396
1551
1547
1520
1491
1652
1408
1401
1405
1402
1621
1578
1555
1508
1628
1321
1653
1268
1293
1571
1614
1861
3107
1374
1775
3704
3243
3073
1627
1393
1471
1487
1475
1681
1689
1645
1625
1770
1564
1596
1312
1560
1311
1435
1450
1605
2690
1682
1353
1369
1539
1404
1344
1710
1319
1683
1334
1197
1533
1522
1310
1634
1607
1523
1494
1487
3130
2358
3312
3105
3049
2171
3124
3065
3674
2663
2641
2617
2404
2390
1845
1455
1221
1447
1556
1297
1522
1523
1392
1540
1505
1313
2243
1484
1529
1660
1514
1630
1433
1337
1294
1365
1338
1528
1475
1276
1556
1591
1459
1537
1439
1573
1621
1512
1540
1591
1608
1638
1366
1319
1552
1254
1475
1312
1505
1572
1711
1645
1184
1492
1567
1388
1662
1432
1720
1850
2034
1542
4610
3498
3563
1564
1226
2466
3239
3405
3409
1066
2433
2337
2524
1961
1892
2025
2679
2380
2591
2243
2058
1589
1591
2220
2141
1562
1408
1501
1314
1527
1601
1559
1719
1394
1565
1578
1514
1280
1362
1490
1389
1567
1189
1592
1658
1434
1310
1494
1345
1595
1564
1390
1499
1525
1099
1539
1372
1509
1407
1533
1494
1429
1337
1283
1579
1559
1554
1315
1565
1522
1552
1530
1548
1562
1297
1553
1490
1496
1496
1416
1645
1289
1547
1338
1534
1505
1336
1475
1328
1367
1432
1192
1254
1491
1278
1476
1634
1520
1316
1553
1357
2529
2269
1858
1382
1588
1514
1378
1642
1506
1293
1246
1721
4121
3164
4672
3109
3639
2075
2380
3739
3605
3583
2462
3235
2945
2747
2255
3428
3222
3620
3453
5099
4937
3334
3815
3089
2858
3446
3267
3153
3471
3454
2813
2911
2359
1676
1560
1344
1511
1559
1440
1456
1496
1424
1532
1596
1559
1315
1624
1571
1342
1548
2148
1875
1310
1490
1403
1361
1387
1313
1366
1433
1343
1376
1585
1517
1628
1624
1432
1605
1591
1300
1573
1467
1318
1641
1356
1602
1455
1507
1474
1646
1679
1511
1334
1609
1526
1492
1554
1753
1084
1573
1428
1697
2332
3043
2710
2956
3047
3337
2788
1760
3538
3333
3303
2947
1677
3347
2772
2975
2344
1912
1444
1503
1389
1619
1517
1527
1535
1505
1475
1531
1382
1428
1480
1490
1634
1620
1548
1588
1508
1122
1453
1267
1525
1577
1640
1581
1517
1686
3216
3593
3411
3325
2517
2804
1517
1540
1308
1357
1417
1491
1595
1373
1226
1503
1472
1685
1531
1354
1375
1321
1717
2122
1885
1452
1423
1624
1436
1356
1669
1504
1466
1565
1664
1640
1273
1400
1558
1551
1361
1877
2479
3599
3486
3244
1714
2666
