234
232
249
196
195
198
196
202
176
198
199
212
183
203
197
192
179
200
207
195
206
184
191
189
204
222
204
219
197
180
198
190
183
198
190
209
223
206
237
232
233
228
210
186
215
215
212
220
238
608
468
234
196
215
212
187
212
191
211
173
199
206
210
203
173
213
196
208
195
205
203
190
173
201
217
199
200
208
193
175
198
181
212
172
179
193
208
188
190
186
206
200
201
201
206
200
181
218
219
175
201
220
207
193
206
218
180
214
214
226
215
185
258
251
202
208
228
269
241
240
231
234
245
210
207
215
222
237
198
243
229
229
231
235
230
239
232
205
226
235
216
229
243
252
240
204
236
245
218
225
207
204
225
234
229
206
224
226
242
200
232
225
198
230
215
231
226
221
235
210
237
247
239
207
259
232
226
201
230
221
240
209
205
214
221
229
242
216
238
223
220
198
226
218
237
219
236
214
198
220
196
240
211
245
206
224
227
202
190
203
216
207
202
185
191
194
200
200
174
194
214
197
206
202
190
204
183
266
205
220
550
581
557
562
411
457
345
348
350
314
316
356
319
321
347
324
376
316
364
352
303
208
225
195
197
198
222
220
226
209
214
205
201
191
192
191
197
200
199
205
203
203
185
192
190
174
194
190
204
184
193
177
180
182
193
174
179
196
193
219
231
205
185
217
204
194
200
214
199
231
206
218
187
210
215
213
202
211
209
193
210
199
205
206
192
206
203
193
200
205
208
198
205
206
200
204
234
213
204
210
228
211
211
217
213
191
188
207
206
209
200
213
192
218
193
183
192
213
214
214
224
192
235
225
217
215
222
190
200
197
212
198
208
191
213
230
204
221
199
224
224
186
231
200
213
214
213
214
242
221
206
219
200
209
228
197
201
217
228
220
205
216
222
214
191
218
194
200
224
216
222
199
227
204
220
200
196
221
225
214
213
240
219
222
204
213
382
212
223
223
219
234
199
197
220
198
216
239
224
212
226
215
223
227
194
219
189
232
200
198
211
194
220
222
239
222
221
239
216
239
214
232
214
226
200
217
241
236
200
206
196
228
211
192
201
228
219
238
210
196
229
206
231
216
188
203
265
221
194
228
226
201
221
201
215
194
193
201
190
194
208
211
197
228
226
199
224
217
203
214
208
202
217
232
222
246
202
190
203
199
209
196
194
199
230
212
217
221
196
218
223
221
222
220
198
210
186
210
213
225
209
223
231
220
194
193
226
206
276
230
212
218
232
191
203
223
219
213
231
203
235
230
199
237
216
226
240
227
248
214
221
197
230
228
215
202
195
218
215
223
211
224
236
226
229
222
188
219
217
227
221
244
214
198
220
188
210
187
216
225
222
211
235
226
198
226
232
193
235
208
210
237
197
208
342
218
194
219
213
304
239
267
205
228
370
297
338
282
256
235
250
254
209
235
215
240
228
244
256
237
291
248
414
392
406
384
226
223
234
217
225
229
203
240
243
208
191
195
196
191
199
187
185
202
179
181
185
185
191
184
196
177
198
181
183
186
170
192
362
268
205
215
195
223
218
190
215
197
210
257
201
246
343
259
196
222
214
208
185
205
195
198
218
209
183
191
217
207
203
177
201
206
202
209
195
205
218
202
207
193
201
216
218
223
180
189
213
209
210
221
202
204
196
197
212
208
210
192
187
222
224
192
220
195
187
218
211
197
199
191
207
232
344
215
221
210
212
204
224
207
211
204
209
190
209
171
176
192
187
206
197
191
186
196
216
199
200
208
186
202
184
207
180
202
205
201
199
207
184
193
213
198
194
216
214
179
206
179
214
188
203
202
206
199
205
191
191
201
224
183
216
222
196
182
203
208
191
735
321
424
420
406
314
188
185
204
204
204
214
201
213
200
202
195
193
196
210
219
191
211
192
201
217
190
211
204
209
194
217
187
220
213
198
211
217
232
216
212
193
195
212
209
210
227
213
192
214
203
199
203
197
216
221
223
218
216
205
205
239
229
247
229
218
232
220
215
224
214
214
221
222
209
203
237
222
221
201
193
221
206
218
229
221
222
189
202
203
197
241
211
216
215
194
187
216
199
234
202
214
215
223
213
222
228
220
222
211
235
227
227
236
199
194
211
206
213
194
216
218
212
212
224
200
223
228
222
243
238
206
220
213
210
203
219
204
210
209
225
207
195
201
229
192
204
221
229
230
208
208
212
237
218
224
191
220
211
198
215
189
208
189
206
236
192
199
215
214
219
215
208
202
219
212
230
199
202
213
230
225
200
202
192
225
224
232
198
224
224
328
389
