216
205
209
184
183
230
209
216
218
191
221
192
214
207
212
207
224
215
217
194
213
218
244
205
200
222
219
224
180
202
235
193
190
223
216
211
189
217
223
208
183
224
217
199
226
214
198
187
228
207
224
232
225
226
197
214
212
188
186
232
219
196
206
191
210
219
183
206
180
205
186
205
223
195
223
209
190
200
203
214
206
182
216
220
241
221
191
196
194
201
206
220
269
220
241
188
229
243
381
339
205
217
337
223
237
201
229
191
216
243
233
203
197
180
214
207
188
210
214
222
207
188
204
210
207
203
196
193
206
180
208
219
194
205
217
193
213
204
188
225
187
181
204
207
209
227
244
201
223
270
213
219
219
218
217
216
181
190
193
190
193
222
177
214
180
201
224
199
221
198
178
205
210
206
213
206
180
213
351
263
199
181
174
188
158
178
177
189
189
189
188
193
168
182
181
207
181
178
186
175
189
200
178
191
173
206
187
188
190
167
197
187
213
200
191
197
184
200
173
193
175
185
202
200
184
198
192
196
191
188
176
183
208
195
195
194
203
182
208
191
207
205
205
318
235
667
289
277
220
212
203
199
175
186
187
198
194
192
177
203
173
198
174
196
181
192
196
206
207
178
215
176
190
186
173
204
207
195
175
202
180
194
195
183
189
185
175
203
197
186
199
188
191
191
197
169
196
205
203
197
173
189
184
206
186
178
203
255
215
184
197
197
184
210
206
207
207
199
196
203
184
197
186
183
213
185
185
199
174
171
206
188
190
202
196
180
200
176
176
196
187
189
220
208
188
210
177
195
197
210
206
184
200
196
187
205
191
182
175
210
188
175
206
206
209
207
206
179
201
199
198
192
185
198
170
266
261
192
192
193
191
174
194
209
187
184
183
216
210
216
187
204
209
203
215
223
194
196
177
176
194
180
210
194
204
218
203
197
209
181
195
198
185
224
211
177
212
176
206
200
209
177
195
196
196
219
203
200
194
180
187
214
219
191
210
206
207
226
222
191
217
205
224
203
202
181
174
212
188
204
202
191
205
247
190
195
183
199
206
179
175
191
190
179
172
185
184
205
173
200
205
193
187
202
174
197
185
197
193
191
195
206
200
194
190
180
194
198
180
197
192
192
190
177
208
193
183
192
181
198
182
191
181
209
183
193
200
197
198
200
180
187
205
193
193
197
178
187
179
203
216
180
238
194
181
175
179
175
192
184
191
193
201
178
182
180
201
196
177
214
188
175
210
193
198
217
201
196
201
203
207
198
179
202
201
202
193
210
194
174
198
184
181
195
189
215
200
210
194
190
182
195
200
183
193
203
191
186
182
209
199
198
176
207
202
197
196
206
175
214
195
201
204
199
186
205
204
182
194
215
196
189
219
204
189
182
211
180
187
184
200
204
221
186
215
176
206
209
207
219
218
205
183
202
204
214
191
202
201
200
224
216
211
218
192
200
198
220
208
184
181
179
184
203
195
213
188
174
212
220
189
220
179
248
210
195
204
212
176
206
192
212
195
203
193
210
179
199
210
180
174
206
210
191
209
200
201
198
173
213
206
213
185
185
205
214
199
213
187
196
206
193
181
187
171
182
183
205
199
177
183
201
176
174
216
182
194
199
184
201
197
193
196
176
179
201
188
199
214
228
200
198
198
196
182
194
197
176
200
194
176
191
178
196
206
206
210
186
177
198
173
179
210
186
194
196
202
193
212
212
217
177
199
203
191
188
196
202
188
190
204
188
181
190
198
199
195
192
172
172
193
173
177
199
208
205
192
201
204
199
217
198
177
197
196
184
199
184
620
191
191
188
204
213
193
190
172
183
170
172
164
179
162
165
192
174
176
178
203
185
172
169
181
181
189
182
168
169
186
186
165
164
189
168
189
173
185
175
184
175
178
193
201
173
178
189
172
183
203
187
186
187
188
194
177
175
170
175
194
172
192
180
190
190
202
180
191
195
205
216
173
182
206
183
195
173
191
200
179
191
196
197
191
173
191
214
205
175
208
174
183
205
179
202
199
175
171
204
200
194
194
182
205
220
207
208
173
211
189
202
204
182
199
204
187
212
200
194
180
176
201
176
195
205
189
197
207
209
179
220
201
199
216
197
172
326
188
187
194
221
188
217
213
193
204
202
231
221
229
270
229
236
230
226
224
195
269
238
238
290
282
222
198
238
223
198
262
232
259
271
265
219
227
205
196
308
191
212
218
230
212
178
209
221
219
195
215
185
190
192
165
162
178
181
169
168
192
185
173
177
192
191
179
183
185
191
166
190
189
182
