499
612
669
614
559
767
495
727
1212
1247
1082
983
723
466
930
970
1022
954
856
1002
913
500
453
551
525
682
652
560
818
932
1130
1893
2318
1480
526
617
1122
1347
1151
1224
943
908
964
788
879
532
650
879
810
831
1004
809
784
752
681
742
659
682
776
711
644
775
522
493
581
560
646
761
700
712
683
662
716
721
663
663
678
580
670
655
695
671
758
1175
701
612
661
684
654
576
566
630
602
616
668
641
653
631
613
628
694
685
660
701
738
546
450
454
636
639
612
647
641
606
510
648
592
618
645
560
590
632
602
681
664
578
582
1043
549
533
641
622
654
684
658
686
723
710
622
712
653
688
656
661
672
672
664
689
1038
820
948
1234
749
581
628
619
698
664
573
574
603
635
591
610
656
695
807
1097
1517
1578
1583
1585
1409
1354
1519
1412
1625
702
1348
1365
1442
1275
1550
1429
1352
1440
1501
830
1379
1484
1271
1300
1330
1484
1453
1527
1611
1332
1425
1385
1411
1330
1326
1558
1523
1618
2016
2567
2573
1345
1586
1461
1526
1282
1401
937
1629
1587
1658
1141
1445
1198
1439
1123
1176
959
665
1212
1006
1048
818
959
1009
1098
1046
1320
971
854
837
877
883
827
843
922
983
1109
566
783
971
1436
1106
697
784
913
959
948
930
949
901
998
918
916
984
1029
936
952
1002
999
944
985
917
890
985
878
982
1026
899
899
913
1012
956
935
887
946
941
895
817
826
838
811
824
815
804
889
833
907
919
1230
1295
983
976
1240
1881
640
547
1449
583
624
607
1222
959
911
773
699
862
855
667
754
532
624
677
784
559
522
553
753
725
747
554
723
737
536
570
608
607
576
758
821
719
520
672
749
554
490
743
540
587
612
578
800
610
805
951
973
579
1179
771
548
569
606
641
607
483
796
554
540
682
546
579
603
546
543
566
521
492
470
557
528
584
665
605
538
526
509
578
473
571
635
713
573
547
562
490
491
586
539
583
658
482
489
685
641
646
878
902
928
846
620
628
629
604
649
527
733
638
939
610
597
808
575
617
766
751
559
533
556
602
640
585
687
638
633
646
577
576
689
564
625
564
671
574
658
680
705
814
604
612
581
558
591
526
618
611
641
599
579
559
564
675
598
649
645
564
670
632
638
645
560
695
584
676
726
829
598
638
541
703
847
693
704
647
612
670
626
914
655
797
1346
1414
1589
623
572
646
748
854
604
776
839
826
847
845
727
784
712
731
593
651
572
767
650
601
587
504
512
562
792
604
655
628
712
662
559
573
593
598
581
608
586
660
646
958
512
509
1461
1323
406
1527
1466
1371
1426
1398
1462
1046
529
516
494
1516
791
844
567
572
1675
1363
1536
1478
1650
995
978
1702
1522
1512
780
496
573
794
640
718
802
839
708
718
837
752
663
643
715
568
586
636
704
464
613
666
661
667
669
668
607
665
655
627
707
565
679
652
633
651
743
566
582
574
653
637
650
564
602
617
690
609
593
654
638
653
705
625
559
642
648
559
858
576
515
479
588
588
690
683
507
662
668
668
651
648
682
641
648
559
604
690
575
668
730
614
442
590
643
581
673
652
559
678
569
652
673
585
620
634
590
578
636
597
661
565
646
594
1335
702
601
514
1105
1068
474
1092
1594
1544
1505
1393
1358
968
665
1434
1518
1047
1263
1627
1466
1576
1530
1818
784
934
973
1034
823
511
659
734
752
659
781
662
784
714
595
651
804
887
1810
1706
1654
737
523
519
814
1125
1728
1284
1458
1414
1376
1276
1482
1416
974
620
591
473
486
858
1458
1305
1285
1539
1561
1242
1512
869
755
697
478
811
774
644
744
566
654
588
633
596
628
566
481
576
671
567
719
547
485
671
645
681
618
1061
944
583
566
700
565
566
659
591
572
638
679
669
630
707
663
700
753
686
626
703
602
643
629
695
701
666
681
691
702
601
677
632
579
604
581
574
659
1384
665
611
581
1344
879
1472
1412
777
1406
1491
1363
1293
516
853
1506
1121
1410
1586
657
1259
1697
1372
1613
2706
1862
1617
1547
1605
1449
1329
1192
1072
775
1043
889
974
932
614
733
733
738
669
752
631
722
716
665
639
1462
2492
2244
1510
1170
1472
1285
1376
1103
654
1133
672
939
1117
946
1005
861
774
663
748
674
774
679
658
833
652
644
737
447
617
588
570
638
634
650
662
690
607
567
645
683
418
602
667
568
647
659
572
601
707
1169
915
940
992
846
591
715
583
652
1052
1053
653
1004
1058
507
567
843
1204
1191
1194
1490
987
1276
1096
1353
705
724
612
1194
1376
1405
1799
1030
719
1323
846
644
1001
517
674
870
860
539
602
575
595
637
691
678
584
587
627
582
605
597
656
571
622
638
1023
985
738
713
548
604
656
689
693
597
699
675
613
651
686
1118
914
854
891
961
808
889
1458
1364
1594
1540
841
1454
1086
1428
1640
1590
1086
1428
1396
1476
1345
1239
1103
1063
878
870
