88
54
43
55
43
47
48
44
47
43
46
46
43
47
46
45
42
42
45
48
42
46
47
45
45
42
43
46
47
46
44
45
47
45
46
46
43
46
44
44
45
42
48
50
45
46
47
41
47
45
46
47
45
44
43
46
41
46
43
43
46
47
45
46
45
41
46
48
47
44
44
44
47
45
45
45
45
46
47
40
41
38
37
39
37
41
38
37
38
37
41
38
41
41
41
37
39
40
42
43
38
44
41
40
38
38
38
41
42
42
63
38
42
42
42
41
42
36
40
39
38
41
43
38
43
36
41
39
41
38
40
39
39
40
38
38
40
38
40
36
38
37
43
41
38
38
43
36
38
41
37
42
42
41
40
39
42
40
41
37
40
44
41
40
41
38
39
39
44
40
44
38
43
42
43
41
40
44
41
42
45
46
42
41
42
42
39
40
38
39
40
40
44
41
39
44
41
39
42
41
41
41
41
42
37
37
42
41
41
41
43
42
42
40
42
39
37
41
38
42
40
42
44
42
41
43
41
43
40
39
42
41
39
44
43
44
46
44
40
42
46
43
37
45
44
45
43
45
45
38
44
42
45
42
39
44
39
42
46
43
42
40
40
45
44
45
46
52
120
68
85
44
60
44
43
74
90
56
43
47
49
47
44
42
42
49
57
43
48
52
43
44
43
41
46
45
43
42
38
47
41
41
41
39
41
39
41
41
40
42
45
46
38
42
41
44
37
40
41
45
43
41
42
43
41
39
40
43
40
43
41
42
40
41
39
41
42
43
41
41
42
43
42
42
43
41
38
41
38
42
41
41
41
42
41
43
39
41
42
41
42
42
43
45
38
41
45
39
42
42
44
41
38
44
43
45
42
43
41
44
41
42
42
41
39
39
44
42
39
40
40
41
40
40
38
42
39
45
41
41
39
42
42
43
40
41
43
42
43
42
44
39
44
39
38
42
42
43
40
44
41
45
42
43
43
43
38
41
41
42
42
41
40
45
43
43
38
45
41
43
42
43
42
41
42
43
39
42
41
43
42
40
39
44
42
45
43
46
39
39
43
43
41
42
42
42
43
41
43
44
41
45
42
38
42
42
41
38
43
40
42
44
40
42
41
41
45
41
41
39
43
41
42
39
41
45
46
40
39
45
43
44
43
45
42
44
41
43
42
44
39
44
42
42
42
45
44
45
41
44
44
39
43
42
44
45
41
45
41
80
78
85
79
78
76
81
83
85
87
92
93
45
47
47
46
43
44
43
43
42
44
45
43
42
42
43
42
46
40
43
42
46
43
44
39
43
41
43
42
44
40
43
42
45
43
43
44
43
46
44
42
39
43
39
44
42
43
43
39
45
40
43
39
38
42
48
42
41
45
44
46
45
45
41
46
40
41
39
45
40
42
44
41
42
43
46
42
42
41
44
40
42
45
44
47
43
44
41
44
43
41
43
42
43
46
42
45
43
45
39
43
46
40
45
40
42
41
44
43
44
43
43
44
46
46
43
43
43
40
39
42
44
46
48
43
44
45
44
42
40
45
48
40
48
42
45
44
45
42
41
44
42
44
44
43
44
39
42
43
45
48
42
44
49
44
43
45
43
40
42
45
41
45
45
42
43
44
42
44
44
43
41
43
46
47
40
46
42
44
44
41
46
41
46
45
43
45
43
43
42
44
42
43
48
43
43
41
42
40
43
44
45
41
44
44
45
44
43
43
44
40
46
42
39
42
43
44
43
44
44
44
42
42
45
40
42
45
43
43
42
46
44
46
58
82
61
44
44
41
42
42
45
42
45
41
44
43
42
48
47
46
44
44
41
40
43
41
44
43
47
45
43
46
45
47
44
45
40
47
54
49
57
83
44
44
41
42
44
40
39
45
45
44
44
43
44
44
40
44
46
42
48
44
40
45
42
42
39
43
42
42
46
44
46
43
49
45
43
41
43
39
43
45
42
40
47
39
46
41
40
43
44
46
44
40
41
42
45
40
43
44
40
44
43
43
41
39
44
42
42
44
39
45
40
44
43
47
44
42
40
44
39
43
45
42
44
48
44
43
42
44
44
40
42
42
44
47
40
43
42
43
46
40
45
43
45
46
45
43
43
44
45
44
46
43
47
44
45
46
44
43
44
40
39
44
42
41
46
41
42
40
38
41
44
44
45
42
42
46
43
43
43
44
41
40
45
46
43
45
45
41
40
43
45
42
46
45
45
44
44
46
44
46
44
45
41
44
45
44
47
44
46
46
42
44
44
44
44
47
42
39
43
43
40
46
45
43
39
42
41
