1062
963
959
914
845
605
697
558
689
660
710
581
664
665
729
496
548
586
836
527
756
950
980
951
990
958
793
777
782
792
826
710
780
1189
991
540
590
642
663
607
689
601
670
595
629
640
573
669
688
709
610
693
605
615
600
673
657
675
655
587
631
714
660
680
593
678
654
655
596
667
573
622
701
604
678
458
433
650
600
679
630
511
627
670
576
561
662
674
672
691
563
597
626
649
612
679
610
590
517
719
793
787
885
761
823
887
1549
903
797
987
792
540
514
694
1178
742
1590
1531
1057
1189
1311
1529
2132
1103
1226
1845
1482
842
748
872
600
487
1117
725
481
540
592
649
1009
987
593
609
640
688
736
982
734
1364
1436
1672
874
443
1428
1435
1450
1452
1544
1590
1552
1429
1282
852
924
808
787
774
587
480
635
548
693
575
569
571
699
661
612
712
592
604
680
697
631
610
989
523
481
1526
1351
1506
1622
1527
1517
1489
1533
471
543
635
565
421
489
1212
1001
793
775
751
679
544
758
573
567
702
567
560
554
666
555
588
480
496
624
673
692
631
684
691
691
656
562
617
595
580
624
649
631
637
637
746
1250
1576
1317
1294
1515
1303
1524
1639
1579
1706
975
508
793
1587
1594
1518
1559
1450
1413
1445
1217
1515
932
1305
1327
1596
1489
1482
1469
1554
1622
2343
2529
2203
1539
1533
1461
1624
1509
1567
1362
1351
1415
1308
1430
1541
1435
1499
1331
1434
1552
1520
1341
1486
1153
1250
1368
1364
1071
1084
1227
924
632
604
902
698
691
618
668
567
702
715
505
607
709
475
824
1529
1476
1496
1426
646
512
497
562
439
1287
1446
1526
1514
1489
1368
1396
1505
1328
1122
1488
1379
1549
1488
1574
1348
1475
1243
1539
662
811
759
938
781
945
867
837
903
720
656
603
662
650
662
646
575
562
673
515
618
683
679
619
679
712
688
705
574
662
672
738
663
675
735
664
580
666
667
642
507
529
726
658
566
680
729
566
671
640
663
628
655
565
734
618
595
605
716
608
707
1364
523
1462
1217
1428
1470
1449
1524
1399
1376
1330
584
474
1392
1442
1441
1450
1511
1207
1342
1434
1425
1303
1451
1553
1457
1016
1180
1106
1204
1056
859
961
1074
609
541
650
700
671
649
663
558
606
657
697
588
643
663
572
647
633
643
677
654
699
502
512
698
705
633
718
595
661
653
659
730
577
689
608
654
605
710
665
585
593
635
803
476
1245
1389
1610
1297
1321
1553
1485
1506
1539
2072
2810
1542
1321
1285
1526
1660
1588
1204
784
1145
1102
729
806
993
1012
862
920
646
576
640
679
775
479
695
644
992
648
627
611
642
668
626
635
666
680
658
769
486
465
498
710
624
688
641
564
594
646
705
1182
1336
1562
1435
1358
561
653
535
474
671
656
629
508
511
729
779
773
767
1020
627
641
579
726
730
682
792
628
675
754
1081
1102
654
1496
1420
1508
1565
1327
815
850
737
876
859
940
620
529
466
576
537
547
632
659
650
626
637
621
697
686
699
646
607
656
662
649
871
1187
505
552
662
662
712
625
590
672
672
640
710
661
594
667
637
661
655
666
589
611
432
689
565
523
606
635
684
606
660
568
651
621
588
655
649
667
654
609
642
657
649
692
608
621
1565
1333
1449
1316
1326
1513
1505
1221
1642
2007
1734
1530
1293
1478
1439
1515
1524
1343
1877
2490
2267
1451
1356
1545
1350
1245
1368
1063
1223
833
1013
847
931
894
807
752
704
645
721
705
641
737
588
774
1085
1501
1314
1486
1206
1295
1270
1357
1196
1361
1592
726
638
817
813
697
537
975
720
567
603
583
567
526
733
1967
752
1468
768
1112
1114
899
716
633
592
506
535
527
826
999
879
1022
888
953
766
684
795
883
1223
1471
1449
1204
1560
1585
1293
1497
1495
1349
1370
1400
1590
635
498
497
1036
1609
1292
1308
1464
1530
1462
1448
1498
1259
2444
1514
1500
1564
1569
1128
1121
1111
1092
1229
908
938
1024
1056
1015
785
774
802
725
743
760
678
626
676
672
633
574
580
577
599
547
684
607
660
583
714
646
571
659
659
582
661
572
597
696
674
693
672
846
513
589
573
601
599
555
562
595
654
669
638
628
636
653
638
675
601
586
646
641
622
691
566
592
562
644
677
565
571
612
597
592
580
598
625
678
664
642
632
665
631
693
640
709
623
603
660
561
571
671
687
665
583
641
705
647
663
726
619
655
697
654
658
561
664
456
564
567
616
683
666
642
649
603
686
564
659
618
677
672
651
671
635
637
667
658
659
580
446
673
578
708
616
576
666
677
609
646
673
660
724
667
644
675
631
666
606
667
587
755
533
620
636
644
569
675
663
678
639
637
625
663
576
607
588
644
653
700
637
633
1205
2090
839
844
651
817
562
538
502
645
589
705
773
670
520
547
543
447
681
1538
1454
1435
1599
1468
791
838
1325
1186
1137
1082
1067
1103
1164
1118
1001
900
1184
515
472
525
769
613
722
669
621
630
630
578
670
649
632
677
717
617
