630
921
899
1043
1265
1329
966
1495
1671
1266
1210
1117
985
1128
984
992
963
986
1170
1806
1148
1073
975
1192
994
934
974
925
997
877
1006
867
843
1067
1042
872
850
881
927
937
724
903
982
861
1008
999
982
986
950
1063
951
998
922
1014
864
893
929
993
984
841
998
1007
992
1017
927
1010
1013
976
881
931
949
1033
976
1034
973
961
1056
985
1056
877
909
980
1004
1081
2374
2082
864
1047
1097
1046
920
888
2020
2259
1917
2525
1953
813
1778
1297
857
848
937
742
947
1522
831
864
1003
1045
1727
1679
1458
1524
1366
928
1286
1258
1679
1025
1118
1482
836
850
1117
905
812
1050
793
1014
999
1040
1107
1123
836
896
939
918
1036
1003
1023
866
1056
997
1153
1413
1304
1154
1152
736
851
877
918
1045
1080
878
839
812
961
985
957
965
973
1199
777
1001
1068
1344
1197
2040
926
983
1030
907
951
823
1105
1108
993
947
878
1019
897
1205
1306
1079
1246
1027
1188
1431
2830
1212
924
917
820
921
856
985
986
986
1026
1013
1066
834
1232
962
1116
956
766
992
1056
908
1044
866
973
976
1001
899
1006
1516
876
764
2006
2391
2464
2062
1891
1491
1264
1170
847
1228
1383
1322
1368
1175
1062
1073
1073
907
1620
1011
1767
2259
2258
2300
1955
1534
2351
2542
2057
2095
2044
2172
1395
1742
1560
866
815
787
916
867
854
885
823
970
888
967
978
1042
1087
993
888
842
1045
1054
860
916
967
1002
988
914
723
858
941
991
1021
1218
1004
880
1033
862
1049
1089
855
880
858
971
1010
1045
1023
910
941
983
983
951
899
1044
936
956
964
841
868
960
1707
2343
2069
2113
2174
1914
2244
2013
2165
1934
2317
2323
2219
2101
2197
2211
2092
2152
2542
904
1234
709
782
998
971
1071
1014
1013
1694
1504
1447
1820
1894
1846
1375
1519
1446
2290
1181
869
1479
1396
961
1098
1105
1179
1018
1080
981
1485
714
877
1368
1242
976
1006
1010
850
901
1038
1031
1052
918
1722
1459
1112
926
788
871
935
848
925
852
1012
1579
1592
1315
925
1095
1250
1103
1169
1249
965
1295
1593
986
750
904
1312
961
862
840
1054
979
1010
1112
1343
1312
1338
1139
1003
931
1127
893
783
818
969
1104
1167
741
838
1236
833
1088
852
1059
952
893
940
964
997
984
1057
1004
1055
950
798
857
955
945
1290
1340
854
925
1374
799
851
887
848
793
903
989
1130
1324
1745
1394
1412
807
843
762
975
897
997
1004
987
962
879
983
892
918
1101
822
775
1178
906
1060
919
758
1032
1074
1034
1021
1038
895
987
919
1015
998
1000
876
996
851
975
1066
892
1023
1012
1043
942
1048
873
952
1210
886
1636
1443
1842
1929
1974
941
1023
869
933
891
735
874
1274
857
765
832
892
1079
1023
901
861
888
976
885
993
852
973
1075
806
720
914
878
986
1001
819
998
946
1005
962
1150
985
944
1007
780
988
642
901
954
908
970
950
843
981
1012
951
1028
968
987
950
1286
2074
2031
1923
1967
2220
2235
1241
1127
1479
2033
2275
2256
1393
2065
2205
2586
2152
1948
2191
1877
2173
2434
2217
2236
2163
2311
2379
2456
2201
2357
2263
1711
2288
2049
2947
2548
2179
2232
2071
2357
1635
2329
2365
2307
2411
2690
1090
1341
1323
1648
1434
1634
1300
1197
1258
1242
3224
1409
1090
2204
2294
2643
1185
1629
1963
1771
1411
1359
1279
761
1036
780
1057
1472
1402
1049
985
926
976
870
857
1085
1115
814
1758
1989
2202
1922
1853
1675
2281
1074
823
1353
880
816
1591
1054
755
768
1886
1752
1650
1466
1483
1804
1137
995
1105
1240
1243
1196
1020
1057
936
1422
1401
1039
737
962
942
867
1023
894
1034
999
949
994
986
884
1127
960
910
809
1191
1137
1352
1025
745
1132
980
1006
1124
1121
765
1044
1021
982
846
1023
979
753
856
897
903
819
1181
1355
1117
966
1069
1039
850
909
994
1093
1011
842
1081
1008
920
1019
1044
1161
875
1313
834
804
1025
959
941
892
994
945
1015
1009
999
1002
767
910
885
1019
835
979
982
1052
838
1074
986
894
896
992
1309
1043
916
2243
2218
2247
1711
1965
2017
1755
1335
1694
1391
894
1350
917
1127
988
1060
1085
919
965
904
963
986
966
1086
1493
1079
962
981
964
900
946
1007
975
1029
950
1035
950
1149
718
776
832
972
853
975
972
922
974
1008
881
977
1012
989
853
1939
2249
2132
2314
2276
2045
2530
2238
2313
1929
2285
1915
2264
2575
2286
1546
2053
2057
1581
2256
1773
739
977
919
901
970
968
1476
1347
1566
1436
1619
1278
1042
1112
1054
1056
1155
1228
914
916
921
905
916
987
961
1074
1418
1232
975
1049
1047
985
901
910
1028
1007
979
905
1033
1157
987
914
987
903
999
1054
909
956
1005
974
1022
843
939
982
837
1049
814
879
993
858
1075
998
1062
921
1047
972
1007
1045
1036
842
850
1239
1891
2225
2204
2184
2356
2115
2301
1916
2230
1876
2377
2896
2303
1736
2085
1378
1543
2885
2206
2307
2420
3338
2290
1782
2521
2449
2127
2453
2034
2137
2231
2265
2094
2199
2070
1091
2227
2173
1978
2049
2277
2618
1513
1415
1294
731
1166
1397
1565
1589
1192
1174
1333
1118
904
928
921
849
843
988
937
994
1041
920
934
965
964
848
1157
969
1098
1063
1087
1029
968
1036
990
1051
985
1104
