423
683
1873
1376
1482
2311
2045
2132
1919
1378
680
722
1160
1385
1301
1321
1337
1212
1349
1314
1335
1688
1779
1216
1286
1270
1149
1283
1166
1025
1048
1074
1179
917
798
916
742
902
912
815
575
715
572
453
519
545
618
612
572
559
576
622
602
506
498
532
596
497
560
518
577
554
536
614
583
522
539
569
495
519
563
564
508
530
584
585
502
774
1482
1367
1365
1359
1208
1242
1137
1226
1213
1131
1218
2115
2098
1619
1329
1242
1218
1258
1239
1211
1470
1243
1061
1136
1265
1053
1054
1008
990
1096
1079
696
843
519
463
491
574
486
485
568
549
580
566
580
564
543
547
557
556
584
533
600
577
561
574
567
625
1388
1293
1269
1138
1274
1325
1353
1405
1290
1377
1154
1630
1999
1634
1576
1951
1398
1602
1554
897
858
1191
1309
700
519
573
504
575
556
605
559
531
539
565
584
603
552
616
584
578
582
509
495
605
574
627
586
593
544
589
612
617
640
579
806
966
1529
487
605
666
652
917
920
986
897
934
1017
953
1119
1499
1369
1188
639
1162
1329
1203
1269
1137
1399
1310
1298
1033
1338
755
592
1298
1344
1206
1340
1166
1117
1337
1261
1211
2072
1363
1315
1230
1327
1347
1142
1292
1250
1257
1368
546
410
1019
1259
1056
1239
1225
941
804
1024
1024
878
711
773
1258
562
1123
1251
1224
1299
1195
1297
1351
1181
1274
1235
1289
1228
1231
1280
1309
1229
1306
1131
1217
1076
1084
2049
2086
1424
1290
1418
1260
1143
1393
1403
1561
631
1134
1230
1142
1093
1370
1158
568
554
543
582
549
575
584
568
589
1226
1243
1378
1299
1194
1289
1174
1305
1290
1116
1465
1066
1190
1133
1129
1270
1283
1056
1249
1176
1127
1086
1347
1788
1721
1354
1662
1956
1447
1502
1883
1842
1424
1515
1368
1286
1935
1866
1449
1349
1341
1255
1173
1193
1297
1302
1311
1921
2397
925
485
532
540
483
497
465
508
1042
1213
877
977
891
816
488
496
484
517
492
557
538
561
551
565
617
575
585
541
416
638
665
564
678
622
571
651
662
494
587
531
504
506
519
570
499
558
499
572
568
532
563
527
539
584
561
570
537
564
611
576
509
629
575
426
420
514
504
586
567
522
573
549
551
503
535
576
603
497
560
567
548
492
541
557
584
576
637
1194
1338
1317
1374
1294
1396
1171
1202
1379
1388
1396
1339
1392
1221
1206
1220
1273
1183
1402
1154
1130
1486
1131
1210
1268
1317
1217
1343
1279
1125
1007
974
893
1599
2451
2005
1368
1179
1314
1306
1207
1217
2413
2284
777
825
557
498
1221
717
496
502
528
480
570
554
535
528
689
579
435
573
620
635
496
584
614
561
610
654
669
707
730
769
387
427
560
618
584
557
584
561
498
528
570
571
570
513
630
631
536
561
507
603
519
631
542
576
495
528
600
572
567
552
568
554
650
609
920
1825
829
736
965
825
901
929
947
1285
759
627
655
593
651
716
529
415
505
631
508
579
569
513
499
596
514
571
607
611
1094
682
467
451
535
527
597
510
561
560
529
551
613
576
581
510
522
612
535
533
525
524
536
562
547
689
498
415
567
568
574
582
567
639
564
580
627
615
537
571
577
522
589
567
597
497
585
521
612
768
524
635
589
564
620
568
511
560
539
561
503
500
498
511
574
528
550
610
574
575
609
584
590
561
532
647
514
565
500
497
553
577
565
569
547
517
586
493
598
534
568
556
521
526
589
609
609
573
506
519
540
1089
948
557
502
636
564
568
584
560
554
585
595
575
543
508
518
505
540
545
510
548
560
667
514
585
594
649
519
607
621
614
661
626
625
524
549
621
572
601
503
647
611
582
641
497
535
444
514
572
521
638
500
576
496
593
578
606
607
514
498
603
601
537
516
603
525
556
596
587
657
508
507
582
586
625
515
548
608
576
583
610
517
607
585
542
495
583
577
588
595
582
509
573
714
603
578
505
599
620
576
569
599
618
604
597
596
604
521
531
503
559
566
594
610
570
590
599
669
545
531
605
596
578
493
570
564
498
563
529
563
588
499
554
507
513
569
517
518
502
570
598
619
475
539
555
590
508
563
597
568
609
580
565
568
525
524
577
592
519
630
587
556
510
575
526
603
710
1003
903
844
542
569
538
589
537
558
571
573
530
578
504
639
556
574
527
585
570
563
619
529
599
808
928
803
980
828
789
934
1789
1362
1106
1268
1220
783
798
819
706
779
682
766
783
740
816
790
784
1010
841
661
562
637
625
637
600
634
596
535
613
635
627
530
511
544
542
505
554
582
591
499
640
443
385
484
565
495
566
585
551
531
601
549
570
520
543
592
541
542
568
603
530
540
552
616
551
844
865
525
1063
1050
1207
1192
1168
1164
1085
1176
1200
1190
1275
934
496
475
657
477
523
499
707
658
552
493
505
468
562
569
694
527
532
620
483
494
477
777
473
1001
619
572
521
475
515
553
460
640
973
730
492
560
542
575
644
748
738
569
689
802
