102
105
103
103
109
99
108
92
107
110
112
112
93
106
105
108
104
94
103
95
98
105
103
102
111
102
106
91
97
100
88
91
92
97
96
96
84
91
95
89
110
118
112
104
112
107
134
198
181
196
106
107
128
103
121
98
101
99
100
101
96
102
108
98
91
89
91
92
94
81
91
87
95
88
80
93
91
88
82
88
89
92
81
80
95
82
90
81
84
85
92
81
79
83
89
91
93
89
95
85
91
90
89
83
91
81
79
96
89
82
89
96
88
78
84
81
79
80
95
88
84
94
93
91
85
84
91
87
97
95
92
86
89
92
89
91
95
92
89
88
92
95
94
91
87
90
99
93
95
81
93
93
88
96
90
91
87
83
90
96
98
94
87
81
87
83
94
96
92
95
86
81
100
92
225
172
178
170
274
113
105
108
108
119
104
95
99
92
82
81
84
104
90
95
105
97
92
85
81
102
103
97
87
98
82
92
81
104
95
95
91
95
83
91
79
93
92
89
90
92
95
84
89
94
88
94
90
89
91
83
92
84
89
78
89
100
91
96
91
95
88
92
87
91
81
96
90
88
97
92
86
90
90
98
101
84
99
98
98
95
97
96
83
90
104
96
87
86
88
82
88
106
86
98
86
98
93
100
84
97
99
97
92
100
101
86
85
91
105
99
94
86
93
83
84
82
96
92
92
97
88
101
92
210
124
110
99
105
95
95
95
130
101
132
83
88
84
96
93
84
92
92
92
94
85
87
81
86
96
92
96
99
96
93
88
90
99
90
99
84
93
91
86
95
95
87
86
97
88
96
97
98
92
97
97
96
98
97
99
93
94
99
85
93
99
88
89
94
100
91
100
97
94
85
84
91
85
93
101
86
96
88
84
91
99
91
94
98
97
91
92
96
88
88
88
100
95
94
95
100
90
93
99
87
94
97
100
96
89
95
99
96
95
98
93
86
88
96
90
95
95
97
89
97
96
94
96
97
92
85
93
106
97
97
97
91
96
96
96
90
91
86
97
88
97
134
104
104
99
94
97
104
93
89
88
97
95
96
96
88
98
106
106
97
100
96
96
94
98
100
87
87
97
90
94
103
88
89
89
99
87
96
95
101
105
105
101
95
97
88
97
95
95
104
85
87
100
97
97
96
99
88
88
100
104
98
97
105
105
101
97
90
86
99
97
102
88
99
94
90
93
93
97
100
98
100
100
88
94
97
100
101
86
102
105
102
98
97
92
87
91
96
86
102
87
91
97
106
89
97
93
99
93
101
100
100
94
103
96
102
96
87
98
89
95
95
89
92
92
92
87
92
99
96
100
100
96
97
96
103
99
93
88
87
92
96
97
102
100
89
147
107
103
104
92
97
101
105
90
96
98
98
91
85
91
89
92
86
91
88
92
103
97
98
109
97
95
89
91
90
100
95
95
86
94
94
96
96
96
94
99
100
97
99
98
98
88
104
99
98
96
95
94
99
100
86
97
101
95
102
86
89
97
95
95
95
102
95
87
95
86
93
101
85
100
102
85
96
95
97
102
88
97
94
101
98
100
102
88
92
100
95
99
96
91
99
94
91
93
100
95
86
93
86
87
96
87
92
97
97
94
85
95
95
103
101
98
100
97
102
95
93
93
101
97
87
101
111
111
115
93
99
109
99
110
107
92
104
97
97
95
109
102
91
97
96
99
96
97
104
92
91
101
92
95
88
98
99
93
95
90
98
104
103
98
96
87
95
99
105
92
101
95
88
92
91
97
89
100
85
89
90
97
91
105
88
101
93
96
103
99
97
99
100
102
95
96
97
94
95
88
97
89
101
94
104
101
96
92
90
102
97
104
90
94
97
93
101
92
100
101
95
88
96
93
96
91
91
94
92
100
95
107
96
89
99
85
98
94
107
96
95
87
102
102
94
93
90
105
99
101
107
97
129
102
96
95
96
97
98
91
96
99
101
88
96
87
101
101
89
95
103
97
93
100
101
92
96
86
100
100
93
102
94
95
98
95
98
97
96
97
91
103
92
96
99
102
95
98
97
97
95
95
94
94
90
98
97
97
87
102
101
101
95
96
91
102
90
88
96
92
92
92
99
94
87
92
86
89
98
85
93
96
95
95
90
92
93
93
95
98
88
86
97
99
102
86
97
97
92
94
94
94
94
86
97
95
94
100
95
97
105
101
96
89
98
102
93
92
92
105
86
100
97
99
100
86
94
99
96
127
112
103
95
103
99
86
98
91
91
107
89
101
100
91
96
98
97
98
88
95
93
98
96
94
100
96
96
88
99
