1299
1400
1573
1345
1627
1227
1464
1438
1480
1469
1337
1491
1575
1490
1152
1538
1495
1376
1416
1374
1287
1518
1457
1437
4082
3221
3653
3410
1191
2804
3432
3407
2889
2584
2085
2273
1802
1789
1606
1404
1300
1394
1368
1487
1690
1279
1507
1604
1256
1402
1495
1307
1827
1847
1562
1484
1391
1613
1510
1403
1389
1983
1535
1699
2434
1234
1544
1911
1999
2893
3379
2855
1373
2293
2349
2320
2632
2044
1951
1247
1460
1539
1309
1534
1504
1547
1497
1351
1974
1931
2332
2239
2419
2278
2381
1812
2091
2065
2060
1822
1668
1616
1474
1659
1324
1307
1604
1610
1475
1658
1622
1293
1587
1209
1447
1462
1465
1512
1366
1493
1489
1550
1400
1454
1370
1377
1373
1412
1492
1616
1444
1455
1557
1389
1390
1518
1632
1409
1492
1623
1440
1555
1439
1465
1335
1352
1367
1546
1318
1620
1563
1541
1389
1343
1520
1485
1525
1524
1539
1283
1309
1410
1844
1892
1519
1370
1569
1430
1416
1308
1316
1756
1351
1656
1571
1646
1347
1574
1508
1290
1403
1504
1472
1299
1402
1426
1487
1448
1268
1439
1535
1600
2095
2234
2316
1320
1093
1138
1486
2080
2886
3342
3648
3788
2702
2807
2429
1964
2199
1649
1395
1521
1597
1476
1389
1291
1776
1401
1353
1629
1421
1384
1516
1419
1379
1298
1477
1306
1518
1522
1557
1589
1507
1410
1577
1554
1287
1451
1456
1307
1313
1455
1667
1496
1634
1510
1433
1520
1306
1538
1506
1373
1480
1303
1500
1474
1540
1567
1265
1620
1293
1744
1583
1558
1568
1568
1520
1169
1394
1491
1535
1334
1641
1497
1410
1596
1340
1466
1487
1517
1304
1418
1429
1486
1455
1624
1598
1333
1406
1375
1583
1471
1645
1457
1526
1682
1405
1294
1648
1483
1344
1531
1514
1579
1397
1288
1295
1180
1445
1767
1299
2267
2370
1961
1372
1473
2312
2920
3402
2332
2537
2163
2195
2367
1974
1057
1263
1502
1640
1713
1509
1474
1624
1492
1434
1482
1303
1473
1430
1487
1606
1480
1324
1391
2663
3059
3325
3513
3403
3005
2507
3813
3574
3545
2462
3151
2614
2256
2059
1563
1436
1616
1278
1306
1613
1515
1538
1281
1310
1521
2078
3192
3560
1308
1261
1115
1370
1756
2613
2348
2258
2385
2130
1485
1545
2035
2194
1646
1373
1500
1525
1220
1303
1420
1493
1523
1630
1676
1505
1582
1231
1459
1385
1608
1264
1575
1120
1723
1239
1456
1301
1315
1515
1559
1726
1506
1760
2921
2227
1391
1357
1427
1338
1553
1397
1723
1779
1324
1474
1679
1416
1455
1465
1355
1325
1420
1691
1471
1363
1507
1465
1570
1360
1588
1336
1679
1832
1463
1337
1609
1313
1605
1470
1536
1534
1561
1624
1304
1525
1559
1550
1551
1266
1389
1622
1259
1403
1612
1463
1524
1470
1602
1620
1328
1644
1410
1274
1110
1520
1406
1343
1552
1547
1362
1582
1560
1484
1615
1634
1400
1323
1606
1650
1427
1466
1632
2370
1783
1529
1574
1430
1332
1382
1594
1560
1362
1555
1476
1481
1370
1310
1544
1454
1386
1399
1403
1463
1472
1298
1383
1616
1603
1563
1488
1754
1926
1624
1226
1532
1394
1635
1600
1511
1466
1160
1315
1478
1255
1316
1455
1473
1301
1477
1289
1453
1633
1278
1636
1658
1250
1736
1815
1875
1942
1416
1280
1380
1563
1514
1627
1940
2065
1307
1406
1528
1377
1507
1541
1879
3127
2227
1450
2145
2064
1306
1696
1364
1548
1543
1337
1612
3534
1769
1426
1437
1355
1355
1356
1296
1600
1293
1543
1541
1301
1428
1726
1635
1335
1404
1416
1507
1310
1386
1504
1404
1521
1294
1440
1710
1297
1750
1517
2059
1583
1675
1508
1392
1511
1548
1501
1489
1348
1725
1178
1374
1432
1872
1440
1237
1310
1563
1506
1365
1553
1341
1405
1333
1601
3268
3363
3721
3436
2739
3409
2125
3287
2026
1675
1669
1396
1294
1464
1455
1467
1249
1556
1541
1533
1525
1397
1498
1409
1585
1570
1638
1331
1268
3396
1459
1089
1242
2013
2548
4105
2223
2360
3485
3448
3754
2562
2379
2674
3152
2634
2674
1897
1534
1727
1868
1365
1694
1363
1532
1386
1342
1562
1507
1487
1385
1595
1638
1536
1565
1909
1442
2329
3256
3005
3122
3108
3485
3615
3510
3458
1601
1870
1817
1173
1169
1101
1365
1267
1282
1614
1488
1533
1399
1532
1438
1538
1557
1448
1467
1582
1416
1427
1444
1548
1361
1602
1477
1543
1380
2036
1630
1507
1263
1446
1402
1381
1512
1514
1214
1480
1773
1469
1424
1587
1630
1245
1533
1227
1256
1223
1546
1541
1609
1607
1417
1321
1507
1527
1970
1857
2015
1891
1786
1918
1411
1500
1628
1263
1340
1764
2180
1654
1378
1492
1764
1770
1784
2007
1975
2173
1168
1182
1592
1358
1528
1334
1453
1561
1477
1403
1654
1446
1530
1596
1666
1291
1520
1518
2011
1403
1367
1381
1497
1526
1543
1498
1665
1670
1650
1389
1340
1402
1181
1170
1543
1430
1483
1378
1317
1460
1570
1972
1460
1411
1267
2010
1541
1372
1587
1438
1586
1283
1552
1507
1634
1541
1481
1601
1804
1717
1481
1384
1463
1159
1320
1411
2090
1756
1636
1410
1763
1512
1720
1297
1766
1701
1610
1550
1861
1748
2078
1278
1279
1308
1935
1561
1587
1545
1300
1354
1385
1986
2254
1700
1508
1745
1958
1975
1943
2005
1858
1963
2155
1850
1838
1965
2445
1666
1459
1230
1601
1670
1507
1609
1581
1787
1564
1318
1332
1969
2790
3464
2216
1325
1883
2496
1335
2329
2674
1967
1940
1586
1581
2061
1543
1990
1456
1518
1525
1845
1125
1308
1958
2511
2359
2315
1815
1966
1478
2064
1880
1774
1562
1470
1848
1320
1720
1383
1429
1523
1518
1496
1215
1432
1355
1456
1522
1385
1430
1488
1528
1350
1475
1578
1303
1258
1441
1416
1643
1633
1552
1649
1382
1577
2682
3352
3605
3324
2136
1844
2230
1933
1641
1296
1492
1556
1501
1271
1393
1240
1525
1552
1308
1538
1617
1603
