2262
2282
2194
2100
2148
2435
1567
1499
1149
1212
1333
1384
1234
1308
1221
1245
1275
1289
1265
1378
1284
1236
1181
1403
1282
1256
1290
1408
1170
1249
1285
1226
1406
1267
1310
1267
1285
1216
1118
1246
1282
1126
1126
1288
1322
1214
1279
1162
1313
1153
1326
1260
1281
1247
1238
1265
1172
1110
1258
1089
1205
1277
1297
1352
1112
1203
1315
1158
1147
3077
1285
1755
2906
916
2751
2686
3182
1318
826
2259
2751
3122
2898
2246
3832
3356
1787
4634
1668
1785
2166
1652
1525
2009
1800
1709
1713
2487
3031
3053
2806
1756
1209
2600
2981
2169
2777
2457
2157
3096
2906
2835
2916
1871
1039
3037
2915
2652
2799
2849
2683
2915
2918
2332
3007
2460
2543
2289
2088
1974
2103
1628
1476
1317
1310
1388
1149
1337
1360
1355
1581
2355
1328
1119
1372
1276
1177
1303
1275
1360
2740
2405
2891
2877
2633
2647
3117
3470
3510
3919
4427
3293
1726
2121
1131
3243
2736
3068
3034
1930
1965
2722
2701
2726
2519
3197
2922
3149
2893
3069
2932
2653
2792
2731
3113
2708
2814
2680
2919
3102
4012
3728
3211
2658
2941
2531
3002
2647
2754
2589
2870
2733
2745
2704
3204
3069
2674
2205
2378
2139
1129
1177
1388
1435
1397
1112
1174
1314
1275
1281
1810
4223
4227
2875
2780
2187
1479
1518
2296
1518
1193
1278
1295
1321
1288
1230
1458
1783
1284
2803
3111
3062
2921
1306
982
2151
2188
1793
2018
1779
1852
1506
1271
1518
1578
1435
1108
1279
1216
1376
1217
1356
1141
1307
1340
1464
3234
2860
2964
2506
2958
1712
1050
1832
2637
3010
2750
2558
1042
1080
913
1190
1331
1327
1574
1295
1121
1135
1298
1175
1165
1277
1102
1299
1086
1207
1288
1243
1308
1239
1231
1063
1118
1226
1195
1128
1099
1335
1314
1272
1067
1123
1319
1033
1339
1237
1167
1155
1076
1257
1107
1247
1339
1118
1089
1690
1092
1081
1136
969
1034
921
1309
1087
1236
1248
1215
999
991
1074
1221
1212
1163
1242
1307
1505
1539
1577
1316
1019
3029
1914
2276
2770
2983
1859
3264
4081
2313
2742
1019
2511
2448
2711
1605
1602
2944
2656
2542
2367
2071
1052
1145
1370
1172
1235
1182
1326
1320
1217
1245
1219
1441
2995
3177
2730
3115
3478
2957
2927
2649
2444
2459
1940
1305
2148
2118
1686
1582
1661
1420
2161
2916
3110
2925
3014
2748
2804
2697
2820
2912
2798
2891
2534
2876
2355
2191
2693
2680
3094
3065
2977
2894
3172
2899
2406
3101
3262
2652
2599
2693
2839
2013
2509
1842
2809
2856
2822
4264
2983
3437
3147
3215
3323
3313
2839
2733
3010
2887
2222
2968
3044
3000
3220
3258
916
1911
2728
3090
2911
2537
2109
2830
3009
2656
2481
2786
2381
1965
2232
1814
1516
1743
1379
1116
1393
1221
1368
1187
1281
1162
1280
1320
1323
1227
1437
1249
1241
1080
1216
1251
1145
1242
1079
1256
1269
1364
1288
1188
1389
1134
1193
1306
1291
1416
1173
1205
1138
1144
1086
1270
1242
1088
1279
1219
1249
1135
1102
1202
1222
1263
1259
1288
1261
1160
1198
1107
1290
1310
1312
1196
1251
1192
1361
1054
1267
1341
1333
1230
1093
1281
1285
1087
1246
1238
1407
1088
1305
1161
1243
1221
1149
1081
1083
1911
3509
2439
2039
3736
1224
2383
2794
2867
2935
1839
2821
2844
2822
2929
1268
1394
1649
1320
1499
1407
1345
1368
1167
1347
1641
2606
2575
1690
1533
1583
2201
2557
1803
2840
2558
2926
2809
5041
3970
2887
2746
2653
2990
2693
2746
2074
2479
1419
2840
2714
2404
2938
3089
3152
2932
2904
3160
5090
3996
3044
2829
2604
2506
2065
1875
1558
1308
1539
1308
1315
1361
1271
1120
1355
1114
1118
1087
1154
1267
1174
1528
1129
1342
1351
1245
1095
1096
1243
1288
1120
1115
1387
2101
2158
3477
2001
1741
1365
1462
2971
1063
1091
1185
1235
1337
1012
1343
1175
1340
1113
1244
1292
1298
859
1411
1390
1395
1463
1165
1290
1324
1100
1176
1343
1089
1156
1348
1211
1212
1585
972
1329
1150
1341
1374
2379
2916
2706
2867
2847
2874
2768
3764
1249
1163
2810
2932
2898
1863
2231
1844
1387
1842
1620
1637
1263
1583
1253
1107
1291
1202
1147
1204
1233
1136
1243
1341
1301
1897
2290
1510
1062
1221
1089
1134
1358
1328
1292
1068
1060
1253
1099
1375
1280
1133
997
1113
1296
1085
1108
1253
1077
1162
1433
1320
1215
1161
1153
1305
1268
1301
1217
2280
1481
1305
1126
1223
1277
1073
1265
1119
1156
1368
1272
1301
1094
1109
1139
1164
1371
1369
1212
1336
1211
1454
1247
1462
1581
1684
1839
1629
1476
1252
1110
1092
1271
1143
1314
1331
1203
1070
1375
1739
1217
1253
1928
2465
2735
3077
2895
2538
2932
3324
2441
3060
2648
2706
2121
1141
3139
2344
1940
2553
2969
2683
2849
1827
2636
2793
2490
2867
3031
2119
1503
944
2398
3451
3213
2779
2567
1994
2544
2309
2020
1739
1694
1687
2685
2870
2839
2506
2876
3223
2865
2499
2299
2590
2503
1786
1772
1829
1515
1245
1124
1189
1292
1389
1430
1311
1213
1290
1427
1389
1200
1154
1120
1331
1113
1161
1130
1304
1091
1240
1194
1402
4025
2170
1353
1867
1543
1246
1138
1224
1229
1557
1158
911
1026
1210
1299
1354
2100
1333
1245
1230
1656
1113
1064
1105
1943
2841
1910
2422
1940
2703
2623
1576
1384
1333
1251
999
1353
1290
1378
1294
1320
1273
1247
1233
1166
1421
2459
2916
2959
2540
1506
1684
2639
3030
2404
910
2508
1129
1017
1286
2948
2911
2888
3042
2519
3252
2958
2415
2198
1780
978
1404
1194
1252
1179
1266
1075
1128
1110
1255
1250
1167
921
1093
1323
1259
1377
1276
1370
1280
1095
1258
1171
995
1325
1167
1289
1260
1240
1354
1362
1059
1266
1107
1689
1699
1285
1153
1169
1360
1157
1145
1162
1262
1341
1256
1283
1557
1229
3169
