1291
3125
2892
1480
1857
2797
1576
1858
1671
1027
843
759
850
926
799
748
682
733
773
734
857
590
697
634
748
773
702
817
1043
1966
1861
1696
1499
747
686
589
879
1141
1190
771
808
711
773
830
851
576
959
779
764
769
701
500
759
847
858
845
871
832
745
741
682
729
778
779
728
832
701
734
1086
710
885
2408
1075
778
1081
1370
1185
656
538
659
713
788
819
732
790
695
685
764
773
806
725
670
706
759
829
1191
1320
1402
1506
1466
1469
1452
1455
1460
1367
1130
634
1732
1726
1586
1500
1570
1378
1620
1551
1321
1144
1338
1672
1541
1459
1490
1477
1478
1531
1449
1263
1437
1406
1431
1567
1503
1383
1467
1554
1468
1557
1352
1462
1458
1331
1442
1418
1377
1631
1484
1512
1450
1471
1367
1483
1443
1452
1375
943
589
810
634
1238
1012
802
708
676
835
820
772
758
684
763
829
723
734
873
584
727
793
692
914
919
986
671
786
806
868
782
875
803
692
708
801
1260
1149
1397
1449
1504
1452
1470
1475
1447
1406
1467
1366
1446
1425
1470
1350
1425
1461
1480
1531
1450
1037
530
695
791
797
643
810
785
733
798
781
790
697
680
862
834
742
857
658
1159
804
708
1145
751
977
960
1464
3558
3259
3090
2939
646
653
1152
1476
2117
2094
1935
1859
1744
1552
1736
1381
1464
1506
1530
1401
1374
1397
1213
3213
3533
3145
3147
3394
3175
3435
3388
3257
1308
1623
2211
2255
2170
1765
1588
1426
655
672
675
689
565
706
745
770
820
673
800
829
805
737
702
678
790
781
1249
1046
1076
961
1137
1152
783
752
756
851
813
786
857
861
1401
1094
1783
1655
1667
1685
1715
1574
1455
1536
1145
641
655
673
739
695
622
682
706
792
758
827
722
776
677
783
701
677
878
613
793
705
796
774
794
742
815
687
713
794
733
842
784
686
802
823
676
900
765
719
795
789
785
781
815
693
815
594
848
691
757
881
787
1370
1457
1517
1480
1454
1330
1498
1094
731
676
804
816
803
871
1112
1007
846
829
1290
894
1041
1257
1025
814
727
1152
884
792
832
813
690
871
813
755
842
682
795
807
810
812
1456
749
893
1349
1397
761
774
790
766
718
719
789
782
843
798
863
669
1566
1585
746
963
770
735
833
816
680
773
725
792
689
798
860
728
779
860
1717
1280
1102
1311
918
1071
1006
966
1034
977
735
778
913
722
717
820
710
921
793
809
818
691
882
707
848
841
846
874
744
780
820
811
622
773
770
733
697
822
844
728
775
680
832
831
796
958
701
730
862
719
713
598
832
877
720
715
839
817
740
799
746
859
772
823
542
644
733
798
790
701
734
544
692
801
778
712
793
807
680
755
723
777
691
615
768
795
762
777
804
697
765
613
792
713
738
771
758
770
784
774
1370
590
1186
1410
1487
1472
1542
1340
1528
1494
1496
1373
1547
1536
1458
1368
1474
1414
1378
1517
1535
1488
1407
1453
1174
786
742
714
700
716
747
695
737
727
702
749
751
2320
1766
2036
3053
3047
2145
1425
735
870
1086
1235
1218
815
850
1128
1189
1217
1633
1672
1735
1631
1632
1513
1470
1053
665
650
780
788
790
801
865
688
766
672
691
724
774
791
791
828
1474
2034
2925
3021
2929
2908
3090
3102
2908
2895
2731
2600
2232
1976
1891
1658
1393
1507
1448
1365
1227
1312
1282
1290
1293
1176
1292
1302
1264
1372
1334
1217
1318
1217
1263
1309
1315
1300
1192
1268
1275
1297
1291
1332
1279
1285
1202
1211
1291
1180
1295
1318
1228
1342
1210
1268
1202
1282
1192
1199
1253
1292
1292
1180
1324
1281
1267
1333
1277
1275
1256
1322
1313
1200
763
803
776
790
835
826
855
845
728
599
758
801
681
830
792
693
681
903
1065
1146
1174
1290
1247
1271
1295
1310
1221
1197
1212
1295
1317
1281
1278
1261
1281
1297
1297
1335
1189
1242
1353
1324
1052
754
1603
2258
2100
1634
1152
2459
2875
2534
2670
2024
1700
1290
1041
911
1026
898
941
965
899
850
840
768
786
845
1173
1141
1716
1555
1525
1632
1842
1755
1157
1065
3231
3376
3377
3353
3180
3223
2781
2671
2215
2146
2043
1548
1513
1561
1389
1512
1372
1352
1487
1524
1452
1533
1431
1360
1338
1254
1469
1624
1796
1732
1772
1717
1750
1735
1676
1748
1735
1665
1746
1742
1676
1724
1725
1744
1735
1755
1713
1753
1692
1711
1743
1729
1729
1675
990
1742
1237
728
664
745
733
782
827
868
726
684
832
751
765
1676
720
798
793
790
806
714
833
816
866
862
720
814
899
3295
1957
1033
811
714
1328
686
886
1175
1634
2667
2869
2673
1489
1305
638
625
718
749
791
660
817
694
821
777
775
737
843
822
743
718
778
710
855
607
1100
1363
1471
1672
1788
1507
1521
1471
1569
1500
1159
922
1661
1354
722
692
802
746
795
877
713
811
816
834
703
857
736
628
738
1098
1074
976
847
766
912
794
713
757
808
878
720
777
1154
1178
654
649
751
823
842
722
704
809
730
791
796
789
706
716
804
709
695
860
937
1378
1464
1457
1432
1533
1365
1424
1371
1297
1291
1209
1432
1419
1523
1500
1403
1517
1376
1492
628
757
689
749
651
710
693
604
669
718
824
764
817
755
766
757
796
812
879
1286
1387
1418
