58
50
61
57
52
57
58
49
53
54
44
50
48
47
47
47
48
49
55
55
48
49
47
48
42
43
48
50
49
47
47
47
49
42
50
44
46
48
47
51
50
45
48
49
48
51
47
45
51
51
52
47
49
44
48
48
47
47
50
52
53
51
43
41
48
49
47
48
45
47
43
48
47
44
44
45
44
47
48
47
46
47
45
48
47
48
49
46
46
48
45
44
45
49
44
48
44
48
48
46
46
47
52
46
53
47
45
48
48
48
46
49
45
45
49
49
47
49
46
47
49
46
47
51
50
48
51
58
106
96
103
67
53
51
56
50
53
55
53
58
54
55
77
91
110
99
94
76
83
72
53
54
58
52
54
56
58
58
54
50
49
56
51
58
51
56
52
54
56
56
54
53
54
56
51
53
55
54
56
54
61
56
59
58
50
55
53
54
59
55
52
55
57
57
56
57
56
54
56
57
58
50
56
46
47
47
49
47
48
45
49
46
50
44
51
44
44
49
46
50
46
50
52
47
55
53
49
43
50
56
52
52
50
59
53
49
44
47
47
47
51
47
51
46
49
50
50
48
48
45
50
52
49
45
46
48
49
52
62
55
44
53
48
50
54
51
52
46
48
55
49
50
51
47
50
51
50
55
53
52
46
56
47
53
49
47
46
52
50
53
53
54
55
45
52
45
49
50
46
50
53
55
44
46
52
54
52
49
47
51
51
51
44
52
45
48
56
52
50
51
55
53
54
58
58
48
50
50
50
50
48
44
52
51
50
46
48
49
52
51
53
45
47
47
49
50
49
52
48
48
52
46
49
45
48
50
48
48
48
57
57
54
102
104
82
85
58
69
56
50
50
50
62
54
78
100
97
105
60
50
72
55
63
53
53
66
49
55
52
58
55
54
52
49
54
56
55
51
56
49
64
52
51
57
47
48
43
49
43
45
43
46
51
49
49
56
52
51
47
51
44
45
45
42
46
42
49
46
46
49
46
48
45
44
43
47
49
45
47
48
47
47
49
49
46
47
45
44
48
47
47
49
43
48
50
46
49
47
52
52
50
48
53
48
43
43
44
43
46
45
48
42
47
47
43
46
49
48
50
45
48
42
49
47
47
47
47
45
43
42
50
48
44
48
48
47
46
48
49
43
47
51
42
45
43
49
49
49
42
45
53
53
53
43
47
51
51
48
57
50
55
51
50
45
42
46
43
47
47
46
42
49
43
48
48
42
44
51
46
43
43
45
49
46
53
56
44
46
46
41
43
43
48
48
46
45
42
47
47
49
53
47
45
54
47
43
44
46
50
48
47
47
47
49
47
49
45
48
45
49
45
53
49
48
44
48
48
49
48
46
46
53
43
50
51
52
51
59
52
48
54
45
55
52
49
48
143
52
49
50
45
51
48
47
45
47
52
45
46
51
52
55
45
51
47
49
43
47
51
47
47
47
53
46
43
47
48
44
51
44
49
50
43
48
48
47
53
49
49
47
50
50
48
50
49
49
48
54
55
50
46
54
48
52
56
49
49
50
52
51
52
44
48
46
50
53
48
44
48
53
54
52
53
45
49
47
45
49
50
48
48
48
51
49
55
51
48
51
49
49
45
48
52
49
49
49
55
54
51
49
50
45
49
46
48
47
47
51
49
50
50
44
49
47
47
49
47
48
48
47
48
48
45
44
50
56
50
44
48
54
49
47
49
53
48
52
52
49
50
52
50
47
50
51
49
52
52
51
45
45
49
50
45
49
48
52
45
51
50
50
52
50
49
46
54
56
54
47
49
46
49
47
48
52
48
53
51
46
46
48
46
47
46
53
50
49
49
49
54
54
48
53
54
52
48
48
51
49
54
51
53
47
52
58
54
57
50
49
50
54
47
51
47
49
45
45
48
48
50
50
46
52
46
57
50
48
49
46
45
51
48
50
178
153
157
134
159
151
61
60
56
56
90
78
57
85
68
52
59
70
57
53
52
55
50
51
56
57
49
57
56
50
57
51
60
57
59
54
56
49
51
51
55
54
51
55
60
57
54
50
56
46
53
49
47
42
46
48
60
49
46
44
51
44
47
46
47
47
50
47
43
46
59
56
50
47
48
47
50
46
48
46
49
50
48
46
46
52
59
46
47
52
50
49
48
43
46
48
49
49
46
49
47
54
49
45
43
48
44
48
48
45
50
48
46
42
48
47
56
54
47
48
46
50
58
56
51
49
48
47
46
51
50
55
44
49
47
49
46
49
47
48
45
46
45
49
42
44
53
54
49
42
48
46
48
49
50
48
49
45
