314
300
273
308
327
293
364
302
297
304
324
311
285
311
289
302
297
324
306
304
300
309
306
287
314
313
307
309
285
310
314
296
281
318
308
277
312
280
309
354
311
331
288
330
331
292
286
295
300
337
344
311
321
380
356
347
346
338
327
376
299
342
333
359
338
331
341
345
302
359
322
333
337
365
319
342
312
346
364
375
315
356
330
339
365
335
352
331
346
345
395
355
335
337
297
330
333
332
354
301
368
298
305
311
306
284
320
325
349
305
280
321
280
288
314
319
341
331
288
321
330
299
345
342
328
290
360
284
324
340
317
384
356
358
334
357
344
325
362
335
369
345
354
598
592
568
609
522
683
560
531
346
453
343
340
324
356
306
345
431
339
421
308
442
533
360
354
391
332
352
313
291
353
339
397
508
342
332
344
336
348
418
536
411
384
364
345
336
332
327
329
321
330
320
352
322
334
305
292
336
263
311
278
262
291
319
310
343
314
285
309
316
319
312
334
328
314
312
311
315
299
321
283
304
327
322
279
287
378
489
327
407
377
279
287
318
314
313
319
261
280
265
284
279
291
295
280
290
295
268
298
288
293
261
261
292
300
269
313
306
266
308
324
302
307
297
304
267
276
291
282
265
314
288
468
364
387
418
342
295
269
308
270
300
290
303
300
312
276
297
325
294
319
274
325
310
322
343
328
302
287
315
300
282
297
275
278
331
338
317
333
346
282
302
295
321
294
296
317
419
306
330
367
272
311
340
289
334
281
323
317
281
282
319
339
320
293
325
323
344
330
303
280
330
327
318
292
309
321
297
342
336
340
341
320
299
327
300
338
285
427
525
592
322
359
299
345
289
313
269
329
313
271
318
266
301
254
299
316
312
288
283
304
318
308
263
290
280
331
302
297
329
271
275
317
298
302
301
307
298
299
320
316
306
353
311
295
304
294
316
287
304
281
269
276
317
281
310
332
334
327
315
340
329
303
314
278
305
319
328
329
312
302
311
308
301
324
333
271
320
279
285
291
331
316
312
335
297
317
318
326
342
302
332
354
319
498
359
287
289
316
306
315
339
299
333
312
305
352
301
313
287
337
298
285
337
337
325
347
351
321
296
278
290
332
356
326
333
322
315
289
290
292
289
318
338
297
699
338
332
344
508
618
296
268
285
304
329
282
272
296
299
275
287
295
292
267
286
296
305
314
292
325
316
308
276
291
300
324
331
316
317
308
273
325
308
275
314
330
404
316
301
311
328
330
281
332
295
305
318
293
297
357
316
316
283
280
278
303
316
285
315
324
308
279
308
303
331
314
314
312
322
306
286
311
322
327
333
321
323
328
283
350
360
308
283
339
354
356
353
310
337
303
322
321
284
302
292
352
297
347
336
317
297
364
317
331
286
325
289
296
322
340
282
299
323
306
292
341
285
325
336
296
334
335
337
325
334
347
326
321
328
276
330
348
335
331
332
333
289
287
329
325
321
332
327
327
332
327
329
291
308
311
355
305
333
325
298
337
306
357
367
348
294
325
362
529
324
362
348
294
353
292
305
351
316
348
294
323
323
345
334
350
306
348
301
348
314
347
340
331
340
329
334
343
335
333
310
331
309
332
335
352
336
295
350
412
341
314
494
618
361
469
349
350
315
375
351
455
444
390
630
705
504
495
317
540
463
613
347
509
513
706
482
326
353
358
373
317
292
310
322
309
276
345
339
518
656
462
353
342
342
376
306
345
335
363
371
313
327
318
327
327
374
334
365
343
346
289
299
294
298
314
304
281
329
333
331
310
326
324
318
296
278
286
319
327
333
316
286
322
322
297
280
308
310
413
304
342
387
304
330
379
601
636
667
439
300
338
322
328
328
317
370
320
314
407
420
587
477
387
406
304
344
337
324
367
321
356
345
358
327
524
617
648
344
559
554
378
339
357
338
363
326
332
335
346
301
329
329
336
336
325
318
350
305
335
337
338
365
334
339
301
341
343
335
352
336
347
361
422
350
355
313
325
347
301
350
331
311
298
293
320
340
340
321
332
346
315
348
308
352
337
355
347
320
336
328
352
343
322
331
294
336
344
368
350
344
344
299
348
327
329
339
501
331
350
292
369
350
399
337
332
313
299
452
592
590
552
335
319
304
351
359
339
339
315
344
369
294
307
337
340
312
340
333
345
294
609
338
319
342
348
349
290
276
342
307
272
307
322
318
311
352
311
266
310
273
311
315
293
286
319
320
315
312
287
311
289
322
296
313
319
294
306
346
317
291
302
332
288
337
294
320
315
294
313
289
306
337
