1291
3365
4933
2803
2755
2798
3022
2392
2083
1644
1878
1835
1385
2045
1363
981
1094
1332
1232
1251
1241
1256
1259
1312
1361
1019
1283
1283
1092
1339
1341
1237
1264
1279
1228
1114
2456
2860
1330
1142
1216
1225
1212
1138
1092
1068
1135
1735
1767
1753
2502
2325
2270
4201
3759
2770
2802
2825
2523
2913
2599
2775
3232
3794
4246
2891
1521
2765
2665
2427
3242
1320
1287
1684
1101
1089
1148
1259
1230
1328
1138
1375
882
1198
1084
1174
1985
2610
2778
2674
1461
2953
2867
3093
2994
2554
2944
2746
2716
2545
3202
3028
2750
2646
3022
2480
2090
3244
2927
2888
2624
2483
2697
2461
2481
2820
4271
12491
2988
2806
2695
2846
3146
2002
2589
2360
2020
1904
1969
2422
1956
2036
1357
3173
2818
2027
1605
1594
1447
1466
1376
1327
1440
1331
1218
3001
2105
3580
2549
1523
4459
3391
2868
2582
1195
974
2423
2326
2340
2253
1899
2737
1342
1339
1289
1233
1218
1318
1305
1084
1345
1920
1067
2094
2474
2352
2944
2928
2420
3077
2837
2821
2767
3033
2475
3140
2341
2912
2753
2861
2888
3038
2829
2257
2882
3043
2641
2477
2611
1526
1438
1300
2460
2939
2834
2938
2862
2603
2923
2699
3059
2794
2879
2448
2948
2257
2780
1632
1263
2298
2691
2416
3084
2751
2749
2901
3099
3210
3997
4371
4126
3997
2779
2055
2266
3080
2531
2497
2866
2259
2998
2985
2738
2482
2700
2687
2991
2600
3200
4089
2441
2900
3124
2520
2702
2977
2496
2448
2884
2790
3122
2751
2093
2324
1726
1837
1562
1337
1293
1277
1297
1179
1166
1295
1264
1997
1694
2447
2615
2910
2792
2934
2618
2770
2602
2666
2511
4750
4764
4016
2437
2748
3730
1738
1427
1250
1402
1505
960
1249
1254
1349
1119
1243
1331
1367
1165
1090
1335
1446
1763
2217
3501
1492
2067
2147
1651
895
1237
1147
1241
1216
1257
1836
1933
1315
1153
1272
1264
1104
1347
1136
1360
1456
1247
1119
1336
1287
1245
1216
1078
1177
1365
1336
1497
2698
2817
1544
1299
1312
1325
1465
1334
1388
1653
2804
3129
2785
2823
2656
1909
2117
2109
1586
1629
1490
1469
1365
1157
1330
1285
1231
1259
1268
1274
1086
1288
1228
1210
963
1074
1247
1132
1323
1293
1346
1170
1150
1147
1212
1412
1129
2439
2519
2864
2478
2808
2252
2716
2462
3063
2771
2410
2448
2636
2686
2864
2876
1074
1963
2833
2905
2602
3048
2435
2868
2854
2925
2405
3828
3680
2843
3619
2870
3432
3213
2066
1247
924
1302
1559
2996
2488
2850
1589
1460
2208
2585
2825
2541
1881
1701
1300
1502
946
941
1177
1162
1095
1145
1273
1147
1376
1277
1395
1122
1462
1314
1143
1435
1114
1135
1379
1070
1464
1364
1166
1335
1451
1214
1068
1589
1566
991
1156
1650
1549
1195
1275
1245
1238
1103
1257
1534
1753
1648
1037
1282
1754
1912
1735
1919
1858
1840
1792
1754
1602
1952
2689
2689
2773
1203
2776
2685
2978
2720
2575
2517
2827
2052
2441
2740
1561
1888
1874
1596
1616
1474
1463
1471
1296
1201
1021
1326
1237
1238
1293
1231
1213
1122
1238
1144
1145
1829
2787
2243
3082
1463
4154
3344
1091
1853
1488
2612
1147
1288
1381
1209
1252
1075
1271
1265
1333
1152
1765
940
1137
1297
1188
1305
1268
1267
1294
1238
1248
2644
2925
2653
2604
2614
2813
3239
2693
2806
2933
2784
4510
3520
2618
2692
2607
5372
3142
2601
3282
3109
3076
2869
2456
2538
2428
2711
2059
2162
2014
1608
1530
1289
1221
1205
1308
1217
1236
1261
1186
1155
1256
1363
1915
1323
1249
1347
1301
1064
1137
1262
1195
1268
1321
960
1274
1315
1116
1309
1277
1251
1270
1104
1081
1199
2596
2882
2967
2154
3095
1938
1858
3220
3674
2600
3763
3393
3060
1407
2089
3227
2715
2470
2256
2610
963
1392
2465
2855
2856
2809
1751
933
3124
2869
2866
3006
2661
2462
2817
2852
2902
3084
2950
2389
2492
2666
2804
2571
2870
2850
2911
2953
2319
3051
2624
2879
2498
1854
2810
3043
2693
3165
2921
3018
2690
2747
2960
3252
2991
3673
3499
2276
2161
2148
1686
1557
1701
1330
1197
1116
1312
1270
1201
1256
1252
1064
1282
1259
1183
1081
1239
1173
1114
2365
1692
1469
2304
3038
1474
1936
1117
1239
1395
1253
1128
1304
1456
3886
1926
1269
1225
1265
1253
1165
1191
1222
1557
1262
1320
1268
1291
1246
1079
1263
1302
1374
1372
1312
1018
1307
1349
1291
1274
1127
1070
1103
1283
1332
1305
1158
1208
1071
1248
1319
1249
1247
1246
1199
1266
1255
1281
1282
1173
1265
1200
1197
1216
1259
1141
1243
1267
1079
1318
2183
2704
2798
2757
2539
2953
2637
2762
2837
2644
2519
3780
1120
1535
2238
2170
1702
1816
1057
985
1208
1086
1240
1225
1176
1070
1071
1142
1211
1258
1152
1143
1085
1297
1271
1162
1079
1358
1170
1111
1144
1276
954
1337
1093
1099
1236
1219
1262
1276
1304
1108
1156
1360
2642
2904
2727
2843
2650
3937
4143
3471
3569
4423
2602
1942
2181
2892
2471
2621
2908
2404
2647
3120
2742
2980
3697
3072
2772
2573
2819
2502
2419
2197
1861
1895
2898
3194
2174
2415
2515
2512
2121
2933
3197
3120
2434
2895
2188
2021
1865
1619
1521
1672
1249
1204
1388
1145
1247
1066
1214
1065
1040
1267
1215
1220
1330
1251
1148
1223
1007
1202
1343
1327
1204
1178
1515
1242
1250
1413
1162
1397
2892
2878
2779
2310
2280
1905
2658
2716
2542
2740
2725
2389
2904
2579
2348
2158
2138
1064
1499
1193
1967
2693
1285
2981
1350
1781
3150
3178
2485
1079
946
2504
2629
2202
2218
2498
1659
1456
1262
1351
1337
1420
872
1240
1335
1294
1004
825
1304
1115
1306
1239
1040
1316
1140
1069
1140
1276
1177
1277
1164
1311
1258
1099
1140
926
1116
1130
1253
1112
1074
897
994
991
922
1231
1241
1050
1130
