589
560
595
600
576
637
546
588
585
565
598
629
611
605
593
628
604
524
891
1033
1073
551
615
666
700
686
554
660
667
626
627
616
627
599
529
562
561
631
764
791
674
572
795
859
763
888
815
784
847
742
758
734
755
643
653
626
673
551
466
444
529
531
581
607
545
584
549
622
565
448
519
584
599
571
599
529
543
547
635
538
615
652
565
632
617
662
737
744
747
753
780
783
729
594
644
543
604
607
622
671
527
518
610
630
504
515
541
603
620
593
614
602
609
568
606
616
547
620
629
579
591
541
674
657
851
543
972
1044
814
700
630
823
538
555
535
653
851
879
976
788
818
783
686
753
754
787
847
853
795
817
810
703
833
790
839
648
514
522
559
704
1318
1218
1320
1362
1375
1265
1246
1043
777
616
540
450
461
483
538
643
616
618
546
608
536
618
628
574
532
621
635
616
644
645
644
681
1395
895
597
1112
918
605
1244
652
703
845
866
534
630
605
525
623
628
612
580
716
454
754
533
563
784
754
529
613
613
560
527
592
575
603
579
644
609
530
578
586
552
521
733
441
664
1021
1239
1201
1200
1011
1123
1146
1003
1107
853
697
823
841
806
805
619
656
656
666
585
681
676
659
623
597
608
523
614
654
610
667
610
639
653
519
456
531
573
556
606
595
589
591
523
595
531
540
608
631
558
572
527
593
613
601
593
626
698
444
502
525
593
980
916
570
449
709
657
514
494
537
616
546
646
540
585
605
610
624
630
632
493
556
552
685
693
653
602
589
436
464
606
610
622
599
528
560
619
613
598
633
524
648
694
529
467
455
1273
1293
1249
825
969
576
1423
1245
1253
1442
917
493
967
1336
1401
1486
1307
1489
1248
1414
1279
1238
937
924
1201
1383
1299
1295
1342
1167
1291
1333
1302
1101
1014
2103
1724
2142
1461
1150
1415
2279
1978
2002
625
2024
2394
899
536
495
901
1274
1389
1308
1182
1339
1149
1215
983
1162
1104
1031
1136
1084
1057
615
1051
1024
1010
561
610
613
622
612
608
626
953
881
1176
1387
1299
843
537
624
570
543
530
552
669
589
553
645
750
879
925
1124
1201
1140
1040
1012
1009
1043
895
776
890
898
898
842
699
658
747
644
696
751
609
649
590
615
612
560
586
643
616
537
604
620
618
529
679
638
613
673
648
591
560
496
444
599
598
568
627
585
635
638
609
554
542
583
588
633
587
613
605
619
674
1279
1293
521
826
1422
887
464
928
1037
996
1062
1270
1284
1297
864
1227
1178
1139
1305
1055
1073
1077
1028
941
840
743
838
975
734
812
695
641
674
634
581
581
609
650
645
633
589
541
600
597
554
581
604
622
621
621
590
532
648
647
608
637
613
541
612
528
633
661
628
627
544
647
647
633
533
600
613
529
833
1006
617
593
575
669
622
633
664
577
578
547
611
583
608
635
561
627
632
542
667
613
616
541
631
604
594
590
640
537
607
601
553
607
607
614
599
633
593
600
568
609
602
646
517
592
588
604
565
598
539
636
1507
963
1116
1750
1862
1783
1472
1463
1610
667
537
691
653
639
591
583
539
421
801
740
757
771
792
890
782
805
1042
1037
1029
1132
908
849
1294
945
968
661
643
589
642
655
564
575
654
559
546
541
641
628
567
632
616
636
591
554
552
601
709
843
661
487
503
548
542
590
569
534
610
582
625
599
595
526
627
619
590
623
603
530
561
698
587
547
510
569
616
519
613
525
635
580
543
607
628
629
625
551
551
609
612
601
594
625
619
803
819
948
1000
961
597
618
593
612
605
812
864
854
569
606
639
584
628
603
533
596
640
722
638
554
723
1108
815
961
1118
705
513
616
615
587
851
864
663
1005
937
755
550
618
564
565
627
590
635
580
607
616
936
1021
634
934
961
598
441
595
657
632
628
622
617
562
672
553
617
627
583
625
651
524
598
652
545
547
650
602
570
527
611
1375
527
472
526
1400
1387
1279
1434
1395
1433
1315
691
651
2293
2584
1871
2399
1507
1418
738
1254
816
983
1121
967
1070
965
931
768
756
834
621
566
651
654
661
692
775
1065
977
678
1019
798
1315
1077
887
981
548
885
965
935
1007
816
636
492
611
605
605
632
632
612
598
767
873
572
520
498
626
631
567
645
613
602
569
587
631
571
533
440
508
569
546
605
618
627
612
619
562
463
537
616
559
565
606
613
669
610
581
602
594
618
664
527
635
555
666
613
643
537
630
613
579
640
596
542
602
607
656
599
581
641
591
625
589
562
559
615
648
662
613
611
539
627
784
454
568
628
617
583
554
609
529
602
553
1199
1320
1987
2421
2579
2052
1947
1308
1329
1428
1280
1250
890
669
1225
1439
1343
1208
1437
1493
2302
2310
2446
2132
1210
1195
1303
1360
1362
1412
1254
1323
1257
2239
1411
1257
867
886
1009
861
1520
1185
1576
1315
1224
1512
2408
2224
