1288
1335
1231
1694
1508
1899
1433
1153
1228
1230
1283
1298
1390
1454
1391
1461
1429
1236
1215
1166
1237
1339
1373
1460
1409
1452
1513
1470
1316
1312
1443
1291
1565
1535
1500
1284
1423
1472
1321
1231
1309
1489
1437
1438
1430
1289
1202
1465
1427
1308
1525
1154
1507
1435
1400
1363
1405
1495
1247
1233
1225
1309
1398
1389
1329
1397
1454
1432
1375
1405
1410
1227
1186
1389
1382
1309
1289
1410
1434
1197
1467
1215
1452
1235
1360
1492
1287
1345
1415
1342
1337
1448
1492
1146
1142
1116
1412
1255
1518
1558
1487
1420
1481
1233
1330
1225
1352
1275
1517
1512
1221
1287
1198
1385
2016
1513
1410
1232
1354
1558
1554
1399
1233
1397
1489
1433
1194
1343
1347
1357
1129
1247
1545
1869
1278
1327
1394
1428
1466
1322
1318
1255
1313
1317
1464
1525
1299
1437
1424
1482
1510
1067
1384
1452
1475
1325
1437
1396
1447
1429
1186
1292
1344
1382
1406
1361
1426
1222
1272
1192
1390
1301
1228
1196
1363
1385
1382
1262
1466
1391
1458
1191
1418
1425
1433
3258
2815
3214
2782
3398
3387
3007
3197
3165
2006
2038
1748
1489
1054
1383
1386
1272
1307
1487
1299
1489
1544
1294
1400
1352
1449
1481
1343
1860
1580
1561
1286
1766
1434
1454
1506
1305
1809
1579
1255
1296
1237
1373
1483
1083
1285
2336
1633
1537
1374
1328
1239
1172
1715
1595
1110
1429
1341
1586
1627
1043
1410
1363
1486
1305
1592
1323
1194
1806
1853
1644
1644
1403
1070
1249
1405
1383
1431
1193
1467
1523
2086
1376
1395
1448
1319
1297
1454
1236
1318
1306
1180
1440
1508
1526
1143
1080
1344
1230
1494
1362
1458
1262
1479
1764
1408
1365
1329
1381
1358
1252
1152
1446
1472
1096
1692
1175
1137
1221
1240
1242
1328
1550
3227
2896
2059
1577
1796
2289
2042
1597
1710
2632
1904
2681
2819
3289
3212
2667
2371
2197
1960
2145
1634
1495
1466
1417
1341
1417
1463
1412
1346
1406
1440
1259
1478
1443
1407
1471
1319
1378
1413
1297
1499
2349
4890
3374
2798
2568
1489
3063
3059
3183
2927
2642
2892
2457
2313
1925
1673
1826
1706
1484
1404
1345
1672
1344
1959
2838
2976
2871
2428
1122
1626
1929
1833
1513
1494
1390
1542
1402
1550
1257
3460
3335
3316
2074
2383
3263
2759
3445
2663
3126
1702
2166
2264
1769
1817
1560
1538
1591
1240
1404
1474
1303
1311
1460
1518
1222
1277
1477
1186
1352
1388
1261
1329
1212
1239
1373
1472
1266
1333
1125
1273
1265
1466
1459
1531
1310
1304
1520
1601
1217
1237
1403
1280
1245
1409
1492
1370
1305
1324
1521
2564
3026
3038
3059
2830
4474
5695
5639
5316
4456
3982
1529
1642
1505
1361
1419
1391
1402
1168
1218
1439
1824
1419
1503
1127
1863
1171
1400
1038
2572
2807
2752
2578
1117
1531
1858
1912
1470
1441
1302
1511
1437
1750
1023
1215
1541
1418
1364
1435
1413
1411
1544
1059
1353
997
1385
1346
1456
1457
1465
1396
1430
1299
1399
1440
1270
1375
1257
1455
1273
1342
1414
1387
1517
1531
1414
1413
1284
1257
1306
1489
1437
1599
1365
1453
1209
1555
1358
1544
1397
1418
1517
1297
1253
1437
1233
1528
1359
1226
1244
1407
1487
1379
1409
1396
1404
1470
1076
1393
1293
1494
1463
1460
1588
1385
1474
1330
2146
1562
1490
1647
2097
1218
1198
1275
1422
1434
1419
1465
1422
1393
1391
1459
1414
1509
1227
1495
2030
2061
1141
1392
1474
1478
1408
1240
1420
1270
1387
1294
1412
1409
1191
1375
1441
1358
1189
1505
1831
1234
1361
1564
1277
1446
1155
1552
1082
1255
1582
2953
3043
1822
958
2133
3453
2908
3214
1145
1469
1833
2001
1938
2172
1519
1302
1356
1487
1219
1216
1537
1326
1408
1477
1534
1505
1218
1433
1514
1590
1458
1549
1245
1449
1463
1468
1424
1454
1945
2640
3056
3223
2892
2839
2662
3327
3156
2659
2917
2684
3214
3259
3075
2446
2426
2014
1843
1785
1297
1429
1485
1363
1534
1277
1485
1160
1448
1494
1509
1289
1525
1924
1466
1255
1383
1469
1424
1503
1210
1250
1497
1483
1459
1252
1460
1293
1430
1531
1424
1501
1505
1321
1420
1370
1437
1467
1294
1426
1431
1391
1395
1451
1436
1157
1290
1333
1097
1077
1294
1312
1556
1465
1291
1757
1746
1652
1450
2013
1112
948
1536
1534
1541
1494
1529
1342
1396
1186
2025
1282
1731
1161
1301
1214
1392
1357
1301
1510
1496
1057
1204
1471
1300
1095
1311
1364
1342
1185
1387
1218
3254
3517
3112
1435
1325
1415
2803
3035
3190
3251
2865
2897
1874
3353
3174
3044
2629
1550
1536
2023
2110
2011
1606
1311
1502
1246
1327
1513
1376
1333
1201
1488
1435
1434
1524
1803
3109
3336
3379
2715
2286
2997
3062
3041
3234
1714
2817
2770
1903
2164
2027
1453
1195
1363
1290
1383
1368
1287
1246
1280
1375
1435
2023
1272
1221
1140
1085
1414
1957
1264
2237
3196
2647
2223
2878
1541
1375
1214
1296
1895
2433
2518
1792
1447
1209
1933
1602
1405
1322
1417
1486
1370
1701
1137
1276
1217
1517
1420
1513
1246
1224
1394
1473
1676
1217
1383
1199
1215
1569
1867
1467
1637
1416
1546
1251
1712
1794
1125
1758
1499
1684
1918
1291
1358
1466
1639
2184
1946
1078
1665
1615
1225
1441
1469
1429
1840
1264
1145
1223
1344
1679
1665
1537
2048
1640
1227
1095
1301
1428
1288
1419
1293
1360
1197
1394
1379
1413
1380
1291
1395
1228
1293
1331
1264
1064
1314
1284
1395
1454
1192
1389
1206
1223
1039
1312
1205
1333
1506
1433
1391
1533
1529
1478
1535
1478
1383
1309
1278
1334
1751
1389
1323
1296
1250
1107
1237
1400
1979
1739
1626
1663
2177
3347
3110
3176
1907
2847
3024
1991
2340
2489
2853
2373
1917
2182
1988
1796
3259
1662
2014
2071
1712
1340
1611
1534
1271
1339
1309
1291
1486
1460
1418
1403
1545
