1406
449
1166
1095
1240
1226
1246
1322
1191
1148
1174
1048
1092
606
872
1049
842
1050
981
781
757
729
763
755
756
667
589
599
591
543
583
472
675
1203
614
695
678
1140
1412
1543
1369
779
707
480
455
711
473
522
1171
1329
1079
1169
1204
1162
1128
1251
585
450
684
1039
1068
1068
1016
1048
857
754
900
843
907
859
721
932
465
795
609
506
513
549
524
569
501
500
481
530
561
517
589
545
584
578
532
564
539
529
586
607
476
488
601
555
479
579
609
575
550
580
547
515
520
571
561
580
528
527
526
521
574
580
587
573
569
512
622
774
697
746
743
735
830
812
778
804
796
813
788
779
784
791
786
772
871
778
841
804
792
784
833
815
780
856
786
812
818
824
814
674
461
527
1595
807
832
767
757
739
675
708
718
753
678
716
730
687
763
709
775
801
475
538
634
552
503
817
689
743
761
762
804
746
750
816
844
843
789
855
839
863
849
851
949
1110
997
865
883
816
892
882
910
938
984
1459
481
489
1414
1319
1324
1136
1284
924
558
563
564
545
503
553
490
574
769
1397
1103
1290
1654
1245
1141
1290
1104
1291
1268
1371
1275
1144
1155
1177
994
999
1061
999
973
972
789
677
833
468
467
426
517
472
523
544
548
591
530
571
541
576
574
588
538
577
543
517
559
542
483
485
571
493
657
584
745
727
1158
941
758
1518
1573
895
779
517
872
976
752
565
539
540
581
536
552
522
553
474
530
533
516
563
538
548
533
487
574
546
715
493
474
473
418
490
500
550
583
503
541
550
549
534
481
512
540
491
554
582
556
491
521
545
561
559
926
856
891
464
801
570
862
740
641
407
442
721
484
802
802
459
472
604
654
568
438
845
579
423
796
804
595
484
468
551
652
789
612
759
743
748
757
446
723
438
626
581
611
802
433
478
516
492
523
584
684
705
511
494
664
476
466
572
417
407
525
473
575
725
929
614
475
620
498
457
522
477
422
613
628
542
421
465
485
560
524
473
488
544
471
486
560
556
519
574
562
641
576
463
551
629
710
756
686
745
732
756
746
662
707
749
691
770
662
691
487
545
510
607
1188
571
466
544
577
563
555
512
591
709
510
475
490
634
425
541
659
499
431
478
555
590
504
879
686
427
568
712
415
465
495
455
503
536
580
489
570
513
818
992
1104
1007
1065
1178
450
751
669
644
701
728
738
785
715
720
503
529
553
550
573
524
620
619
485
588
576
855
674
652
672
733
672
417
412
542
551
558
560
510
600
551
414
556
565
505
593
477
485
561
599
394
400
544
553
483
1266
1108
1225
1972
2071
1092
1274
1189
1447
2170
2055
1694
1600
1953
1356
1239
1732
2098
1806
1766
1129
1844
2390
1388
781
574
576
678
598
652
658
675
667
685
688
682
584
578
563
579
562
573
805
728
639
777
668
894
849
715
423
466
508
500
587
729
915
707
786
734
701
453
762
1655
1116
1347
1235
1086
1954
2154
2153
2118
2342
1702
1134
1254
1138
1245
1267
2365
1241
2184
2124
2254
2007
1111
1020
1018
1760
716
1028
1461
1146
915
836
420
355
686
774
666
766
715
739
704
595
596
647
915
772
593
841
681
480
406
506
557
520
556
1049
848
418
499
534
500
553
545
567
570
563
472
419
561
645
843
747
584
793
703
542
430
493
500
488
492
561
564
587
567
548
600
504
602
511
1649
1988
2020
2174
2101
976
1059
1220
1839
1411
1127
1420
853
471
759
789
940
1095
791
414
520
580
605
571
666
1592
2233
1451
1292
1475
1336
835
1234
1660
2009
1887
1127
557
989
1203
1252
921
648
1039
735
577
385
418
558
711
697
631
609
598
889
1760
1002
1022
771
544
806
1946
1987
1795
1566
1309
610
886
1205
834
1319
1462
1095
893
488
694
694
697
749
627
679
692
587
528
499
549
562
442
384
881
799
836
902
789
371
413
546
570
587
545
525
495
511
549
556
577
561
479
557
609
601
553
570
726
766
803
862
551
444
492
558
530
505
972
975
648
805
995
739
459
516
531
482
503
1105
1081
1160
1326
1267
552
582
540
403
415
519
576
574
568
556
596
579
1270
1072
630
1258
1214
1079
1279
1198
906
1246
1772
994
862
778
845
696
775
722
759
626
583
579
531
508
516
607
585
592
539
508
535
514
563
514
552
597
581
477
581
550
495
573
548
576
558
578
546
550
529
534
575
548
551
605
545
545
566
567
504
546
486
551
484
528
595
612
521
561
564
564
623
492
555
499
529
490
573
550
563
510
480
470
558
602
526
566
582
517
495
941
978
966
530
502
568
489
560
596
510
568
523
580
570
534
560
510
556
544
568
579
584
501
557
523
591
494
476
509
540
561
609
498
593
594
805
856
830
512
561
545
554
564
570
496
574
1026
827
561
532
539
555
477
535
531
568
587
546
548
548
484
524
474
