34
29
30
30
28
28
28
32
28
28
29
28
27
27
28
28
33
19
19
19
19
17
17
17
17
17
17
16
20
21
19
19
18
19
19
16
16
18
17
20
18
19
20
19
19
19
16
16
17
19
18
17
17
17
17
17
17
16
17
17
16
16
16
17
16
17
16
16
17
17
17
19
17
18
17
16
15
17
16
17
15
16
15
16
15
18
18
17
17
18
17
16
19
17
16
17
16
16
17
16
15
15
16
16
16
16
17
17
16
17
16
16
16
20
16
17
15
16
17
15
15
16
16
16
16
17
17
17
16
17
17
16
17
20
19
21
30
18
18
19
18
19
16
17
17
17
16
20
19
18
20
19
18
31
19
16
20
16
17
17
16
18
16
16
16
17
16
18
16
16
16
15
17
17
16
16
18
19
16
16
15
16
17
16
16
16
17
17
16
15
16
16
16
17
16
16
16
16
16
19
17
16
16
16
17
16
17
16
16
15
17
16
17
16
16
17
17
16
16
17
19
16
16
16
16
23
80
31
22
28
31
24
24
19
19
20
18
20
18
20
20
23
19
20
20
21
19
18
23
20
18
19
19
19
19
18
20
19
19
19
18
18
19
22
19
20
19
19
19
18
20
20
19
18
18
18
20
18
19
19
19
17
16
17
19
17
16
16
16
16
16
17
15
16
17
17
16
16
17
16
18
16
16
16
15
20
16
16
15
17
16
17
15
16
17
17
15
16
16
16
17
16
17
17
19
20
18
21
19
19
19
17
16
17
16
17
16
15
17
16
17
15
15
16
15
15
17
16
20
17
17
16
16
16
17
16
17
20
18
19
19
18
19
17
18
15
16
18
17
19
17
16
17
17
15
18
19
19
20
18
20
17
20
21
19
19
20
18
18
21
19
22
20
19
19
18
20
17
17
15
16
17
17
17
17
16
16
17
17
18
15
16
22
19
20
20
19
19
16
19
16
17
16
20
19
19
18
18
20
17
19
20
19
22
20
16
16
16
17
17
17
16
17
16
16
16
16
16
17
16
18
16
17
17
17
20
18
17
17
16
17
17
17
16
16
17
18
17
18
16
17
17
18
16
17
16
19
16
17
17
16
16
17
16
17
18
17
17
17
16
16
16
17
16
17
17
17
20
17
17
17
16
18
18
18
20
18
20
20
19
20
19
22
35
32
32
19
19
19
22
19
19
19
19
19
20
18
18
19
19
18
16
18
17
16
15
17
16
16
17
19
16
16
16
17
16
18
16
16
17
16
18
17
16
16
16
15
16
17
15
17
19
16
16
16
17
17
17
16
17
15
17
16
15
17
15
17
18
15
16
17
15
18
20
17
17
17
16
17
17
16
16
15
17
16
16
16
16
17
16
17
16
17
17
20
16
16
17
17
17
16
17
15
17
16
15
15
18
16
16
19
19
20
20
19
23
17
17
17
17
15
15
16
16
17
16
16
17
15
17
16
16
16
17
15
15
15
18
15
16
17
17
16
15
15
16
16
16
16
17
15
16
15
17
16
17
17
16
20
16
16
16
16
17
16
17
17
16
17
17
17
17
15
17
16
17
16
17
16
20
17
17
15
17
16
16
16
16
16
15
15
17
17
16
16
19
21
20
19
19
19
18
16
16
16
17
16
17
16
15
16
15
17
16
16
16
17
15
16
16
17
16
20
16
17
16
16
17
17
15
16
16
15
16
17
15
16
16
16
16
17
16
16
20
16
16
17
16
16
15
15
17
16
16
16
15
16
17
16
17
16
17
17
16
17
20
15
19
16
17
17
17
17
16
17
17
17
16
16
17
16
17
17
17
17
18
20
17
17
17
17
16
16
17
17
17
17
17
17
17
16
15
16
16
16
28
35
21
19
18
22
19
20
20
19
20
19
19
19
19
17
17
16
17
17
17
16
17
16
19
17
18
18
17
16
16
17
17
17
17
17
17
16
16
17
17
15
17
17
17
20
17
17
16
17
17
17
17
16
17
16
17
17
15
16
17
17
17
16
18
17
20
17
17
17
16
17
17
18
17
18
17
16
18
16
16
17
16
15
17
17
17
16
20
17
17
17
16
17
17
16
16
17
17
16
16
17
17
17
17
16
17
16
17
22
20
19
19
19
21
17
17
17
17
17
17
18
18
17
16
18
17
16
16
17
20
17
18
18
17
16
16
16
17
18
18
17
17
16
18
17
18
16
17
17
15
15
20
17
17
16
17
17
17
17
17
17
17
17
17
18
17
17
18
17
17
16
17
20
17
17
17
17
17
17
17
17
16
20
20
