1075
1240
1185
1201
818
1208
1203
664
672
658
602
680
671
687
1500
912
765
771
997
595
951
1099
1202
608
557
843
547
599
626
640
614
716
513
510
745
828
983
1309
1918
1984
1806
1772
1752
559
707
735
1059
998
829
1041
665
786
507
555
635
557
587
599
600
718
730
720
720
632
585
703
610
668
953
617
513
1011
1434
500
907
880
1604
1411
1041
1102
1914
1682
1168
1276
1024
917
681
965
1194
1280
1206
700
800
1143
879
846
949
878
779
810
979
1245
1093
768
656
919
887
1153
1206
864
747
659
803
851
1047
1677
1872
2318
2011
2124
1267
1008
928
949
686
971
1077
736
627
647
662
673
1318
1286
576
491
595
652
1040
944
955
1119
1636
1725
1684
1638
1846
1805
1324
1293
1041
710
525
589
686
605
756
653
645
699
646
743
708
705
726
611
666
721
710
679
583
987
687
843
658
701
714
714
669
623
686
680
683
598
672
733
682
682
714
712
945
1371
536
823
585
516
1251
767
1275
1381
1500
1529
1334
1239
937
699
1002
889
668
580
750
737
678
680
647
787
815
704
674
701
609
731
826
1350
1429
1627
1507
1669
1624
1558
1681
1555
513
920
1103
1380
1573
1554
1553
1661
1415
1515
1035
645
586
521
580
654
920
920
1089
588
827
509
579
525
574
617
669
597
599
496
762
706
867
805
900
913
852
595
525
768
926
513
871
1450
1336
1555
1340
1541
1634
1477
1450
891
471
753
1102
1162
1104
922
1004
986
926
1024
1018
730
897
860
594
790
636
466
626
600
662
621
599
634
726
658
669
672
712
673
685
586
707
689
645
685
743
636
668
706
606
663
719
689
744
637
679
729
742
605
760
681
720
737
747
720
609
694
695
752
470
587
649
688
734
683
735
650
681
613
695
702
685
691
658
693
678
736
632
701
596
616
456
601
589
673
681
679
607
624
669
674
659
657
701
674
713
602
700
652
699
1033
691
608
475
1436
1666
1580
843
1370
1466
1445
1430
857
691
487
814
1488
1439
1396
1410
1562
1448
1346
1461
1140
568
636
1487
1316
1431
1498
1503
1313
1442
1217
965
891
1000
975
984
986
935
894
697
737
651
728
757
646
695
714
701
604
682
674
610
675
723
675
681
606
662
673
725
663
663
648
676
669
726
720
724
762
537
631
698
682
748
687
630
658
617
702
687
618
737
686
636
614
728
679
670
875
884
541
613
564
679
658
586
676
826
723
771
807
540
552
646
647
699
621
738
691
636
684
960
1003
1431
1316
1397
784
603
791
594
572
573
568
580
652
608
582
611
650
563
483
867
721
895
572
909
693
940
832
997
522
452
640
1369
1658
1564
1355
1492
1413
1516
827
737
581
572
893
890
932
983
962
848
827
734
737
676
717
775
716
737
665
568
686
566
677
1560
1259
1510
1483
1775
1647
1495
566
583
478
592
745
1339
1342
905
1576
1611
1529
1119
1518
1428
1622
1030
474
1101
1274
1365
1204
997
966
1081
1122
1202
924
1063
721
750
809
664
625
707
618
731
690
715
691
655
676
655
711
616
687
599
693
683
521
600
642
686
693
731
646
688
742
676
694
617
690
696
672
675
719
680
695
787
677
570
547
698
624
663
639
659
670
662
608
671
594
599
689
706
585
674
721
591
760
885
929
1115
677
603
686
642
645
662
656
697
677
607
703
726
609
633
588
586
671
1045
1047
741
690
682
717
676
594
663
705
625
649
626
689
689
653
691
721
765
778
573
550
608
709
678
665
602
659
661
679
655
679
707
597
687
663
688
612
680
679
651
540
562
571
579
661
765
566
628
519
773
606
562
563
576
809
979
1019
668
607
611
663
488
574
606
615
622
654
692
705
603
608
746
631
687
533
697
552
720
1332
1517
1381
1456
1700
1478
1260
1220
804
597
840
556
475
1408
1579
1471
1325
1550
1602
1547
1263
496
630
569
596
1036
1225
1225
1161
1249
1081
1219
812
944
937
1003
1260
697
604
580
1054
1332
1533
1544
1585
1393
1960
1073
684
662
861
1406
1427
1346
1721
1688
1564
1492
1450
1017
534
476
1175
1120
1600
1597
1651
1677
1645
1423
1308
1681
3047
2612
2620
2458
1358
2753
1444
788
778
757
728
751
768
801
633
1263
1121
1202
1822
1547
1801
1712
1758
1492
1475
1126
592
509
619
786
854
529
697
701
731
645
875
596
707
602
689
555
479
698
607
679
744
558
510
667
670
2118
1903
804
1011
690
680
671
734
655
627
587
681
1138
803
1790
1844
1669
1748
1547
1920
457
1034
796
669
583
639
797
828
608
647
883
836
901
646
646
614
918
978
1468
1174
1206
1101
1065
1166
1363
537
540
674
1516
1699
1756
1584
1566
1659
1646
1479
561
523
520
759
962
1060
1058
953
987
782
819
836
800
775
854
759
609
607
500
520
630
628
699
678
694
712
646
626
672
639
698
696
665
612
667
580
675
720
509
636
600
698
659
826
669
602
695
702
665
605
689
725
636
806
666
719
597
587
679
671
804
1022
869
687
