224
206
199
235
234
208
204
228
227
223
216
205
228
199
213
207
200
228
225
231
226
195
232
227
227
203
223
208
205
224
217
271
240
216
195
219
238
214
201
188
203
188
208
188
196
234
192
222
209
221
222
222
204
218
192
226
193
223
225
200
217
220
206
229
213
198
206
219
202
223
205
230
220
219
219
198
204
238
237
237
212
222
219
208
196
217
217
227
212
215
205
222
336
379
356
382
216
188
210
214
352
217
216
173
168
197
189
206
201
191
204
195
198
195
192
191
204
173
180
218
195
180
204
180
196
186
184
174
212
186
201
191
207
194
202
209
187
195
226
201
209
209
207
206
199
183
201
189
201
199
202
182
210
221
199
263
240
199
200
187
216
203
202
194
203
215
191
202
202
209
179
218
220
195
212
235
198
180
206
212
205
208
215
208
196
214
210
237
212
215
207
221
214
183
233
217
193
194
190
211
228
193
203
215
190
194
221
209
218
205
210
222
229
196
211
192
217
202
289
283
220
213
212
218
217
210
206
196
196
203
217
193
190
192
203
207
209
213
218
211
227
186
210
203
219
212
215
212
207
209
189
215
204
210
217
207
209
195
223
203
210
200
209
212
221
224
206
208
214
212
219
214
194
194
213
205
190
192
207
201
197
232
358
363
333
366
360
357
353
350
349
358
343
363
230
188
218
214
195
210
236
197
226
228
217
189
220
196
218
196
222
184
200
221
230
203
230
223
228
192
204
203
200
202
220
192
217
232
226
208
189
217
225
203
229
195
231
301
238
219
234
219
258
236
238
248
227
291
195
218
194
215
257
294
316
401
346
238
239
236
245
195
306
226
241
269
457
379
278
242
232
201
233
315
508
418
321
324
197
183
175
184
187
178
198
201
177
184
189
186
185
204
199
216
239
192
214
217
215
226
213
186
195
185
188
170
206
190
194
209
180
187
178
191
280
283
221
291
256
210
203
189
215
218
178
194
183
196
219
193
199
169
192
208
193
186
193
192
193
182
202
193
179
183
196
175
200
195
184
178
205
207
205
204
197
199
195
198
195
229
206
186
218
213
211
212
222
185
205
217
219
208
198
211
188
197
205
209
216
250
220
245
250
244
220
219
223
220
221
216
215
207
219
246
217
217
214
230
218
184
185
215
197
212
232
197
228
241
205
229
206
214
188
203
205
225
224
198
219
213
228
230
224
222
221
214
224
233
214
219
212
194
208
241
230
221
227
354
446
389
419
349
227
208
223
223
207
219
214
212
189
226
210
204
229
205
223
192
237
216
213
207
208
222
206
202
221
217
214
213
208
186
218
214
206
212
222
217
199
214
189
217
217
221
195
188
213
210
215
194
208
219
193
213
241
212
196
230
191
207
211
230
229
284
196
238
223
218
209
201
224
221
199
221
227
206
210
214
211
186
210
201
233
195
198
194
198
207
201
229
219
203
199
197
198
207
221
213
211
217
216
210
223
209
191
224
207
199
190
228
213
189
224
208
210
214
191
189
209
197
213
212
219
209
208
269
257
219
218
214
230
226
212
224
215
189
224
222
211
214
233
211
205
221
215
209
214
217
202
216
227
209
227
195
216
205
219
217
187
207
192
229
197
213
192
192
195
223
222
213
194
208
193
195
191
220
211
213
235
197
190
197
193
219
225
214
194
223
214
207
234
217
188
199
232
187
231
220
215
231
236
193
203
194
233
213
215
226
186
226
203
217
205
230
196
232
215
226
205
227
198
227
202
220
246
196
212
216
233
219
216
204
220
189
218
212
204
227
213
215
221
216
229
204
216
230
227
192
247
193
226
190
199
215
210
210
199
218
224
215
211
190
204
218
233
226
192
217
218
217
218
223
198
221
213
189
210
203
226
200
196
211
221
213
215
198
210
195
198
237
216
221
210
225
202
222
213
202
219
228
188
210
190
215
197
219
210
224
198
197
232
213
217
199
206
229
217
213
213
211
226
227
224
214
189
216
211
208
213
190
188
221
187
220
213
216
207
213
214
209
215
215
193
210
209
215
211
214
215
193
211
208
210
213
216
198
217
199
196
227
229
210
213
205
243
198
200
221
234
199
215
1240
242
233
227
225
256
217
219
217
188
216
211
275
375
394
331
276
206
196
214
206
214
236
223
214
208
210
212
204
194
215
204
208
201
224
214
213
200
195
187
215
200
190
194
218
211
212
196
205
216
215
212
231
221
218
203
341
198
222
219
213
207
188
199
215
210
229
195
216
208
203
213
199
195
196
208
210
211
212
219
236
225
223
190
197
210
224
209
229
