2458
1081
1917
1969
1682
1356
1203
1286
1405
1060
1437
1753
1179
1563
1264
1322
1476
2126
1492
2001
1339
1293
1503
2785
3637
3309
2591
2691
2549
4478
3857
2539
2423
2514
2543
1919
2192
1759
1499
1679
1382
1056
1210
1065
1266
1039
1247
999
1185
1191
1301
1151
1142
1053
1303
1230
1056
1226
1309
1007
1007
1194
1198
1234
1228
1275
1186
1209
1177
1246
1234
1221
1149
1151
1164
1239
1085
1001
1269
991
936
867
858
835
1001
1182
1077
1149
1212
1241
1151
1147
1062
999
1129
1155
1067
783
1138
992
1130
1232
1175
1507
1909
913
1532
2446
1429
2896
2601
798
2425
2317
2679
2177
2633
2278
1289
2135
2005
1967
1317
1555
1545
1217
1183
1259
933
1173
1116
1021
840
1277
1029
1112
1317
1302
1202
1133
1006
1076
1244
1135
1264
2769
3617
3180
1815
996
1121
1079
1174
1216
1369
1223
864
1208
1170
1269
990
1103
1250
1173
1205
1177
1253
1668
1165
1142
1261
1089
1189
1150
1085
1236
1038
1144
1044
1042
1055
1083
1071
1165
1021
1039
1245
1146
1013
1226
1081
1252
1042
1548
1562
1028
1076
1214
1203
1100
1252
1128
1277
1155
1465
2146
1193
1266
1071
1171
1178
1153
1181
1070
1256
1109
981
1079
985
1252
998
1072
1136
1060
1142
1127
1162
1007
1262
1188
1073
1060
1238
1175
1189
1117
1163
1193
1178
1026
1037
1056
1158
1248
1153
1184
1187
1158
1001
1157
1172
1179
1166
1560
994
998
2159
2322
2120
2602
2685
2283
2439
2115
2736
2417
2749
2225
2443
2265
2591
2289
2456
1271
1529
1693
1444
1535
1337
1461
1367
1367
2145
3470
2702
1080
1488
2466
2281
1973
2212
2278
3258
1032
1873
1184
1130
1194
1086
1104
1147
1101
1236
1242
2435
2108
2295
2633
2552
2265
1969
1552
2904
2268
2404
2564
2377
2571
3299
2728
2704
2713
3583
3278
3497
2944
3300
4768
2269
2592
2475
2722
3674
4212
4300
5112
3022
2718
2678
2103
2513
2534
2052
1452
1233
1466
1774
1333
1217
1178
1164
1157
1234
1183
1179
1119
1090
1165
1267
1440
1033
1031
1097
1075
1101
1298
1170
1287
1217
1067
1551
3604
1978
1932
2057
1860
1719
2390
2590
2212
3458
3402
2598
2325
2289
2801
2353
3244
2734
2777
3095
972
1311
2775
2521
2646
2695
2339
2312
2656
1864
1778
2776
2929
1268
2234
2465
2513
2104
2084
1450
1423
1195
1150
1285
1407
1311
1170
1278
1190
1151
1078
783
999
1134
1192
1142
1187
1189
1269
1163
1053
1104
1224
1033
944
1032
1110
1111
1175
1030
1226
1097
1246
1244
1216
998
2118
2858
2374
2468
2545
2421
1689
2816
2835
2655
2696
2357
1729
2586
2597
2629
2595
2470
2394
2539
2564
2638
2932
3793
3773
3490
3568
3991
4127
1277
2508
2699
2772
2634
2486
2829
2477
2139
2321
1543
1773
1888
1516
1247
1141
1247
1332
1132
1015
1170
1141
1167
1052
1027
1211
1155
1136
1129
1075
1130
1130
1228
1010
1261
1147
1081
1227
1225
1160
992
1214
1144
1192
1281
1271
1196
1211
999
1168
1241
1147
1063
1245
1174
1143
1185
1136
1162
1121
1021
1256
925
1245
1240
1095
1153
1248
2492
4189
3550
2392
2473
1586
2290
3147
1473
2749
2954
2633
2385
2451
1960
2152
1897
1303
1451
1570
1180
1162
1246
889
1000
1207
1166
1189
1213
2456
2354
2780
2396
2734
2256
2638
2750
3043
4007
2416
3325
3977
3106
2455
2636
2038
1026
2863
2387
2473
2431
1835
1426
2110
1317
1303
1165
1277
1225
1159
1246
1201
1526
2980
2668
2757
2659
2255
2934
2516
2901
2306
2879
2845
2459
2300
2914
2507
3069
3895
2702
2423
2656
2995
3531
1753
1903
1897
1508
1718
1447
1406
1275
1245
1060
1250
1170
997
1050
1144
1047
1182
1043
1256
1139
2049
2830
2668
2932
2728
2851
2751
2554
2580
2268
2157
2933
2419
1424
2263
2333
2196
2530
1615
1522
1970
1263
1443
1430
1526
2591
2293
1996
1681
2238
1870
3578
3732
2888
2128
2860
2807
2666
2376
2778
2417
2774
2597
2331
2657
3473
2813
2400
2507
2842
2764
2909
2745
2654
2297
2644
2829
2542
2839
2470
2930
2259
2589
2632
2876
2855
2772
2041
2655
2757
2490
2338
1872
1899
1790
1466
1173
1341
1402
1089
1199
1285
1140
1068
1160
1154
1137
1020
933
1302
1253
990
1172
1187
988
1177
978
1162
1195
1149
1184
1147
1155
1007
1036
1023
1207
1120
2598
2787
2759
2899
3050
2218
3209
2978
3135
2937
1795
2031
2097
3106
1918
1310
951
1925
1765
2865
2521
2898
2821
2292
2503
2569
2793
2621
1303
2397
2576
2389
2631
2684
2155
2166
2609
2527
2320
2417
3078
2671
2287
2406
2654
2295
2282
2581
2295
2216
2615
2769
1231
1849
2201
1817
2171
1778
1603
1508
2699
1440
999
1228
1190
1135
1186
1053
1125
1175
1278
1124
975
1214
890
1134
1158
1226
1144
1149
1174
2338
2771
3206
2772
2603
3055
4868
2480
2679
2554
2484
2001
2530
2393
2114
1879
1786
2288
1756
3162
2390
1951
2789
1294
1239
1438
1411
1198
1027
1198
1313
1044
1223
2123
2743
2391
2524
1024
1807
1389
2719
2651
2302
2607
1892
718
1565
1928
1559
1566
1624
1703
1515
1101
1158
1207
1070
1117
1103
1190
1182
1154
1301
1040
1221
1223
1226
1055
791
1124
1013
875
1114
1182
1300
1215
1003
1076
1214
1029
1175
1080
1306
1183
1165
1215
1131
1117
1159
1174
1142
1058
1197
1031
991
1178
1225
1170
1080
1001
1265
997
1282
1196
1209
1097
1006
1035
1033
1263
1093
1254
1186
1004
1153
1164
1188
1220
1103
1033
1056
1175
1221
1295
1248
1140
1025
901
1114
1016
1524
2707
2399
1656
2354
2316
2673
4696
1922
2713
969
2402
2623
2713
2067
1253
1636
1466
1478
1552
1410
1286
1475
1614
1673
1584
3465
1689
3295
2901
2170
2451
