2362
2618
2423
2365
1382
1236
1396
1380
1238
1334
1361
1361
1891
1649
1347
1399
1393
1201
1402
1388
1353
1226
1926
2453
1262
1280
1378
1398
1405
1361
1393
1449
1250
1349
1543
1431
1270
1398
1197
2130
3303
1720
2136
937
2480
3216
3373
2079
1295
1168
1429
1431
1065
1134
1312
1088
1541
2230
1538
3530
2676
3138
3335
3165
3362
1434
1785
1945
1893
1753
1828
1491
1332
1331
1517
1260
1445
1227
1221
1275
1451
1448
1281
1510
1483
1426
1362
1340
1229
1339
1375
1350
1400
1419
1202
1352
1233
1410
1444
1495
1495
1505
1358
1421
1377
1256
1061
1241
1396
1540
1288
1391
1401
1561
1379
1279
1731
1781
1435
1459
1300
1318
1196
1400
1367
1277
1671
2540
2409
2983
3371
2961
2456
1595
3106
2545
2748
3014
3353
2966
3216
3321
3243
2696
2856
2560
2566
3225
3525
3179
3217
5078
2004
1582
1346
1270
1195
1671
2401
1995
2171
2911
4306
2694
3655
2768
2244
1928
1341
1444
3190
2850
2892
2718
1045
1362
1180
1496
1702
1402
1343
1258
1086
1255
1355
1077
1093
1118
1163
1161
1188
1237
1257
1332
1286
1236
1233
1031
1209
1315
1408
1446
1359
1310
1367
1579
2576
1666
2935
2727
3245
3313
4541
3116
3121
3109
3119
2280
2184
2248
2039
2106
1446
1463
1497
1453
1500
1326
1391
1422
1432
1476
1395
1563
2045
1392
1297
1191
1406
1336
1353
1276
1420
1331
1360
1386
1448
1594
1434
1389
1337
3081
2942
1347
1176
1540
1364
1547
1259
1107
1475
1470
1205
1297
1216
1366
1340
1371
1071
2707
3199
2894
3070
3336
3910
3293
3321
4448
4713
3383
3391
2330
1704
2392
2118
2198
2116
1663
1551
1412
1444
1185
1500
1265
1201
1189
1375
1406
1394
1289
1367
1345
1437
1345
1529
1450
1509
1474
1477
1538
1391
1444
1447
1309
1546
1253
1419
1418
1597
1507
1266
1390
1504
1293
1423
1478
1326
1317
1417
1407
2955
2473
2204
1261
1271
1483
1193
1451
2905
2477
1683
1220
1483
1253
1181
1418
1348
1390
1133
1197
1417
1426
1397
1405
1412
1399
1373
1175
1949
1510
1226
1579
1283
1392
1420
1416
1380
1222
2557
4514
1211
1500
1219
2851
2295
1444
1288
1618
1509
1934
1395
1391
2451
2546
2127
1617
1705
1578
1055
1658
3177
1873
1640
1326
2119
1847
1056
3016
2428
2069
2645
2069
2330
3422
2906
2732
1741
1690
2039
1899
1792
1612
1477
1274
1360
1272
1388
1276
1398
1579
1512
1297
1438
1279
1483
1411
1339
1454
1314
1462
1005
1287
1368
1539
1995
1424
2183
2721
1123
1262
1181
1530
1511
1462
1570
1149
1547
1164
1396
1083
1290
1391
1362
1397
1293
1220
1405
1265
1232
1453
1317
1269
1448
1384
2051
2504
2226
2486
2576
2602
2102
2285
1250
1432
1724
1105
1403
1341
1314
2018
1326
2682
2710
1529
1459
1883
2080
1221
1437
1459
1550
1528
1442
1437
1476
1551
1086
1300
1371
1395
1358
1399
1266
1233
1470
1413
1452
1301
1082
1267
1398
1408
1492
1378
1537
1333
1224
1126
1372
1307
1270
1416
1431
1426
1383
1272
1412
1254
1244
1238
1463
1454
1267
1533
1500
1426
1337
1225
1469
1244
1535
1254
1522
1467
1439
1543
1450
1402
1370
1407
1391
1497
1454
1284
1295
1512
1408
1384
1417
1390
1539
2406
3204
3339
3112
2965
1871
2694
2642
3406
2757
2741
2994
1346
1342
1386
1223
1437
1378
1681
3111
3258
2698
3161
3369
3361
3192
2630
2261
2458
2028
1463
1433
1376
1544
1088
997
1616
2612
2838
3149
2045
1171
1703
1188
1311
1386
1392
1306
1381
1178
1595
946
1171
1232
1323
1427
1438
1202
1218
1535
1410
1554
1073
2687
3136
3132
3365
2971
2122
1777
1111
1215
1299
1342
1148
1316
1305
1226
1442
1339
1555
1158
1474
1187
1245
1573
1466
1457
1402
1213
1199
1403
1379
1516
1428
1395
1459
1430
1313
1415
1283
1269
1201
1390
1356
1387
1383
1354
1374
1414
1214
1343
1206
1192
1361
1462
1269
1282
1454
1498
2979
2848
3008
2760
3147
2816
3266
3260
2780
3063
3029
3099
2965
3150
3191
2965
2984
3074
3151
2448
1303
1173
1320
1576
1535
1314
1545
2935
3061
3118
2008
1132
1351
1861
1793
1757
1676
1222
1295
1526
1520
1196
1137
1421
1916
1401
1189
1428
1152
1508
1434
1330
1395
1379
1406
1360
1251
1500
1231
1384
1408
1288
1304
1270
1455
1498
1371
1493
1478
1323
1506
1516
2156
2057
3269
3130
3134
2988
962
3140
3082
3268
2988
2359
3334
2853
3199
3212
5722
3257
3338
3221
3267
3385
2736
3220
2342
2958
2825
2438
2763
1889
1616
1439
1798
1692
1626
1272
1420
1238
1391
1483
1073
1294
1205
1419
1382
1371
1418
1417
1268
1394
1853
1226
1311
1646
1450
1394
2012
2601
3241
3089
1137
1672
1945
1913
1800
1611
1583
1603
1613
1424
2400
1490
1491
1308
1555
1539
1216
1532
1413
1979
2214
1368
1402
1376
1303
1463
1494
1369
1446
1354
1500
1392
1413
1183
1390
1392
1365
1188
1214
1379
1275
1435
1424
1200
1337
1423
1342
1447
1326
1225
1651
1403
1298
1381
1357
1436
1448
1425
1474
1419
1195
1396
1392
1280
1510
1231
1411
1299
1388
1505
1403
1355
1482
2038
1729
1272
2522
2573
3030
1903
2447
3076
3062
3222
3100
1729
3311
2580
2827
2449
2171
1587
1210
1330
1419
1550
1416
1447
1499
1416
1974
1392
1225
1279
1374
1306
1278
1340
1369
1255
1547
1372
1259
1532
1315
1531
1330
1413
1670
1928
3153
3165
2217
1498
2852
1416
1403
1508
1310
1213
1234
1644
1014
2534
3193
3156
3237
2305
1830
3259
2535
2471
2287
1738
2014
1740
1714
1570
1587
1466
1476
1284
2642
3136
2977
2689
3158
3154
3350
3205
3153
2746
3134
2824
2889
2500
2421
2030
1923
1584
1645
1453
1525
1296
1386
2542
2739
3079
3408
3323
2796
3134
3153
3186
2679
3045
1991
