61
61
56
59
56
57
55
50
48
50
44
51
47
49
49
50
46
50
49
46
49
54
52
50
46
52
50
45
52
47
47
50
50
48
46
46
49
49
51
50
47
53
51
52
48
45
44
49
46
49
47
47
50
46
48
47
48
47
51
49
51
54
52
48
47
50
47
51
48
52
53
52
49
47
51
50
49
51
45
49
46
51
44
50
51
43
50
54
52
47
48
47
49
46
46
45
45
48
49
45
49
45
48
46
49
52
51
47
44
48
59
56
49
50
49
46
50
48
47
48
50
49
47
51
51
48
51
45
48
48
44
52
49
49
48
48
52
48
49
49
51
55
90
58
46
52
49
45
48
55
52
53
81
60
51
61
67
56
71
55
49
49
53
46
49
50
49
49
49
46
55
56
46
51
49
57
56
52
50
51
45
51
43
51
47
52
51
53
50
50
51
48
44
50
47
50
52
46
52
48
52
56
47
51
45
50
46
50
45
48
50
54
55
48
49
54
43
46
52
48
44
47
47
46
49
47
48
52
50
45
53
57
48
51
53
50
44
47
53
49
47
52
45
50
47
59
54
50
49
50
50
50
46
49
54
50
51
50
49
52
57
49
45
50
46
51
51
50
51
48
47
50
50
49
57
54
50
48
52
59
56
50
50
49
47
51
55
51
57
51
48
49
46
47
54
51
47
52
49
49
52
50
50
51
53
51
50
49
51
49
50
45
55
61
59
52
52
58
48
52
49
53
52
49
53
47
50
51
51
55
48
55
53
51
51
51
55
47
55
51
52
51
51
53
52
57
53
54
54
52
52
46
49
50
51
53
55
49
52
47
58
128
91
109
105
109
106
100
102
107
103
105
108
98
104
115
101
108
128
85
71
63
55
57
49
45
50
50
50
49
51
45
51
48
51
55
49
53
50
56
53
48
53
49
46
50
50
50
51
51
53
49
55
51
53
53
51
51
49
52
48
58
63
61
61
55
52
53
47
52
52
54
48
52
52
52
49
55
46
48
52
49
51
52
54
51
48
45
47
50
50
51
45
49
49
46
50
50
49
49
52
51
53
53
46
47
50
51
51
54
48
51
54
52
51
46
51
49
51
52
56
53
53
50
49
47
55
52
49
51
51
53
52
54
50
49
54
53
49
50
51
53
56
53
57
54
51
51
52
53
51
53
52
57
53
55
56
54
49
54
56
53
52
56
52
48
50
53
55
52
48
49
52
57
54
52
49
51
55
49
50
52
56
52
47
52
52
55
48
49
49
53
53
53
54
63
56
53
57
51
50
54
51
52
56
49
51
52
52
111
126
108
60
50
57
52
56
60
59
55
52
47
53
49
51
53
55
55
48
51
52
48
52
48
55
55
52
52
51
50
48
50
51
51
51
48
50
50
52
54
50
48
55
50
53
55
54
50
52
50
54
54
52
54
51
52
51
48
50
55
53
59
48
54
55
55
49
53
49
47
51
47
48
51
53
51
51
47
54
49
52
51
48
50
51
52
48
47
49
56
51
54
48
56
46
50
48
50
52
49
54
56
55
47
51
51
51
47
53
53
49
48
53
53
54
51
47
48
54
52
51
54
52
49
50
50
48
52
52
47
50
49
49
48
52
52
52
48
53
47
54
50
50
49
50
51
55
49
53
51
54
53
52
48
53
50
53
49
53
52
52
51
53
47
47
54
55
55
54
52
56
52
47
52
53
51
52
52
52
55
52
53
49
52
55
53
54
57
52
58
56
54
51
55
52
53
54
54
52
55
57
50
53
54
52
47
49
52
53
53
50
52
54
55
54
55
55
56
54
54
55
52
52
49
51
48
51
51
49
50
54
51
47
54
51
55
51
49
52
54
52
47
52
50
54
47
48
54
53
49
50
51
49
50
47
48
52
54
56
51
67
91
72
53
53
52
54
54
55
57
55
50
54
57
50
57
53
53
51
47
55
47
53
55
49
48
51
48
57
53
50
55
50
54
56
55
49
54
53
53
54
49
51
49
53
54
54
52
56
49
52
50
54
54
51
49
52
50
53
56
54
55
53
56
47
55
52
58
49
55
51
54
53
57
55
48
57
54
53
52
47
47
48
54
55
53
54
53
56
56
52
49
49
49
52
47
54
56
52
52
53
49
49
53
52
56
53
55
53
53
55
57
53
53
52
51
52
54
52
47
53
59
53
53
53
55
53
48
53
48
51
47
50
55
51
53
57
58
52
48
51
51
53
55
55
47
47
56
49
50
51
52
51
54
50
53
61
53
55
56
55
57
49
56
54
55
50
54
47
47
