1746
1737
1568
1707
1679
987
1060
1082
875
818
867
936
920
831
949
923
865
871
1022
958
949
976
866
796
986
816
896
974
1019
966
1010
940
873
944
1000
961
818
922
706
894
964
941
878
1125
1393
1720
1963
1890
2051
1855
1698
1729
1983
2041
1992
2183
2010
2013
1992
2211
2161
2013
2648
2394
1424
1603
1083
1158
1135
1080
1011
960
1004
956
931
824
1023
688
801
782
1085
1032
894
951
852
757
826
867
930
930
822
870
860
920
914
843
830
896
819
943
942
679
915
1048
801
928
928
975
921
917
954
933
918
987
1117
679
817
745
878
1007
978
1046
932
972
949
795
1002
846
985
1070
674
712
824
868
881
874
935
985
1011
957
921
955
934
910
1102
713
914
853
924
843
842
922
924
915
915
934
1050
855
1234
785
848
824
899
955
850
872
882
867
809
860
917
989
803
965
913
908
975
963
990
801
962
661
979
814
798
915
881
960
942
914
1030
825
940
961
843
808
1238
1418
1697
1431
976
934
930
941
923
903
982
936
980
1011
935
1007
993
968
895
1034
819
940
962
1016
1026
831
985
968
1138
736
846
979
962
947
965
985
846
963
864
860
973
961
950
902
862
657
908
849
917
946
981
919
865
895
957
942
821
906
951
1049
785
986
955
860
974
939
934
874
973
974
933
980
1011
862
1558
1231
950
876
820
973
664
1030
728
1000
700
763
852
847
834
873
769
681
776
810
884
786
866
738
1176
669
936
1005
994
1000
964
820
932
827
862
953
854
1027
1085
786
1352
1860
2005
1910
2122
2053
1515
878
651
708
1247
1781
1879
1735
1586
1284
1368
1323
1668
1702
1150
1385
1201
724
940
866
1333
1079
1392
1249
871
989
941
611
890
933
812
932
880
928
849
961
906
937
835
935
989
1086
886
745
844
902
821
801
931
825
956
956
948
970
980
838
947
1031
886
705
922
981
969
840
834
973
831
873
917
990
829
836
646
1014
795
892
922
914
931
985
948
943
931
960
919
811
982
970
964
849
856
966
912
921
939
922
904
813
834
946
889
830
805
836
965
1034
934
986
903
816
958
904
868
996
925
893
855
907
922
1010
824
742
985
927
914
920
916
903
923
911
887
1011
734
840
897
1068
849
945
966
884
934
914
949
871
971
990
900
996
926
878
1153
1680
894
721
810
924
1031
871
1012
826
673
849
821
840
1096
1640
1541
1443
1759
765
858
795
716
927
947
715
879
941
959
909
939
928
1026
961
876
883
1756
2832
2171
2353
2240
1929
2457
4173
1994
2128
2220
1792
1552
1715
1644
1172
1154
1272
1176
1214
869
880
969
964
844
959
1421
1571
1134
996
994
977
830
918
868
1070
940
879
972
818
967
746
932
961
999
905
949
910
816
865
908
816
967
861
748
997
1304
2022
1774
1982
2162
2236
2250
1938
2095
2100
2275
1906
2138
2113
2099
2285
2244
1810
1702
1537
1671
1659
1431
2200
2121
1967
1979
2219
2371
1960
2096
2024
2230
2161
2040
1533
2167
1225
1883
2035
1654
1434
1497
1377
967
1016
1897
1018
1093
1129
952
806
996
744
975
688
899
793
810
937
924
1412
1368
1970
2043
769
636
1967
2083
1949
1990
1887
1651
1222
748
963
971
903
890
764
810
881
829
933
757
737
875
847
907
907
791
749
852
851
813
884
786
836
819
933
758
865
789
837
818
939
882
721
735
639
796
654
831
887
864
924
936
710
863
958
948
941
736
949
873
672
1041
750
929
991
929
969
900
1003
953
881
933
851
970
665
869
961
2321
1389
1574
2121
1555
1877
1479
978
907
785
908
878
912
929
820
918
918
942
939
967
911
959
935
823
2098
3442
1883
2029
2326
2167
1654
1731
1805
1428
1131
1435
1545
1690
1282
1155
830
891
928
928
927
891
924
935
941
840
919
973
679
897
1063
789
852
1024
894
830
761
888
924
813
909
972
892
918
813
965
851
882
914
803
974
940
889
850
1002
832
816
909
1085
1003
1014
958
978
734
770
849
801
957
855
1061
909
903
979
990
1056
698
869
952
830
938
950
624
1951
2058
2218
1056
1583
1322
1672
1147
870
965
1005
903
1037
1025
1116
835
922
906
755
706
833
816
892
753
684
943
829
827
830
730
869
979
1628
3376
2654
2186
2181
2037
677
1311
1647
2135
2327
2212
2200
1907
2260
3494
2427
2227
2118
2154
2298
2201
2178
1919
1943
2034
2054
2317
2039
1740
1787
1713
1451
1420
1445
1518
827
2136
737
671
1749
1454
2156
2177
2292
615
727
1677
1328
709
1765
1729
1756
1956
1597
1243
2191
2241
2001
2311
2170
2566
3433
2479
2012
1917
1933
1796
1343
1443
1425
1280
1226
1138
1141
1011
1141
874
849
841
815
998
837
952
897
1075
956
1093
865
861
989
782
728
722
900
915
877
913
960
907
923
968
1336
1002
1797
1894
1958
1980
2204
1903
1903
776
1629
656
991
1976
1879
1895
1494
993
1081
1004
1091
1200
793
1137
935
824
818
898
923
731
836
889
862
683
863
918
825
911
808
1099
959
1140
1134
1130
1151
1156
1026
1226
1131
1191
1210
1200
1136
596
1180
1151
1117
1126
1115
1160
