1509
1276
1261
907
984
1088
944
1034
1043
1019
814
993
1062
1045
1748
1052
803
826
1439
1437
1027
1292
1385
1276
1280
1198
1360
1002
1109
2362
2382
2328
2477
1927
1038
813
2411
2489
2386
2439
2271
1784
1246
1401
2217
2035
2409
2408
2307
1700
1917
2543
2465
2151
1987
1483
886
1322
1301
1651
1431
1271
1412
1177
1112
981
1311
2478
2454
2449
2474
2787
873
1744
2569
971
1336
1374
1407
1308
1175
1266
1120
1146
1121
1081
973
945
1002
1109
1182
1123
1100
1205
963
969
1095
890
981
766
1061
1155
881
823
1016
977
1080
938
915
956
936
1112
1051
946
1690
2026
1208
2237
2146
2761
3331
1228
2074
1155
1693
2905
2153
2159
2033
1965
2101
2220
2584
2079
2016
1838
1836
2033
994
2244
1196
1545
1479
1399
1089
1369
1114
1564
2617
2136
2212
2484
2419
2181
1597
2514
2576
2097
2484
2263
2061
2148
2262
2641
2097
2557
2466
2420
2307
2229
2451
2158
2506
2373
2258
1728
1876
1521
1213
1403
1284
1378
933
1035
1109
1058
1095
1063
988
1122
1116
1094
1067
1068
1080
1063
1102
1122
1092
1098
953
1025
1109
1032
980
955
1230
997
1049
1067
1105
936
1013
945
920
919
981
1056
1115
1020
965
1027
1009
995
929
1039
1047
944
997
1073
1075
1089
1038
992
1478
1303
1108
1060
1135
975
989
1047
1135
1116
1075
1008
980
1299
1238
967
976
1174
1417
1075
1736
1627
1507
931
1035
1085
988
1073
1053
984
957
962
1066
2073
1155
2558
2507
2584
2363
2781
785
2104
2333
2639
2569
2485
2088
1059
2506
2359
2400
2342
2325
1849
1959
2087
1989
1390
1373
1763
1260
1270
2460
2834
2389
2107
2184
2257
1516
2442
1133
2453
2255
2662
2598
1671
1809
1841
1695
1583
1714
1464
1290
1552
908
1035
1332
1144
902
1047
1025
1088
1003
1182
1124
1082
977
1082
1107
959
1017
1033
1025
938
1072
1107
971
1056
1177
1219
1499
1273
1105
990
1056
1119
933
928
1507
1719
1956
832
958
897
1149
924
955
1025
1088
1072
959
1162
1077
985
1044
1142
1095
1060
983
1074
1133
1123
1100
1112
1126
986
1083
979
1103
930
882
1359
2332
1458
1753
1088
987
963
858
1067
1056
1181
995
1127
1121
986
927
1050
1005
1355
1322
1118
1063
1112
1122
1058
1109
1099
993
1149
1151
985
1116
1341
776
1715
2256
1535
1805
2082
1819
1019
960
2022
2104
2070
2825
1851
2300
1107
922
1387
1941
1879
1321
1374
1729
1616
1230
1291
884
1065
1155
937
1034
1065
1057
1167
985
1031
961
988
1172
831
845
1016
1110
1104
920
974
1109
1029
936
1010
1040
1075
1176
1420
833
763
1044
1053
1059
1117
1005
1166
959
1106
1079
1023
1088
1322
1743
964
1102
1036
1041
1104
950
935
1090
1096
1089
1250
1071
1076
1213
1170
1166
985
1000
1012
1069
929
1112
1071
1192
1211
1156
1119
1216
968
1188
1022
1029
1108
1141
1118
1130
969
1087
934
1119
942
1106
1162
1040
1040
1052
1101
1096
1196
1333
946
2441
2370
1176
1259
1236
1507
1457
1818
1331
1056
1077
1050
1096
2403
3146
2328
2239
2563
2486
1645
1620
2678
2518
2478
2535
2552
2186
2275
2513
2394
2599
2688
3387
3444
2661
2189
1897
1778
1503
1624
1145
1151
1449
1410
1041
1137
954
932
945
1036
1090
964
1642
2438
2611
2325
2574
2472
2473
2272
2456
2325
1471
2540
2611
2502
2332
2395
1272
1997
1969
1689
1254
1408
1396
1143
1061
1106
1012
951
1023
1141
1085
995
1005
982
1089
1006
1102
1124
996
1998
1548
1523
2487
1756
842
1581
2431
2227
1388
1974
1115
926
1014
2400
2217
2144
1165
1621
1504
966
1478
1340
1170
1457
1235
1457
1678
1738
1723
1332
1278
856
1101
2100
2239
2669
2470
2627
2827
1594
2320
2271
2590
2218
2256
2481
1788
1007
806
1534
2287
2461
2428
2607
1592
699
2146
2138
2096
2171
2086
2425
2284
1625
2361
2057
2052
2007
1834
1450
1210
1423
1301
1157
1220
928
1009
1026
1054
1149
1139
1088
1018
1101
1013
1070
935
1107
1048
924
1108
1093
950
1471
1708
1111
1113
933
959
1202
1725
981
978
990
1076
1040
947
1103
1683
3999
2236
2503
2170
1863
2252
2468
2416
2517
2202
1396
2634
1746
2738
2967
2684
1506
1199
2739
2277
1150
1665
1080
2275
2499
2252
2001
1348
2266
903
2779
2640
2265
2127
2741
2018
2501
2754
2426
2668
2065
2469
1265
1341
1497
1636
1038
1068
1067
989
1134
1249
1576
751
1606
2643
2263
2316
2523
943
2734
2395
2390
2095
867
1070
1522
973
1015
1154
946
1000
1082
1196
964
1097
1109
1097
916
1095
1052
1119
955
1136
911
940
1055
1065
1023
1059
1108
1112
1062
945
2131
2233
2290
2412
2195
2446
2065
1433
2178
2036
1157
2440
2095
2270
1198
1746
1758
2048
862
1031
1057
1142
1092
989
1053
893
1033
1107
1060
1015
917
866
828
1088
944
1110
1106
921
934
1136
718
1056
1053
1138
944
825
1107
996
1039
1099
950
1077
1085
1504
1341
1372
1575
1134
1299
1066
1067
1093
1006
1083
1113
990
1069
1007
1012
1311
1327
1278
2449
2970
2438
2416
2732
2464
1269
810
1937
2224
2693
2356
2064
2546
990
839
2126
2190
2526
2393
2486
2057
2320
2361
2597
2196
2534
2366
1376
2153
2606
2202
2376
3001
4060
2268
2505
2127
1954
2450
1631
1459
1823
1337
1253
1265
1305
1285
1824
960
827
1063
1013
1047
950
1147
1105
983
1065
1072
1090
1580
856
2365
2181
1584
2633
2336
1534
1959
2520
1684
929
2132
1719
1611
1848
1883
2063
1870
1904
1750
1794
1786
1132
1136
1209
1279
1284
1097
1001
1077
1110
1196
1024
