1241
1428
2202
3518
2218
3286
3343
3208
2916
2534
2625
2296
2015
1860
1462
1485
1442
1733
1612
1429
1693
1631
1507
1547
1521
1504
1594
1480
1759
1700
1430
1423
1497
1587
1810
2296
3454
3505
3944
1316
2672
3511
3711
4663
4285
5303
2014
2149
2195
3283
1660
1905
1929
1839
2115
2091
2555
2354
2374
1584
1547
2281
2333
1247
1412
1664
1709
1586
1516
1382
1494
1262
1428
1625
1583
1487
2193
1303
1619
1589
1568
1617
1673
1495
1668
5476
2799
1620
1648
1636
1564
1564
2129
2071
1917
1832
1621
1311
1650
1433
1732
3448
3540
3143
3748
3309
3857
4162
3101
3295
3556
3108
3319
2891
3612
3672
3538
3492
3062
3535
3549
3959
3895
3233
3480
2900
2844
2740
1851
1399
1603
2175
1675
1633
1627
1419
1487
1926
3637
2418
1632
1534
1519
1956
2377
2935
2650
2379
1719
1730
1633
1558
1524
1603
1521
1624
1451
1509
1593
1635
1377
1715
1588
1630
1589
1608
1502
1681
1361
1356
1476
1805
1682
1601
1429
1735
1547
1777
1623
1832
1576
1557
1583
1575
1335
1393
1487
1555
1362
1463
1555
1498
1709
1544
1610
1641
1629
1622
2449
3597
3126
3605
3429
3192
3565
4077
3397
3588
3324
2971
2383
2327
2332
2083
1659
1535
1348
1474
1583
2245
3555
2134
2218
1989
3206
4372
4059
2264
4126
2131
2527
3624
2401
1417
1778
2130
1975
1646
1420
1705
1598
1359
1756
1438
1446
1545
1650
1544
1559
1470
1723
1535
1532
1461
1492
1635
1525
1589
1798
2171
2702
1626
1658
1626
1635
1616
1696
1882
1176
1728
1586
1475
1627
1730
1550
1536
1786
1541
1597
1529
1638
1364
1621
1771
1488
1661
1358
1581
1722
1552
1629
1591
1658
1379
1621
1431
1447
1894
2241
2433
2080
1411
1484
1301
1671
1662
1531
1579
1606
1923
1595
2690
1856
1078
1453
2036
2282
1570
1572
1653
1845
1717
1399
1638
1368
2055
2157
2225
1145
1896
1584
1401
1202
1364
1473
1297
1622
1669
1534
2272
1972
1591
1836
1561
1660
1863
1220
1371
1550
1469
1647
1695
1511
1200
1502
1372
1514
1589
1605
1600
1728
1588
1423
1454
1534
1354
1427
1417
1588
1497
1637
1351
1659
1368
1517
1699
1585
1603
2147
3054
1563
1385
1553
1324
1397
1913
2341
2122
2467
1452
1298
1613
1417
1365
1676
1706
1496
1651
1378
1554
1634
1579
1698
1561
1539
1643
1550
1234
1462
1580
1328
1567
1666
2448
2885
3149
4814
3675
3547
3820
3347
3253
2955
2615
2829
2187
1969
1505
1696
1673
2317
1439
1625
1633
1384
1646
1378
1572
1477
2014
1849
1648
1867
1510
1649
1451
1660
2016
2187
3956
2061
2870
2487
1694
1469
1636
1515
1774
1420
2476
1447
1448
1506
1470
1356
1582
1593
1675
1217
1538
1212
1721
1578
1700
1440
1735
2317
3847
3464
3291
3440
4170
3625
3030
2887
2969
3460
2626
2558
1924
1729
1778
1537
1363
1596
1460
1367
1581
1678
1694
1627
1577
1486
1209
1306
1710
1470
1655
1441
1461
1619
1612
1397
1621
1515
1440
1735
1710
1632
1626
1694
1284
1482
1585
1686
1570
1666
1657
1343
1596
1234
1678
1476
1612
1664
1708
1858
1554
1846
1411
1581
1639
1392
1457
1594
1535
1415
1692
1784
3255
3588
3409
3850
4872
4751
5708
5844
3161
3156
1569
1713
1563
1633
1664
2220
3923
1566
1550
1415
1597
1644
1786
2870
3664
3746
3622
3935
3348
3805
3359
3093
3595
3630
4084
3642
3138
3435
3708
3593
3660
3360
3387
3445
3598
3413
3681
3741
3693
3602
3488
3864
3243
3281
3569
3235
2605
2519
1648
1828
1773
1465
1363
1400
1199
1491
1356
1375
1546
1491
1484
1660
1367
1461
1194
1514
1680
1431
3270
1922
1635
1553
2029
3772
2803
3494
3198
3110
3311
3309
1165
1439
1795
1767
1300
1514
1559
1397
1432
1700
1531
1481
1557
1553
1285
1623
1574
1476
1462
1507
3469
2280
2592
3403
3803
1298
1521
1918
1650
1904
1980
1747
1566
1751
1596
1465
1743
1347
1430
1244
1128
1488
1631
1662
1873
1499
1480
1719
1363
1398
2263
2765
2392
3679
3652
2905
1988
3122
3598
3313
2545
2212
2567
1466
1316
1625
1428
1703
1314
1726
1464
1700
1694
1653
1459
1562
1683
1496
1274
1442
1559
1380
1739
1314
1644
1696
1603
1259
1771
1590
1697
1425
1648
4229
1360
1499
1592
1425
1578
1569
1658
2058
1736
1580
1596
1483
1537
1458
1521
1519
1965
1370
1406
1765
1687
1587
1513
1630
1709
1369
1381
1356
1680
1488
1449
1419
1392
1520
1517
1571
1508
1492
1580
1620
1703
1755
1406
1576
3026
1478
1542
2731
3716
3162
3440
3648
3519
3105
2996
3386
2020
2224
2227
1907
1598
1378
1519
1435
1569
1362
1517
1383
1282
1532
1749
3773
3495
3105
3494
2704
3691
3568
3596
2577
3242
2670
2391
2233
2629
3107
3256
3611
3739
2873
4797
1986
4126
2054
2342
1271
1381
2345
2356
1205
1792
2061
1609
1480
1425
1482
1522
1544
1581
1602
1468
1377
1407
1382
1595
1588
1554
1871
1281
1442
1594
1519
1503
1421
1601
1603
1420
1769
1618
1370
1628
1755
1591
1559
1388
1492
1809
4727
3210
3627
3440
2312
2749
2768
1646
1986
2101
1278
1557
1344
1678
1331
1732
1600
1502
1396
2372
3758
3827
3684
2588
2852
3283
1390
1586
1393
1465
1601
1759
1441
2415
2224
3200
2872
2400
1863
2172
3108
3387
3918
1838
2518
4949
4650
2611
3821
3504
3652
1098
1906
1833
2136
2637
1427
1657
1670
1502
1693
1750
1354
1367
1867
1418
1363
1522
1645
1540
1407
1627
1547
1428
1575
1381
1689
1394
1564
1386
1531
1588
1524
1488
1339
1446
1482
1540
1760
1450
1615
1556
1597
1460
1410
1322
1669
1647
1599
1573
1388
1602
1639
1831
3507
3390
3266
3526
3675
3645
3054
4003
5456
3648
3697
3571
3656
3552
3652
2302
3790
3432
3069
2922
2110
2191
2015
1536
1630
1430
