303
277
262
274
357
292
296
259
281
359
352
336
330
283
315
315
331
289
342
312
336
285
309
317
348
318
327
317
332
316
311
327
325
334
330
328
325
340
299
287
336
299
342
352
294
325
358
304
294
328
332
344
318
287
348
349
344
328
312
328
365
351
342
350
325
365
320
355
340
339
302
337
375
350
334
343
324
285
342
336
319
309
295
338
352
317
331
408
327
334
328
315
324
331
329
288
344
299
329
290
336
324
329
341
318
334
339
324
340
319
287
284
335
323
322
323
330
330
335
324
305
350
355
366
340
334
346
335
371
352
308
322
335
338
341
317
324
335
347
337
359
325
289
320
287
286
325
329
336
327
332
308
340
296
333
284
330
328
334
369
346
322
331
299
313
297
324
324
322
426
294
305
308
307
293
344
297
327
295
330
343
314
315
331
325
369
335
324
328
320
319
319
338
319
329
319
355
331
316
327
333
302
304
311
309
337
345
311
326
313
392
340
323
316
338
305
348
293
344
332
324
293
304
334
313
350
322
330
311
328
344
318
316
337
333
333
327
311
343
321
341
346
313
328
346
286
340
329
330
320
314
380
333
351
340
365
346
330
356
433
335
427
378
391
375
413
432
382
520
509
449
482
370
317
352
351
325
317
313
357
355
369
362
361
316
297
271
322
258
330
279
325
288
343
308
298
288
332
317
324
284
365
628
502
367
349
303
303
292
330
366
363
364
297
285
357
289
304
302
310
303
329
267
296
320
283
330
306
286
337
306
308
293
272
315
338
361
285
361
315
325
278
358
299
345
356
310
281
338
332
335
327
343
361
397
304
364
301
328
324
344
325
302
337
325
331
352
289
320
311
319
340
330
312
312
331
335
342
325
331
347
329
334
341
334
306
297
298
347
338
349
298
329
292
396
342
300
337
311
358
296
307
340
294
321
321
307
340
349
307
303
349
330
317
335
317
318
334
329
346
332
291
293
337
302
317
332
328
325
323
305
290
354
348
323
325
372
408
363
360
361
299
283
325
336
358
356
324
352
293
331
320
298
286
338
336
313
335
331
327
330
286
311
316
328
354
329
337
332
339
320
288
342
354
295
348
296
344
318
320
297
311
355
341
317
843
335
332
301
324
327
305
353
345
296
330
349
289
321
351
331
329
348
331
361
330
348
338
335
310
335
330
329
294
294
311
328
354
331
331
347
329
332
303
326
315
308
335
332
303
336
333
324
317
342
317
335
311
327
300
308
279
307
297
343
312
326
332
318
306
330
340
351
335
296
293
333
327
347
327
328
334
332
328
329
319
338
383
340
335
293
301
342
325
345
299
352
287
358
337
334
333
334
320
325
357
299
315
308
314
309
349
292
358
318
351
324
301
330
344
352
335
323
307
333
338
287
345
1081
1210
1408
1808
684
568
601
453
367
312
330
330
352
498
388
352
355
355
359
325
351
327
323
318
301
426
345
338
359
376
318
315
302
336
355
355
310
282
296
299
299
320
296
296
303
274
304
302
317
306
277
311
287
314
355
346
328
339
302
316
316
327
310
311
299
317
312
334
314
300
325
328
304
322
311
331
316
343
321
352
329
328
285
303
329
283
353
334
329
318
282
314
342
310
317
312
279
359
331
306
322
286
325
287
317
298
282
337
350
354
380
339
316
286
325
314
323
359
331
324
337
302
309
350
356
307
337
342
331
360
368
344
342
335
331
296
349
365
362
291
333
345
333
342
359
342
298
365
315
325
375
332
324
331
323
328
335
322
329
305
302
297
345
303
359
334
317
346
334
317
343
324
328
319
323
331
298
315
294
334
332
284
295
337
329
320
320
295
329
355
316
318
363
353
338
377
365
337
397
352
330
363
348
381
377
419
596
384
400
342
336
495
554
389
355
358
445
321
355
364
353
337
340
342
318
298
261
256
314
297
303
280
315
308
319
296
281
331
320
322
311
310
339
310
313
300
315
295
343
326
355
411
392
435
326
307
299
281
310
301
319
306
304
271
287
292
296
287
304
292
262
308
258
289
318
311
283
301
292
293
280
308
273
314
317
296
312
320
329
329
283
308
272
320
274
318
323
360
320
314
288
294
319
298
300
339
332
343
323
310
331
320
337
303
322
320
318
357
322
326
321
325
322
335
273
301
328
328
318
324
350
345
313
324
311
320
307
438
327
314
340
409
330
293
314
328
283
340
322
321
307
319
318
324
337
307
327
298
303
350
347
299
286
323
316
324
308
311
320
303
319
304
305
304
309
284
287
339
367
352
309
296
326
330
339
288
301
346
350
335
338
354
