1020
1267
1009
1069
1275
1224
1159
1212
1198
1059
1142
1159
1053
1254
1715
3296
1265
2217
2758
2546
1791
1892
1021
1101
1360
1357
1106
1109
1197
1314
1076
1195
1094
1406
854
1007
1153
1186
1191
1052
1053
1146
1004
1047
1038
1010
1376
1354
1026
1010
1014
1078
1108
1220
1184
1235
1073
1187
1195
2215
3464
2671
2014
1179
1163
1270
1048
1632
2680
2612
2718
2636
2505
2786
2579
2260
2454
2018
1956
1395
1240
1079
1075
1167
1079
1101
1228
1255
1198
1073
1142
1224
1150
1176
1154
1142
1064
1225
1205
1217
1150
1239
1022
1339
1044
1110
1149
1115
1194
1166
1293
1112
1277
1095
1014
2307
2592
2711
2275
2767
2328
2697
2450
2793
2471
2336
2623
2725
2345
2511
2108
1818
2214
1015
1444
1256
1229
1900
1680
2270
974
1101
1114
1181
1077
1221
1190
1153
1171
1043
1280
1034
1241
1047
1163
1062
1180
1242
1017
1288
1211
1102
1537
1402
1668
1078
1074
1159
1201
1155
1141
1044
1043
1193
1272
1162
1578
1946
2814
2662
2304
2656
1853
2289
2518
2378
2657
2653
2995
2640
2473
2478
2679
2622
2907
2668
2300
2140
3005
2683
1675
2579
2218
1701
1596
936
1028
1237
1903
1363
1196
1267
1223
1099
1177
1012
1153
1249
1007
970
1031
1264
1023
1025
1179
1243
1193
1205
1048
1004
1083
1144
1953
1118
1116
1139
1217
1180
1004
1242
1267
1172
1458
1739
1329
2508
1244
1286
1203
1099
1138
1137
1170
1605
1157
2173
2525
1184
1054
1425
1333
1712
1756
2994
3054
2692
3010
2786
2626
2896
1231
934
1321
2758
2791
3014
2853
2618
2867
2950
2304
2704
2824
2745
2368
2353
2333
2721
2401
2307
1813
1856
1781
1322
1448
1368
1547
1384
1173
1146
1025
1148
1223
1162
1170
1235
1215
1018
1216
865
1238
1117
998
1230
1109
1153
1193
1146
1182
1183
2504
2985
4008
4114
4712
4428
3620
3365
2596
1600
1256
1184
1281
1173
1167
1167
1161
1184
1307
820
1233
1110
1040
1136
1153
1068
1288
1015
1209
1010
1275
3770
4128
2515
2467
2287
1691
3060
3023
3314
3448
2622
2704
4964
3186
2656
2762
2833
2964
1419
1704
2439
2827
2764
2858
2099
2985
2771
2412
2472
2777
2699
2752
2464
2672
2381
2210
2584
2599
2165
2141
1496
1455
1398
1251
1332
1214
1342
1221
1038
1114
1234
1249
1217
1230
1032
1183
1118
1170
1239
1197
1199
1215
1043
1252
1240
1178
801
1104
1255
1240
1196
1187
1141
1092
1023
1193
1197
1065
1196
1472
2763
2324
2621
2764
2892
2652
2644
2470
2613
2363
2409
2323
2762
2534
2157
2000
2588
2906
2457
2676
2501
3322
3700
2955
3301
1590
2506
2741
3323
1805
2207
2350
2711
2490
2715
2608
1456
1507
1212
1309
1143
1185
1020
1156
1040
1302
1083
1388
1048
887
1011
1141
1213
1172
1176
1071
1009
1150
1214
1071
2036
1114
1093
1194
1171
1041
1202
1174
1060
1170
1128
1274
1173
1986
1641
1081
1153
1205
1249
1186
1165
1227
1300
1150
1156
1182
1204
1182
1134
1237
1075
1167
1000
1116
1224
1163
2316
2347
2624
2603
2217
2687
2880
2667
2467
2857
2665
2976
2500
2757
2459
2337
1975
1462
1625
1409
1474
1434
1174
1168
1072
1095
1289
1451
1723
2291
2674
2611
2585
2331
1556
2489
2606
2295
2667
2579
1313
1639
3437
3131
3599
2716
2716
2911
3463
3074
1141
2511
2466
2393
1474
1014
1155
1460
1329
1480
1222
1201
1195
1166
1176
1290
1116
956
1229
1089
1165
1165
1074
1011
1051
1137
1179
1204
2420
976
2634
1217
978
992
1182
1185
1167
1250
1121
1152
1232
2703
2471
2635
2280
2374
2495
2819
2825
2601
2832
4493
3486
2520
2813
2852
2473
2511
2310
1856
1943
1571
1675
1390
1583
1224
1267
1322
1400
1159
1255
1052
1264
2512
2846
2768
2408
2294
1810
2319
2388
2789
2403
2640
2307
2301
2433
2816
2833
2208
3772
3779
3590
3879
3639
2709
3079
2914
2773
2689
2616
2485
3660
3570
2531
2447
2366
2889
3131
2624
2372
2274
2768
3906
2392
2767
2494
2367
2734
2385
2592
2693
2645
2452
4206
4012
2565
2732
3151
2739
3019
2665
2512
2620
2898
2666
2541
2585
2359
2507
2682
2532
2457
2128
1781
1950
1536
1586
1671
1519
1197
1201
1223
1310
1187
3539
3716
1643
1369
1997
2694
3207
3977
4176
3880
2477
2658
3629
2929
2705
2290
2360
3048
1485
2140
2753
2488
2251
2219
1477
1181
1160
1482
1197
1257
1145
1244
1172
1025
1218
1273
1292
1242
1277
1117
1112
1036
1201
1236
1034
1163
1239
1196
1174
1178
1002
1220
1135
1036
1198
1179
1035
1135
1179
1232
1106
1288
1098
1156
1113
1153
1175
1061
1163
1003
1021
1071
1221
1208
1008
1068
1155
1152
1173
1130
1147
1055
1026
1020
1404
2754
2078
1873
1205
1177
1297
1364
1256
1094
1105
1426
1648
1928
1968
1829
1663
1754
1712
1138
1396
1438
1167
1249
1167
1009
1247
1009
1283
1124
1282
1205
1231
1220
1204
941
1033
1321
1092
1132
1205
1211
1102
1026
1283
924
1030
980
1179
1203
1126
1143
1111
1218
1199
1159
1169
902
1130
1130
1021
1670
2621
1287
1753
1365
1285
2250
1045
1001
1062
1543
1860
1365
1031
1229
1218
1153
1191
1280
918
1132
1089
1237
1457
1303
951
790
1137
1301
1128
1289
1290
1274
1086
1225
1102
920
2755
2529
2393
2599
2375
2617
1562
1834
2393
1981
2387
2228
2150
916
1778
2374
2326
2645
2575
2363
2908
2809
2801
2587
2414
2405
2084
2378
1625
1798
1908
1396
1052
1248
1213
1291
1110
1241
1205
1230
1258
1175
1309
1037
1098
1063
1052
1306
1285
1098
1238
1204
1143
1091
1181
1125
1013
1136
1059
1162
1114
1194
1055
1039
1204
1053
1148
1038
1604
1390
1429
1069
1032
1273
1224
1221
1059
1028
1219
1181
2068
2617
2733
2800
2875
3616
