308
300
286
260
229
228
250
253
378
321
322
292
289
259
222
321
434
339
277
274
297
336
318
329
337
413
318
506
536
311
330
336
315
324
343
285
298
284
306
262
266
283
267
286
275
285
286
270
290
285
292
294
282
288
265
254
267
268
286
246
254
257
252
241
263
249
256
250
232
250
278
253
263
265
255
274
286
292
339
374
285
262
241
240
262
248
262
275
270
265
252
263
287
266
245
266
259
272
284
267
242
259
255
283
242
271
266
276
289
275
275
241
269
292
292
296
270
278
270
283
281
256
254
290
251
261
324
285
305
279
256
280
278
280
260
267
251
291
281
264
278
244
297
285
251
264
245
287
281
286
287
262
253
285
286
301
275
264
268
274
281
248
261
265
270
266
276
282
288
311
317
280
286
251
284
272
271
288
245
291
312
245
298
298
276
280
284
289
257
273
281
270
275
281
287
281
252
308
274
282
275
258
261
248
248
286
300
287
249
287
283
299
284
289
291
252
295
326
274
286
354
305
264
328
297
288
279
273
247
289
245
297
301
288
306
253
293
293
278
295
287
305
300
295
296
243
265
290
283
277
262
296
268
299
270
278
268
281
299
291
280
255
285
278
281
251
283
264
272
274
293
290
282
274
294
276
255
272
281
254
352
261
269
282
299
294
242
270
268
262
273
283
271
277
284
288
283
248
266
291
289
275
259
272
260
267
283
297
299
248
245
285
272
275
252
280
265
281
248
283
266
286
286
281
276
287
265
335
290
312
292
528
673
291
291
347
353
568
906
521
464
651
468
294
263
226
256
237
245
259
255
258
254
278
250
250
250
248
262
223
251
293
267
244
281
295
260
264
312
286
300
272
271
271
292
286
269
271
278
277
274
234
286
304
271
292
233
249
276
275
273
250
246
290
308
255
241
287
276
295
247
298
270
301
287
246
264
286
286
280
244
278
316
305
242
278
282
432
283
280
282
276
280
274
277
283
273
290
276
278
293
284
239
279
287
279
273
257
250
269
262
278
289
298
293
299
276
286
277
282
275
270
303
250
260
266
260
290
247
278
292
278
295
284
250
287
310
265
252
269
271
265
284
291
280
300
296
251
277
280
293
296
242
282
244
278
280
299
281
304
293
270
271
294
275
284
297
282
304
298
250
269
255
272
285
249
255
270
259
271
282
283
279
315
291
297
273
297
273
250
293
261
251
281
261
298
286
285
303
274
280
248
287
287
285
260
285
248
274
269
252
261
288
278
247
256
256
277
267
295
243
241
276
268
303
262
257
275
283
258
305
281
345
281
293
285
291
276
288
264
298
278
248
282
257
267
244
286
273
286
288
282
251
254
268
276
297
298
294
251
265
262
268
265
305
250
286
254
248
256
252
267
282
297
257
287
246
286
254
253
248
872
488
579
531
278
377
261
302
286
339
321
387
394
401
276
326
284
283
320
270
348
350
346
369
327
315
308
308
293
290
264
312
303
260
253
291
282
280
247
263
236
224
280
258
246
259
291
262
280
276
294
252
292
292
256
277
237
263
274
276
291
490
393
352
246
312
238
271
269
269
269
287
301
277
292
277
270
294
295
273
268
276
266
271
273
300
267
273
280
276
256
251
266
285
248
278
288
287
303
279
255
284
298
247
267
289
280
280
276
502
544
594
545
294
292
292
294
270
280
276
298
266
249
279
293
292
289
283
254
276
272
264
289
291
274
299
308
283
286
267
279
278
296
259
311
278
265
296
276
307
253
289
287
290
265
293
302
438
322
283
302
286
251
244
296
273
274
292
276
292
254
260
304
272
267
276
295
292
262
281
283
261
274
250
286
276
249
250
283
281
281
253
292
274
286
285
265
248
275
266
299
287
280
354
301
301
294
317
279
299
275
298
245
296
255
281
264
283
280
247
276
279
305
285
306
275
293
271
279
280
286
272
303
289
284
282
256
282
302
275
291
304
279
308
293
283
291
293
283
271
287
252
289
298
273
281
254
321
252
286
282
265
267
273
287
252
295
282
254
271
276
286
300
274
284
256
286
289
303
302
268
307
302
282
292
260
272
272
270
291
294
285
270
284
279
290
277
260
294
302
287
270
280
303
255
267
246
260
284
252
311
306
296
286
278
295
323
286
313
288
303
284
284
278
301
303
296
284
313
284
279
285
282
262
268
303
302
296
259
305
276
297
266
255
286
270
303
289
289
286
290
259
262
266
304
270
429
346
286
268
285
245
284
274
265
298
270
254
248
276
289
264
272
272
287
301
291
292
249
272
286
256
279
284
281
285
265
259
249
