117
114
113
120
109
107
114
105
100
100
105
101
107
99
102
117
110
95
99
99
93
97
87
90
89
95
100
95
99
104
92
98
90
86
103
110
121
98
87
98
98
96
92
98
86
92
88
98
98
95
99
101
91
88
99
99
95
92
106
110
113
103
99
101
100
99
99
98
93
99
89
92
96
99
98
89
97
97
98
100
91
94
94
97
93
99
97
102
107
106
107
106
106
107
102
238
211
220
101
106
101
100
106
94
98
104
107
96
96
99
99
93
89
92
100
103
98
104
97
108
101
90
101
97
89
99
94
107
94
101
106
100
97
96
110
119
96
102
91
97
103
102
114
115
99
118
106
95
96
98
94
102
101
100
101
100
101
106
92
100
95
96
105
99
89
98
114
109
97
106
113
114
100
102
100
93
98
106
101
102
107
99
102
101
109
101
103
106
98
92
111
112
110
108
108
109
96
101
93
98
110
108
105
107
105
102
97
106
103
102
105
102
136
219
185
173
189
167
170
177
174
172
182
181
174
175
175
163
182
171
198
180
196
199
201
181
144
107
105
120
108
115
113
119
110
105
116
121
112
110
116
110
97
109
111
106
103
92
95
101
99
101
91
101
100
101
109
104
107
100
99
107
97
95
96
102
105
95
105
109
103
92
105
107
101
93
105
103
109
103
111
100
101
100
102
103
99
97
104
97
105
112
104
100
110
106
97
98
98
105
102
102
101
97
112
104
191
162
120
117
110
111
111
117
113
115
111
109
106
113
181
148
165
195
156
112
125
102
136
135
115
179
150
190
141
207
244
188
223
211
161
136
135
125
152
180
140
110
109
145
117
109
104
126
153
206
219
232
256
265
200
188
171
96
98
104
97
95
96
86
97
96
112
103
90
99
112
98
97
89
100
95
101
103
101
88
95
95
97
96
101
97
99
87
99
96
91
95
99
109
96
94
87
96
90
98
97
107
102
108
110
97
101
87
88
99
93
89
100
101
93
95
100
100
105
106
102
102
95
101
97
97
100
104
99
100
112
112
106
93
107
103
95
106
112
92
112
95
111
100
111
107
257
559
221
225
306
216
195
198
191
212
106
113
110
96
108
97
98
89
107
97
130
99
99
92
104
93
102
99
87
108
96
107
107
106
104
99
100
103
101
92
105
92
97
103
95
99
102
103
96
102
95
103
95
110
100
102
103
97
100
104
91
105
104
107
107
106
105
104
112
104
107
106
104
104
104
113
96
92
96
92
97
108
108
110
104
105
94
100
109
104
105
100
95
93
111
92
97
110
92
95
95
111
94
98
102
97
102
110
108
98
97
92
99
109
100
96
113
91
99
95
102
118
114
100
171
136
110
122
160
121
110
109
108
112
113
100
114
92
101
106
110
103
103
105
118
105
110
100
110
104
110
110
102
109
105
108
101
104
102
94
107
96
95
105
110
97
112
104
106
110
107
104
111
105
100
103
118
111
97
108
113
109
112
103
112
112
99
111
105
109
106
109
99
112
110
116
96
94
109
102
112
106
109
113
103
104
116
100
114
114
95
103
105
110
94
107
97
118
108
102
119
110
119
110
111
107
96
106
120
101
102
114
103
109
96
101
117
100
109
155
207
184
217
129
104
118
113
103
119
164
103
103
109
110
108
110
98
99
106
115
101
103
106
107
114
105
101
102
108
115
105
116
100
112
108
100
107
96
104
115
104
103
99
104
103
108
122
105
108
105
104
108
96
97
105
110
108
108
109
111
98
108
103
106
112
105
106
110
101
105
98
107
106
98
104
115
109
115
104
107
106
108
102
111
111
101
108
112
106
105
108
100
98
106
108
113
108
100
107
104
110
107
104
99
112
104
114
103
99
108
104
114
107
119
108
115
103
106
110
101
114
132
168
106
114
107
104
111
111
104
94
109
106
105
111
113
106
115
110
100
106
105
117
114
114
97
108
108
114
104
95
115
123
117
109
114
98
98
110
104
103
119
112
104
114
107
113
107
110
108
110
96
107
111
116
94
110
97
115
96
115
111
101
106
106
114
108
116
105
95
108
118
110
106
111
108
103
116
105
98
94
107
105
109
108
102
107
99
118
108
101
105
100
108
104
112
106
104
107
104
105
107
104
107
106
110
105
109
106
107
101
95
105
96
96
117
112
114
112
105
107
127
111
114
122
108
108
109
106
118
114
126
115
115
103
111
114
108
106
118
108
113
110
108
108
121
114
114
117
144
178
113
115
112
107
104
115
109
98
108
94
104
96
99
100
113
108
105
96
108
104
94
111
100
103
112
94
111
