1832
1070
706
922
964
743
530
605
634
598
799
1002
846
1052
950
988
955
1045
753
577
645
578
633
584
621
572
676
632
683
640
711
666
676
633
683
641
637
902
1066
968
758
807
740
783
607
526
572
567
604
575
633
648
687
569
571
722
616
654
852
784
712
987
879
664
568
694
691
711
1112
1073
637
576
624
582
653
684
648
1159
808
1586
1427
1721
1677
2498
2397
2089
695
1670
1468
1944
1000
1476
727
1354
838
1254
1208
736
1414
904
465
1009
1222
1377
1303
1174
1271
687
1024
1306
1371
858
955
463
471
1504
1551
1500
1693
590
826
878
564
918
538
1172
1218
864
817
622
812
766
775
778
1208
1822
1322
1133
1194
543
685
619
689
660
697
780
703
720
877
638
664
647
686
676
1174
1143
961
1098
895
827
580
577
619
621
700
632
616
642
606
620
552
576
624
1088
974
953
1162
2014
1352
1749
2887
1280
1849
2406
2277
2254
1015
1414
2313
2024
1554
1700
1305
1358
1385
932
1011
1502
1597
1538
1273
1406
1397
1136
1189
1218
2165
2647
2178
744
632
539
473
476
804
1233
466
706
1356
1333
516
523
886
1378
1342
1473
1240
1307
1486
1418
1367
1414
485
501
1089
1356
1010
1165
1233
1098
1221
990
883
811
1465
937
900
560
645
721
561
661
606
666
669
457
455
546
696
563
667
582
651
561
638
1516
1728
1519
1542
1666
1594
1572
1492
1534
1396
996
1430
1514
1387
1345
1338
1357
1315
1526
1064
510
1000
1385
1229
1295
1374
992
955
1027
1011
952
888
690
774
649
610
632
658
660
634
694
648
587
571
635
636
722
639
637
643
724
659
669
704
553
522
638
629
563
661
600
628
647
647
659
577
574
656
588
636
691
557
653
645
639
557
644
566
552
624
626
561
554
666
641
619
644
638
666
625
582
623
632
618
640
557
569
867
630
1186
794
794
947
852
731
653
557
653
1213
1556
1344
1387
644
649
689
656
591
604
615
599
645
823
1586
1587
1605
964
962
1330
1483
1592
1300
1490
1368
1456
1166
1541
749
868
1104
1309
1107
1201
1233
1281
959
956
863
1392
1049
959
846
885
599
627
685
548
570
1212
1185
1362
1121
967
681
1159
513
559
498
831
824
859
932
775
904
721
618
695
594
628
704
647
580
464
1317
2867
1522
1394
1442
1349
1454
1512
1597
696
2460
1752
1492
1493
1417
1421
1429
1370
1252
682
668
634
1523
1275
1434
1386
1366
1437
1249
1391
1094
796
1300
995
774
989
1007
779
759
866
868
927
847
751
613
667
916
445
1165
1430
1247
1560
1247
1267
1253
1434
1489
1429
524
1311
1254
1367
1352
1351
1315
1426
1264
1412
1385
828
1485
1452
1282
1317
1009
1114
1189
1113
933
899
1648
1976
1985
1493
1995
1214
1556
1538
921
2582
1427
1579
1535
2853
2224
2558
2519
2179
2116
812
651
926
857
918
717
785
776
517
843
738
832
687
649
910
1277
938
660
412
550
545
555
581
658
562
659
660
669
664
686
656
667
650
581
570
631
637
599
754
773
466
544
557
563
640
454
583
670
652
686
641
627
600
544
579
619
658
642
768
590
652
815
604
562
628
616
591
550
616
652
617
629
571
593
631
568
626
560
597
663
872
674
774
1184
1505
1591
1371
1372
1609
1427
1341
1309
1427
1471
1513
1132
1339
1333
1202
1084
1046
1034
1091
1088
780
722
726
781
802
794
737
607
607
668
669
631
559
609
584
641
579
622
593
620
658
647
636
675
679
650
630
641
650
645
632
651
564
629
617
698
685
612
785
1069
1038
1079
1134
656
600
565
577
627
619
641
558
652
608
616
600
559
620
609
634
573
642
939
623
697
451
554
650
653
629
517
596
679
684
624
625
635
618
653
681
622
639
605
624
686
644
556
606
559
631
646
584
705
695
632
701
638
653
656
684
633
590
571
632
563
840
1779
2409
1547
1394
1103
671
1665
2124
1579
1084
695
670
769
638
718
740
604
634
547
491
643
640
616
665
625
656
617
636
631
569
554
663
560
626
569
544
628
553
653
619
616
648
559
619
555
598
805
705
1185
2027
1349
1411
1503
1325
1354
1405
1370
1587
1521
1265
1477
1183
1445
1284
1373
1540
1514
1452
1504
1478
1268
1237
1302
1279
1054
873
983
946
1126
1039
727
653
648
513
656
703
685
644
627
582
635
662
707
587
596
616
632
554
641
614
491
601
577
617
652
651
649
625
628
613
669
544
641
588
644
651
608
615
656
579
613
618
676
628
625
628
616
583
503
565
631
656
660
628
591
571
638
667
663
638
674
555
550
793
509
522
2434
1652
1191
1386
1287
1524
1492
1443
1696
693
448
1050
1642
534
964
1443
1344
1331
1240
1124
1062
642
954
942
984
994
977
849
807
727
818
793
779
702
558
626
641
1096
516
1217
686
1004
485
965
1513
1390
1300
1434
1452
1571
1464
1070
1086
1366
1579
1578
1497
1262
1623
1670
1651
1535
1001
2139
1427
601
874
546
544
689
650
1137
1511
1416
1338
1777
516
583
1217
758
946
673
910
514
1127
1258
1190
1201
1093
982
973
936
1012
932
831
920
860
1042
1255
