1237
1449
1789
1710
1845
2040
1520
1624
1791
1380
1516
1276
1258
1518
1451
1363
1276
1262
1474
1555
1346
5274
3266
2901
3362
3106
3240
2964
3272
3038
3212
2801
2911
3138
2280
1786
2067
1932
1375
1279
1265
1589
1290
1694
1794
1554
1470
1369
1466
1592
1476
1530
1367
1516
1563
1111
1391
1458
1306
1662
2491
2750
3073
2868
2412
3189
2654
2503
1539
2127
2958
1963
3201
2882
3462
3435
2831
3455
2646
2759
2339
2297
1942
1602
1612
1525
1574
1547
1377
1375
1556
1612
1520
1564
1465
1464
1481
1522
1452
1475
1481
3521
3271
3529
3052
3154
2869
2987
3532
3398
3209
3583
3334
3086
3394
2970
2502
2489
2528
1662
1735
1723
1667
1462
1373
1478
1418
1463
1397
1380
1547
1607
1467
1372
1256
1553
1284
1487
1314
1469
1375
1314
1506
1322
1547
1283
1437
1529
1416
1292
1504
1447
1248
1340
1366
1460
1133
1521
1520
1507
1818
1453
1325
4903
2088
2949
1462
1503
1560
1313
1222
1361
1432
1399
1533
1265
1585
1304
1540
1497
1129
928
1384
1537
1542
1547
1534
1550
1411
1867
1083
1449
1595
1271
1594
1608
1466
1405
1264
1544
1577
1520
1335
1408
1469
1453
1277
1419
1528
1539
1610
1456
1151
1254
1199
1502
1585
1283
1488
1436
1485
1610
2075
3280
2923
3312
3569
3124
3274
2867
3162
3694
3445
2769
3340
2579
2158
1892
1758
2014
1541
1326
1325
1479
1370
1130
1378
1316
1541
1613
1372
1530
1352
1592
1392
1298
1590
1472
1520
1526
1366
1537
1460
1478
1391
1438
1262
1380
1956
1447
1978
1525
1210
1321
2949
3508
2470
2449
3353
3324
3236
3483
2386
3571
2871
2741
2397
1462
1346
1755
1922
2188
2070
2291
2345
3618
3004
3033
3333
3207
3346
3234
3169
3543
3135
3227
2719
2762
2302
2192
1932
1587
1347
1425
1453
1260
1466
1275
1592
1483
1477
1656
1588
1630
1621
1627
1466
1296
1357
1294
1461
1508
1478
1519
1284
1550
1609
1295
1186
1266
1573
1552
1276
1574
1503
1276
1473
1434
1360
1261
1527
1541
1553
1507
1617
1592
3014
2312
3336
3046
3275
2725
1741
1367
1332
1490
1787
1173
1265
1436
1291
1459
1438
1444
1456
1354
1658
1161
2692
2857
2868
2850
2246
1256
2781
3029
3088
2872
2447
1847
1851
1708
1841
1335
1514
1569
1518
2655
2543
2173
2211
2287
1526
1724
1619
1538
1497
1534
1370
1506
1472
1465
1367
1965
1679
2511
2078
3103
2878
2589
3103
2616
2433
1997
2154
2542
1033
2128
3075
3552
3388
2644
3662
3492
3355
3624
2775
3054
2432
2207
1737
2162
3417
3475
3295
2749
3103
3425
3494
2879
3126
2678
1775
1882
1891
1377
1704
3642
3666
1421
1698
1632
3095
3306
2741
2699
3609
2896
3562
3139
3941
3184
3138
3377
3139
2822
2702
1923
2073
1917
1729
1680
1383
1318
1550
1547
1571
1524
1562
1498
1610
1488
1471
3025
1762
1398
1296
1335
1450
1277
1580
1364
1570
2010
2194
2102
1849
1949
1699
1430
1352
1598
1441
1387
1462
1528
1558
1553
1451
1763
1486
1494
1494
1493
1342
1462
1399
1528
1272
1893
2353
1472
1573
1302
1337
1280
1484
1423
1515
1414
1606
1430
1280
1470
1473
1247
1286
1282
1542
1286
1186
1342
1486
1381
1558
1198
1262
2045
2962
2722
2190
1449
1263
2327
3699
3042
3258
3066
3211
1288
2667
3467
2009
1693
3076
2672
3036
2493
1644
1765
1771
1623
1856
1528
1472
1387
1511
1263
1294
1355
1503
1904
3237
2865
3027
4302
3292
3266
3449
3435
3078
3123
3071
2526
2124
2819
3086
3078
3510
2855
3385
3344
3059
2422
1720
1179
1509
1251
1429
1531
1478
1433
1734
1944
1820
2082
1421
1386
1510
1424
1373
1411
1471
1911
1345
1327
1229
2116
1444
1591
2040
2073
1849
1805
3298
1645
1486
1440
1472
1608
1578
1580
2332
1735
2554
1610
2042
2244
1394
1435
2357
1470
1321
1293
1169
1476
2088
2089
1146
1323
1377
1861
1833
1640
2238
1975
2291
1542
1484
1534
1790
1593
1940
1516
1691
1322
1256
1879
2110
1304
1483
1398
1362
1254
1294
1480
1068
1439
1216
1439
1601
1107
1295
1297
1365
1268
1223
1402
1617
1437
1559
1466
1558
1481
1076
1238
1211
1376
1656
1414
1379
1276
1470
1256
1450
1567
1682
1657
1403
1391
1485
1385
2064
2200
2106
1560
1097
1322
1533
1588
1211
1629
1494
1424
2234
3187
3000
2722
3365
2212
2984
2713
3496
3720
3287
2542
1536
2499
1551
1501
1260
1538
1310
1375
1308
2690
2519
2170
2050
1899
1683
1669
1624
1525
1594
1467
1459
1409
1344
1464
1379
1445
1451
1355
1589
1507
2146
1889
1445
1568
1440
1409
1478
1270
1493
1359
1492
1380
1342
1298
1598
1350
1353
1576
1592
1266
1607
1682
1192
1448
1501
1302
1332
1487
1478
1481
1478
1441
1102
1384
1506
1258
1382
1384
1366
1341
1267
1385
1421
1570
1562
1506
1322
1294
1532
1511
1479
1479
1392
1204
1264
1322
1614
1395
1363
1593
1454
1380
1415
1238
1808
2855
2987
3389
2842
3449
2850
2719
2729
2678
3584
3002
3023
3702
4903
3177
3120
3265
3098
1073
1181
1761
1375
1261
1278
1138
1232
1958
2933
3590
1919
2112
2730
2021
2078
2087
2136
2120
3057
3475
3157
3768
5316
3391
3586
2557
2790
3200
3270
3285
2542
3462
3486
2988
3609
3130
3271
2901
3340
3676
2374
1092
1486
2738
3140
3261
2103
1800
2174
2092
1986
1734
1504
1510
1430
1431
1353
1302
1581
1489
1527
1412
1368
1456
1402
1388
1331
1279
1474
1432
1442
1540
1480
1384
1046
1446
1462
1402
1502
1517
1223
1556
1289
1520
1340
1530
1556
1579
1425
1483
1463
1478
1566
1838
1818
1193
1350
1743
1248
1302
1062
1436
1946
3221
2996
1418
1379
2343
2184
2334
2062
1759
1948
1452
1300
1369
1321
1372
1567
1498
1432
1369
1302
1299
1314
1495
1354
1583
1291
1466
