119
128
131
122
114
121
133
135
119
124
117
124
113
117
124
124
110
130
118
121
135
119
130
125
115
134
130
120
127
126
120
126
131
133
129
129
140
134
134
128
127
130
138
119
130
139
131
119
118
127
128
129
130
132
120
130
234
289
129
141
145
123
140
129
118
134
135
141
122
129
137
137
128
133
134
125
130
151
133
132
120
134
136
137
135
138
141
122
138
127
120
144
138
130
134
146
125
138
140
139
137
143
135
139
138
137
135
132
140
136
121
143
147
139
138
144
131
139
127
138
132
137
121
130
127
124
136
136
147
139
126
150
143
152
136
125
127
153
142
140
142
128
128
148
133
141
140
213
147
144
123
126
141
137
131
137
141
143
134
141
137
136
140
134
125
146
122
139
127
125
131
124
131
139
140
138
137
127
126
128
149
136
132
129
143
136
127
139
132
139
136
147
148
138
138
136
148
140
152
126
129
143
128
136
145
140
144
144
137
139
136
138
148
142
130
137
139
134
150
136
130
145
139
132
141
147
145
146
152
147
143
148
145
138
127
140
129
133
172
246
145
150
145
142
161
164
153
135
156
188
181
163
190
144
127
167
153
150
151
234
175
143
168
159
149
145
154
229
170
215
164
179
147
170
169
154
156
154
178
208
158
138
289
239
200
159
152
147
157
146
149
131
160
143
159
158
147
155
149
138
130
135
142
150
152
155
147
133
129
153
152
145
136
134
144
156
137
132
149
147
152
136
150
119
126
130
134
129
118
118
121
130
138
126
125
119
135
139
129
121
122
138
121
137
124
136
131
147
142
128
137
136
126
138
126
137
135
139
131
127
139
149
129
155
149
160
141
147
159
140
132
138
140
135
140
131
184
174
142
155
130
133
147
129
139
146
142
149
133
129
138
146
134
128
126
122
143
141
124
124
131
145
141
132
135
126
138
135
136
129
131
142
138
120
140
127
143
138
140
121
133
131
136
136
129
141
135
136
144
130
155
144
147
138
139
129
139
132
149
129
134
139
135
145
131
140
145
137
137
143
133
128
126
144
137
132
138
148
136
139
135
151
147
143
181
270
167
141
150
147
123
142
146
152
141
135
133
119
151
139
125
149
144
125
120
127
133
132
137
135
136
134
140
133
116
113
132
138
126
142
121
132
115
119
136
143
137
139
137
127
135
132
135
129
136
128
135
123
133
136
127
137
137
128
143
147
127
140
134
118
132
149
141
130
134
137
128
123
138
131
122
151
154
138
137
145
141
135
140
134
121
146
149
132
140
142
268
175
154
145
143
129
140
158
132
146
154
150
136
138
122
145
136
126
137
124
133
134
134
131
119
126
120
128
119
127
122
121
114
123
118
129
115
114
131
138
143
144
133
125
136
129
140
123
125
135
141
129
136
136
154
124
140
140
143
138
136
139
140
128
140
121
130
120
139
140
142
139
144
138
132
138
123
138
122
121
139
140
122
137
124
140
144
150
129
142
149
141
169
151
145
139
146
143
134
129
143
258
239
189
145
126
142
143
139
140
156
150
132
142
150
125
121
139
137
127
131
141
137
137
139
121
139
129
124
138
141
145
139
141
143
142
138
143
127
155
139
140
133
144
144
155
140
137
142
130
139
138
150
137
135
132
127
154
145
149
148
145
149
141
136
137
150
129
143
139
151
142
141
137
128
141
262
253
259
272
286
259
262
269
300
209
154
139
139
148
142
142
149
152
139
141
143
132
148
133
141
141
143
132
140
147
127
151
142
139
139
137
147
139
143
140
145
138
124
141
144
145
123
145
140
136
146
138
137
138
139
144
147
128
141
142
129
123
138
143
131
145
125
148
142
143
129
135
139
137
122
132
144
129
143
141
138
136
141
140
138
136
131
140
145
146
131
136
143
151
149
149
125
133
147
147
133
133
123
135
149
132
128
142
130
179
161
158
142
148
141
154
148
130
139
132
137
136
146
144
151
129
145
136
127
144
152
141
141
149
138
144
145
142
126
144
143
138
134
141
140
127
139
138
128
139
136
136
126
150
150
142
125
147
147
126
131
141
135
144
124
133
138
152
148
134
139
133
124
131
129
144
148
143
139
142
150
134
140
144
147
136
135
138
147
136
130
144
142
140
132
157
127
151
140
191
132
153
148
152
131
131
131
141
146
139
135
148
146
140
134
137
147
144
144
142
146
146
148
137
148
142
129
144
129
138
135
141
131
155
141
134
129
143
131
140
149
144
144
135
139
138
145
123
144
127
142
144
123
129
153
132
144
152
127
143
142
142
125
151
142
144
137
134
