628
1036
773
583
1124
1043
1051
1134
1138
1045
1159
1049
1084
592
601
657
790
815
699
700
738
896
535
603
637
655
777
772
587
738
659
651
731
1219
1196
1227
638
702
810
756
749
647
771
774
735
1262
1020
611
639
763
1149
1110
1241
994
1133
1031
629
735
747
939
1312
1154
1052
1195
892
743
837
764
929
849
1304
1138
1003
1119
1452
1070
1039
1259
1305
1256
1150
1267
1134
1223
2383
2454
1415
1763
1719
1671
1460
719
650
801
1068
835
678
1098
624
825
699
774
769
759
700
695
700
744
814
821
767
666
786
961
918
661
823
822
777
683
785
841
788
756
765
804
811
887
761
813
1022
642
909
1172
1569
1571
1500
1629
1480
1661
1603
597
543
842
859
704
598
1121
1700
1591
1746
1797
1477
1609
2789
2528
2755
2657
2505
1688
1725
1599
1497
1699
1773
1458
1632
1273
1577
1651
1570
1543
1680
1461
1486
1770
1660
1635
2398
1905
1605
1636
1385
1705
1829
1570
1453
1648
1863
2689
1827
1542
1449
1464
616
624
1739
1821
1882
2439
1527
2534
2218
2097
2011
2100
1690
1579
1176
756
915
1044
960
1800
1478
1563
1068
1176
2015
999
930
942
934
948
976
959
816
797
708
1187
1156
886
1090
1258
1139
1265
1274
1226
1254
1248
1359
1360
1043
1157
777
863
1051
716
823
728
756
805
748
684
696
819
1052
895
968
1026
1054
1200
1175
1213
1089
735
919
686
706
654
815
779
709
901
1217
835
948
1100
2840
1345
1178
1098
827
988
672
793
761
643
633
1146
587
696
750
746
677
1294
996
823
799
701
680
792
840
673
764
762
788
702
857
757
806
943
1640
852
759
713
646
780
656
828
744
753
664
597
674
745
587
696
715
741
696
664
762
694
800
749
765
749
669
806
757
764
594
769
695
780
709
737
810
744
736
738
825
659
698
795
754
803
1119
1130
1153
1218
1187
797
1035
1201
1226
1212
1223
1273
1060
1069
1092
831
698
816
1047
1263
1202
640
551
708
680
1049
690
1142
865
948
617
637
928
796
584
989
1078
1101
897
1067
876
837
1183
952
956
704
996
986
954
1168
1062
1011
653
611
660
703
775
959
920
1128
814
1068
1236
1377
945
1040
999
1045
949
721
622
649
623
657
634
717
631
597
688
644
679
632
682
643
655
569
669
657
720
797
656
639
655
618
660
609
655
703
959
669
705
655
686
619
560
749
656
773
762
1057
854
636
1105
1090
865
1019
1217
1227
1091
1127
1130
1058
1209
795
949
786
579
980
611
738
860
966
1250
1001
847
901
1345
600
630
1198
561
690
635
654
912
1146
1081
1228
1060
1135
1259
963
1067
983
1052
1106
861
748
707
892
1012
1024
981
966
907
582
841
741
821
846
891
662
1007
661
1083
880
1003
830
659
1209
765
1244
835
831
1107
838
721
1067
905
1106
736
921
1051
725
968
1081
692
1188
813
856
1198
711
788
927
668
967
932
932
1012
666
1213
760
804
1160
674
1185
761
728
700
680
815
776
789
830
648
790
774
767
749
772
760
717
692
670
751
899
637
1053
989
962
1091
1033
1011
1152
1000
1200
1068
1016
1091
925
1044
768
1250
779
782
1115
801
1210
750
880
1316
1433
1129
1607
1497
1091
827
776
761
790
722
1166
1499
1587
1490
674
611
839
868
1003
926
1050
906
986
639
835
1228
788
952
943
1057
966
1036
1084
1123
881
1264
1105
2297
2152
2228
1837
2436
1735
2655
1353
1149
985
959
750
670
726
737
910
761
641
639
684
749
677
653
756
648
1708
795
991
616
1113
668
772
1291
723
1338
895
1270
1070
1115
1103
888
1162
695
1064
984
857
1021
929
914
718
699
1091
663
1018
882
554
1008
2720
1430
1871
2346
1572
1881
929
1644
1984
2638
2068
2773
2024
2970
1707
2711
1683
2789
1887
2637
2857
2241
2026
1467
1801
1493
1163
826
1345
876
828
930
1221
1142
884
693
724
731
750
671
771
788
652
616
851
648
777
746
677
756
712
766
703
650
817
659
757
737
831
1188
2317
2235
1160
1967
1469
1023
1164
831
1458
679
1031
1130
861
1775
759
1074
1627
947
1286
840
548
971
2273
2783
2560
2002
741
641
947
789
841
910
892
878
761
772
702
669
727
766
643
758
695
1007
852
838
845
801
917
949
1011
1139
856
1284
851
1055
922
1081
1140
2938
2724
2728
2439
2061
2360
1995
1963
1932
1504
1797
1967
1317
1090
1189
1054
1131
1027
745
926
947
949
940
810
779
612
579
653
1042
688
1283
830
1076
786
1147
993
931
1023
668
751
663
757
847
1229
1301
1169
816
973
1234
1417
1523
1340
1280
1350
1653
1390
1311
1324
1274
670
909
1087
769
867
919
505
704
663
730
819
670
1549
1826
1061
1540
1703
1599
1270
675
1517
1017
633
560
982
1066
694
1226
1018
830
856
919
966
860
771
1044
744
994
890
796
638
723
778
572
1126
784
1020
809
610
674
1161
806
644
705
958
716
633
982
719
1010
867
621
928
1009
697
979
668
691
877
870
769
1118
1253
942
1072
1746
953
1093
1178
1117
1111
864
1111
835
839
1130
933
1073
973
589
560
755
968
1123
1640
1035
779
852
990
1008
922
998
891
1024
851
743
590
816
751
