161
169
165
195
181
198
179
182
296
230
171
168
200
248
164
154
150
177
169
150
171
153
158
161
149
177
181
170
171
146
168
150
162
157
151
160
135
137
127
154
133
146
151
150
132
133
149
146
138
150
140
137
153
143
143
144
147
149
143
157
144
136
129
150
142
133
157
151
140
132
144
155
157
150
142
175
180
165
170
158
150
151
151
144
129
148
152
150
143
150
135
161
134
147
151
149
154
160
351
305
333
326
341
307
190
156
148
164
150
141
131
139
128
145
172
154
129
133
146
158
143
151
153
147
133
150
151
149
128
150
130
156
146
138
154
147
139
158
138
165
149
142
154
151
153
149
141
146
149
132
151
168
137
146
148
159
170
161
171
228
260
209
246
283
211
178
152
155
151
162
152
158
148
150
131
131
133
145
129
139
150
129
145
129
145
132
151
149
167
133
127
143
148
146
155
156
141
138
146
154
146
148
156
149
139
164
146
169
173
152
135
146
155
139
138
173
138
160
158
159
150
151
152
148
156
134
155
154
159
158
155
152
166
161
154
162
160
157
143
162
143
157
223
161
152
164
159
163
175
166
155
155
155
153
167
152
153
144
146
157
151
148
143
165
156
154
149
166
152
157
151
157
171
146
155
141
166
165
167
153
175
150
171
154
146
180
157
165
144
153
152
154
137
175
142
160
155
157
160
155
177
156
166
153
147
165
147
164
149
167
165
156
151
144
161
155
160
165
168
156
162
144
160
156
221
178
171
149
165
176
161
171
168
158
161
156
159
159
162
194
155
163
151
166
142
174
170
167
162
178
169
167
161
160
147
180
168
146
162
166
150
164
163
159
154
170
161
143
145
158
154
155
144
170
166
149
161
156
151
148
154
168
141
163
170
152
159
152
162
170
148
157
158
141
158
160
172
151
168
160
158
167
182
162
163
154
178
174
167
174
144
149
173
162
149
146
183
175
157
173
142
166
167
160
166
163
156
162
145
163
163
160
164
147
143
147
173
163
157
150
147
164
140
149
167
151
167
162
159
156
165
155
162
153
165
160
163
148
165
155
179
162
164
160
157
166
146
150
176
142
150
158
162
160
173
151
167
145
159
177
179
163
173
164
308
324
240
169
180
249
427
297
162
161
175
166
149
161
143
165
164
145
155
147
137
141
141
160
144
137
137
141
144
128
144
148
131
155
149
144
146
150
137
147
139
131
158
147
131
152
145
132
145
155
174
145
155
130
161
141
141
129
148
130
154
150
168
162
153
131
152
154
146
149
154
151
143
139
140
159
155
146
140
137
154
156
159
163
148
146
167
134
169
142
152
164
145
186
262
169
170
153
139
164
159
143
137
152
154
154
156
142
139
167
141
172
157
170
155
167
149
168
157
158
161
164
168
161
145
168
158
168
152
162
158
138
172
156
138
159
156
157
143
167
153
147
155
156
153
157
156
159
147
155
156
157
154
162
141
142
144
155
145
160
157
152
157
150
170
162
166
159
144
155
155
160
166
163
266
171
150
173
156
160
164
146
154
149
143
172
159
161
156
153
150
155
161
146
156
146
153
149
175
159
157
147
170
147
149
169
147
173
168
149
157
177
172
145
172
175
160
147
158
172
173
175
165
170
164
168
161
160
179
171
157
173
165
151
163
168
158
174
165
161
144
151
173
158
153
165
151
161
167
146
160
179
153
277
151
169
156
143
171
163
167
160
142
167
154
166
142
145
147
157
160
157
166
159
151
168
153
166
161
160
156
163
145
151
177
160
157
160
172
148
161
168
165
152
171
161
153
154
163
183
168
142
147
162
155
162
153
168
163
171
180
149
167
167
166
172
162
167
156
157
158
178
165
141
168
142
175
158
159
165
156
166
194
170
163
153
170
158
151
165
167
146
147
179
173
153
154
146
164
166
164
160
167
164
163
156
163
140
172
139
155
145
160
148
166
168
146
169
147
151
176
166
155
145
163
162
162
158
158
154
159
144
143
153
174
159
172
160
163
151
161
158
164
151
173
164
161
159
170
160
156
151
181
164
172
173
163
168
167
161
171
260
168
153
146
158
163
169
174
141
145
161
163
160
162
163
153
174
161
145
159
146
165
163
152
174
163
149
160
159
160
156
161
159
163
172
152
149
164
164
169
159
170
167
164
157
164
163
162
156
163
164
166
156
173
153
168
165
147
146
159
164
154
169
159
158
143
171
166
180
157
159
146
155
161
154
168
235
169
158
162
170
263
168
171
165
181
171
168
169
179
151
177
175
184
169
188
175
166
147
181
164
157
170
188
176
