2018
1861
2030
1438
1573
1550
1686
1727
1751
1642
1955
1891
1419
2369
2222
1748
1989
1932
1734
2059
3864
3720
3570
2098
1721
2204
2626
2158
1855
1876
1402
1597
1471
1515
1602
1612
1718
1571
1499
1628
1616
1651
1659
1601
1659
1445
1411
1372
1458
1653
1718
3037
3553
3443
2514
1564
2243
2182
2177
1973
1513
1498
1464
1320
1306
1738
1777
1435
1559
1700
1407
1663
1274
1427
1660
1321
1669
1606
1599
1557
1365
1555
1725
1462
1719
1598
1699
1627
1384
1819
1382
1606
1518
1625
1738
1268
1512
1462
1379
2172
1046
1547
1579
1502
1742
1455
1396
1434
1491
1644
1755
1801
1770
2009
2009
2425
1670
2849
3843
3306
3283
3527
1609
2516
2796
2159
3757
3707
3534
5036
4704
3442
3867
3800
3706
2726
2988
2537
1621
1787
1835
1449
1581
1695
1526
1717
1634
1694
1369
1749
1408
1555
1770
1547
1707
2095
3604
3207
3443
3565
3804
3210
3411
3190
3974
3447
3421
2580
2619
1756
1823
2046
1756
1414
1574
1427
1609
1383
1668
1519
1689
1636
1677
1589
1608
1389
1781
1478
1477
1629
1387
1737
1577
1673
1355
1725
2084
2530
2769
1601
4291
3420
3918
2588
1396
2423
2490
3026
2031
2895
2746
3626
3180
4207
3572
3871
3870
3499
2812
2369
2298
2045
2126
1562
2658
3272
1428
1698
1508
1523
1555
1648
1340
1437
1640
1621
1655
1645
1674
1669
1641
1460
1215
1625
1594
1539
1603
1470
1483
1514
1618
1386
1596
1406
1656
1757
1437
1536
1747
1403
1492
1604
1466
1755
1355
1705
1632
1623
1389
1662
1567
1538
1363
1463
1632
1734
1621
1772
1533
1347
1619
1563
1810
1437
1608
1432
1532
2510
3676
1867
1785
1673
2448
2681
2587
2831
2198
4036
3922
3818
3564
4134
3814
3712
3839
5474
3862
3190
3330
3228
3805
3913
3546
2788
1873
1696
1771
1479
1641
1760
1578
2033
2106
1549
1685
1459
1397
1609
1483
1492
1751
1517
1710
1603
1641
1654
1515
1505
1612
2371
1918
1615
1407
1633
1614
1392
1602
1735
1555
1609
1478
1390
1444
1565
1694
1599
1596
4954
3781
3638
4060
3852
3878
3193
3816
3522
3367
3335
3477
3342
3985
2230
4303
3235
2315
3117
1442
1189
2073
2378
2217
1985
1772
1697
1697
1630
1403
1643
1604
1528
1617
1497
1890
1331
1571
1528
1646
1562
1594
1673
1477
1629
3137
2985
1577
1674
1451
1762
1828
2422
2821
2665
3896
3512
3519
2958
2596
2403
2336
1857
1895
1731
1624
1543
1412
1531
1393
1666
1561
2252
2331
2026
1461
2448
2420
2429
1709
1404
1651
1718
1610
1632
1620
1672
1536
1611
1436
1481
1783
1416
1412
1606
2291
2100
1626
1605
1706
1645
1539
1663
1630
2345
1421
1465
1660
1556
1451
1591
1566
2751
1682
2379
2150
2238
4853
2754
4268
3118
1795
2226
2390
1929
2060
2070
1725
1344
1583
1620
1609
1579
1673
1706
1384
1518
1274
1363
1670
1707
1651
1595
1523
1494
1630
1419
1590
1511
1593
1462
1404
1657
1712
3341
1177
1237
1550
1359
1573
1566
1650
1518
1639
1585
1635
1548
1419
1807
1723
1383
1571
1519
1681
1456
1571
1634
1394
1595
1602
1745
1674
1642
1725
1703
1630
1603
1673
1701
1700
1564
1369
1690
1404
1695
1762
1744
1364
1655
1502
1506
1396
1390
1686
1392
1634
1496
1685
1658
1568
5724
3303
3971
3848
3578
3646
3128
3009
1329
2321
5054
4044
1552
1614
1145
1702
1606
1608
1667
1596
1246
1705
1494
1708
1723
1722
1625
1422
2290
5230
3765
4425
2864
3538
4799
4410
3607
3917
3817
3102
3189
3954
3722
3201
1944
2499
2412
1917
1766
1614
1440
1325
1393
1621
1638
1507
1500
1627
1645
1728
1569
1498
1424
1613
2189
3733
3818
3224
3667
3716
3728
2918
3435
3324
3528
3669
3067
3761
3525
3516
3544
3116
3313
3798
1375
1888
1902
4019
1500
3350
3859
3129
3007
2392
2285
2214
2187
2179
2187
1575
2271
2788
2790
3089
1603
2212
1937
1443
1610
1859
1375
2309
1873
1822
1639
1318
1432
1794
1482
1681
1694
1388
1474
1471
1619
1974
1514
1754
1742
1590
1728
1627
1413
1658
1657
1648
1455
1319
1412
1481
1639
1556
1346
1658
1617
1422
1545
1433
1652
1670
1466
1584
1487
1619
1513
1364
1593
1428
1614
1888
2392
2447
1918
1462
1325
1361
1730
1223
1440
1658
1340
1753
1654
1618
1561
1588
1648
1464
1650
1628
1678
1510
1716
1390
1576
1542
1482
1517
1690
1521
1632
1388
1394
1604
1609
1604
1843
2743
2233
1557
2023
2486
2417
1587
1730
1602
1617
1402
1887
1302
1590
1714
1550
1640
1607
1457
1723
2625
1926
2915
3097
3322
2979
2709
3709
3388
3124
2800
2740
1911
1819
1807
1853
1761
1590
1705
1565
1690
1458
1509
1413
1520
1596
1528
1281
1630
1587
1608
1521
1731
1776
1369
1712
1590
1491
1383
1446
1513
1407
1708
1634
1613
3015
1642
1672
1595
1570
1554
1679
2458
2067
1626
1517
1372
3888
3578
3061
3870
3296
3391
2333
1951
2572
2191
2004
2083
1762
1327
1375
1748
1647
1613
1683
1668
1530
1554
1426
1572
1530
3797
1990
1697
2938
3170
3937
3468
1404
3353
3735
3708
3286
2882
1988
1610
1374
1463
1526
1656
3782
3810
4058
3696
2388
3398
3830
3887
3456
3376
3713
3756
2917
2499
2716
2569
2491
2142
1700
1609
1715
1501
1665
1691
1391
1550
1654
1629
3352
3528
2992
3593
3925
3671
3719
3588
3857
3565
2884
2636
2842
2326
2041
1747
1748
1648
1751
1587
1264
1672
1620
1595
1421
1600
1406
1576
1587
1780
1684
1526
2321
3439
3681
3724
3620
3403
4314
3692
3791
3939
3453
2929
2754
2214
1839
1844
1692
1575
1443
1623
1732
1638
1742
1692
1955
1231
1686
1379
1670
1758
1630
1569
1706
1702
1539
1415
1409
1637
1703
1500
1790
1447
1555
1556
1624
1683
1437
1514
1406
1382
1631
1672
1396
1476
1383
