261
238
271
255
260
264
241
248
287
281
250
271
243
268
268
269
249
283
276
271
278
268
271
293
281
246
294
284
293
300
244
261
243
292
306
292
282
305
293
289
255
267
294
303
250
294
275
284
262
244
283
260
265
261
302
280
260
262
272
266
302
281
268
295
290
289
279
255
289
288
288
308
261
289
283
291
371
291
249
286
288
265
275
300
270
305
274
246
242
289
298
262
272
300
293
273
287
288
299
276
302
292
299
269
291
287
305
290
295
251
293
314
298
254
281
253
282
251
252
283
259
282
253
291
294
307
253
289
279
254
267
308
308
299
266
279
277
275
305
260
276
274
308
265
254
283
290
258
312
291
272
244
264
286
273
278
258
245
269
275
305
246
289
264
262
255
298
293
292
264
263
328
292
268
308
267
256
249
273
275
279
316
250
276
285
287
280
263
296
278
302
299
280
279
275
291
263
278
299
256
282
306
279
265
276
281
281
285
261
278
254
294
277
253
279
263
254
274
302
313
313
327
292
313
294
257
336
307
317
256
306
296
290
318
302
402
456
572
489
349
309
439
341
307
328
303
278
310
385
275
271
268
263
285
251
281
268
265
241
273
274
286
274
252
271
284
274
277
268
269
276
244
268
263
301
279
275
293
285
255
277
248
392
314
267
262
254
259
262
270
277
268
260
262
290
276
253
289
269
264
269
278
293
250
287
291
282
297
247
274
289
261
277
277
299
286
299
296
265
297
274
265
280
298
284
259
247
281
261
293
293
310
351
299
271
313
283
289
293
272
275
282
257
288
299
285
292
244
274
268
301
279
280
294
258
273
283
276
275
279
273
278
285
283
288
275
282
294
273
288
256
287
258
267
271
274
274
257
343
271
285
282
304
271
287
309
262
293
286
286
289
290
283
251
280
309
277
285
300
271
280
283
273
275
263
309
288
276
314
251
285
264
282
262
281
286
277
283
270
254
298
300
289
302
291
294
304
285
328
289
285
275
325
297
277
272
297
296
271
258
278
250
274
280
303
274
272
279
296
254
283
257
283
279
286
274
295
279
252
284
256
280
299
264
279
254
295
273
264
290
254
280
273
283
261
256
315
257
324
292
306
305
275
299
273
278
289
299
301
280
279
280
256
285
302
294
262
287
260
300
289
267
293
301
279
294
286
293
289
275
312
249
303
288
249
282
310
263
295
281
284
277
302
262
287
277
290
285
286
278
291
287
268
281
295
270
291
311
247
296
274
283
297
272
282
253
305
279
254
287
284
261
299
275
308
293
260
289
258
270
304
255
272
288
253
262
263
295
293
266
265
277
277
287
291
286
250
309
300
320
589
255
279
277
280
279
279
272
308
307
290
275
271
274
301
255
288
262
276
283
294
290
269
287
308
274
255
270
268
268
283
283
286
293
295
282
280
273
270
285
261
286
282
280
286
293
351
511
492
519
359
315
300
260
301
295
291
286
288
285
273
291
261
302
278
301
277
258
286
280
280
284
262
290
285
308
279
291
274
272
288
294
282
310
302
311
312
291
303
293
402
293
339
262
290
564
299
263
252
281
285
260
303
291
290
356
238
274
254
275
239
242
226
256
229
253
251
226
228
221
254
256
254
265
250
231
269
243
238
257
250
236
239
239
235
260
233
237
253
258
419
299
251
235
269
277
254
266
266
249
270
309
268
296
371
482
362
311
305
247
253
230
264
277
262
266
260
256
253
288
243
251
276
250
293
258
287
292
275
313
322
272
275
323
268
237
338
301
274
259
239
276
310
277
299
248
277
277
288
290
291
323
303
296
276
284
272
301
261
261
317
280
302
238
274
281
235
255
245
242
255
314
274
249
270
291
293
291
292
298
307
337
301
374
286
312
291
290
274
261
282
272
256
251
259
272
239
268
261
296
261
292
296
274
286
279
289
274
297
248
267
312
269
295
437
466
773
788
295
290
289
271
411
295
267
261
234
341
298
287
292
285
319
403
318
278
449
446
308
538
506
644
506
502
560
527
647
523
489
541
575
591
566
506
308
467
498
525
484
454
435
485
497
474
511
438
462
441
530
499
451
485
439
453
513
527
511
520
435
477
529
537
540
534
557
572
600
552
510
513
524
542
525
535
535
486
527
487
473
498
533
549
525
486
595
497
492
587
489
522
477
514
356
298
292
258
318
294
289
306
274
293
269
302
282
271
278
294
277
271
260
291
288
316
312
290
295
311
282
303
277
259
302
304
297
320
266
323
254
255
264
296
287
304
300
275
290
300
305
298
297
292
270
293
297
302
311
292
294
303
