114
108
99
103
109
97
109
103
100
109
110
113
110
113
121
104
101
108
108
105
108
99
106
99
100
93
91
99
98
95
95
94
95
91
92
93
95
93
94
93
95
94
99
86
100
90
89
93
96
93
94
108
99
96
102
91
93
94
97
98
97
99
96
103
93
97
90
91
90
102
91
100
92
98
98
100
105
94
100
99
98
99
99
101
99
101
102
104
94
98
104
106
97
91
100
104
101
99
97
97
108
89
101
98
100
100
101
99
103
104
105
103
104
105
100
106
100
100
96
92
104
102
100
90
92
96
104
100
105
102
96
103
97
101
107
92
99
108
101
136
118
96
92
103
104
101
97
105
111
107
95
101
103
104
104
91
101
102
98
94
105
103
102
111
100
109
106
105
103
106
103
99
94
104
111
92
114
105
94
99
112
108
113
106
107
94
101
95
109
107
99
96
93
95
95
93
107
103
104
103
109
105
106
106
91
108
98
103
105
107
93
93
105
112
98
105
93
97
112
99
100
95
106
107
111
105
100
94
94
106
101
104
107
114
112
110
103
104
107
109
97
114
111
108
103
99
99
111
100
102
93
106
95
110
98
98
106
147
105
100
112
114
116
104
113
108
95
109
99
101
96
107
101
104
111
103
99
105
102
101
105
96
101
103
109
101
107
104
110
108
106
100
104
95
95
108
102
100
103
111
106
108
99
102
105
109
112
109
100
99
101
95
109
101
105
101
95
106
103
103
101
107
98
92
96
98
106
93
97
99
105
101
91
111
96
96
107
102
107
100
106
110
109
102
113
106
110
113
96
104
97
106
104
104
107
106
101
91
91
106
99
108
96
105
96
97
102
93
101
99
92
96
103
103
94
102
100
101
102
100
149
110
93
110
110
96
92
105
93
93
95
96
92
104
93
105
94
103
104
100
95
106
104
103
105
110
104
109
97
103
93
94
100
94
108
105
112
106
103
101
106
103
105
98
108
109
109
106
109
108
108
106
112
103
104
106
107
97
111
98
99
105
109
105
106
110
103
102
98
98
103
107
101
94
101
109
112
100
95
99
94
103
97
103
102
104
101
98
98
100
101
106
111
107
98
104
105
104
104
110
106
111
102
97
102
98
110
100
102
100
102
106
106
98
103
109
106
101
100
173
115
94
107
101
100
112
101
99
102
111
107
105
97
97
99
110
103
111
106
107
95
101
103
105
109
103
105
103
96
95
103
105
97
108
108
114
108
95
105
108
103
100
105
107
105
103
106
105
121
111
109
104
106
102
103
102
94
103
104
110
100
98
104
106
103
96
97
104
105
106
106
102
103
102
104
101
92
102
108
95
101
107
105
99
108
105
104
106
96
107
106
96
106
103
105
100
102
108
96
110
106
111
103
111
113
111
99
108
96
101
103
112
104
107
106
107
152
210
148
117
106
111
104
101
102
94
95
106
107
97
105
97
109
96
108
110
101
95
105
113
110
104
95
99
104
113
102
98
106
105
97
113
106
102
104
109
102
110
100
103
111
113
113
112
118
111
100
100
109
101
112
116
108
103
114
107
106
113
103
114
113
109
104
109
99
99
112
108
105
96
99
105
113
98
113
95
109
106
95
102
108
105
101
114
98
94
99
116
104
117
104
113
110
116
105
102
108
103
102
104
107
105
98
104
106
97
107
98
101
102
97
188
110
108
98
105
99
108
106
108
108
108
112
112
103
115
108
102
101
112
105
109
109
106
109
110
114
105
115
111
94
116
106
102
105
99
105
114
101
106
110
103
96
108
106
98
107
106
110
107
93
101
93
99
101
100
103
105
94
97
99
100
103
104
110
102
95
101
97
118
111
107
105
105
100
95
107
96
103
103
101
101
110
98
101
108
107
99
94
98
92
111
107
104
102
118
101
111
104
101
104
105
109
91
108
104
93
92
106
96
112
104
95
103
97
109
101
102
106
97
113
114
110
110
97
110
112
110
105
102
107
99
111
110
107
116
109
102
110
101
116
115
118
103
113
119
115
111
117
119
124
111
112
122
120
113
114
104
104
102
100
106
97
111
91
112
102
110
95
104
111
102
98
111
96
98
103
104
103
112
101
111
106
96
106
104
96
104
110
107
104
104
115
114
109
108
104
94
111
109
108
115
101
108
103
104
94
99
99
96
102
105
94
106
104
105
105
106
112
99
100
107
104
97
91
111
109
115
95
105
113
111
96
116
107
114
117
182
167
113
116
107
108
103
112
113
111
122
125
110
105
106
102
96
104
103
174
156
134
105
130
151
115
111
108
105
173
135
200
222
