3357
2143
2540
2402
2037
2010
1651
1284
1271
1416
1197
1536
1077
1112
1271
1280
1212
1169
1123
1202
1123
1289
1102
1132
1128
1213
1319
1204
1414
1857
2848
2682
2272
2899
2876
2672
2425
2076
3090
2491
2756
3095
4939
4907
4694
2449
2828
2419
2898
2580
3260
1398
2211
1722
2379
2928
2569
3144
3425
3156
2481
2714
2786
2526
2605
2829
2852
3009
2395
2642
2438
2095
2136
1580
1008
1372
1409
1207
1743
1429
1462
1603
1179
1080
1168
1170
1226
1241
1215
1238
1800
1002
1137
1133
1240
1091
1141
1343
1058
1259
1149
1251
1402
1197
1321
1074
1265
1150
1435
1243
1353
1291
1147
1057
1064
1747
1951
1204
1212
1231
1197
1167
1164
1066
1114
1131
1267
1737
2296
1400
1499
1491
1493
1351
1624
1482
1274
1381
1232
1058
1133
1517
1512
1487
1481
1406
1603
1669
1689
1865
2100
2075
1631
2060
3048
2490
2421
1103
1064
1711
1781
1375
2377
3237
1985
1343
1291
1348
2225
2367
1967
2245
1484
1151
1513
1270
1171
1098
1325
952
1102
1095
1075
984
1088
1179
1239
1255
1241
1293
1319
1135
1287
1237
1324
1300
995
1184
1263
1242
1091
1148
2725
2165
2067
2190
2167
2078
2044
2219
1940
1680
3722
3532
4790
4934
3581
4598
4533
3916
3222
2643
2934
1915
1577
1576
1542
1625
1434
1540
1658
1463
1498
1473
1475
2133
1750
2130
2009
2137
2284
2251
2253
2247
1291
1133
1142
1314
1287
1229
1247
1083
1891
2680
1830
1165
1232
1298
1149
1120
1073
1187
1158
1240
1274
1241
1065
1145
1240
1165
1222
1193
1194
1334
1712
1289
1169
1230
1080
1276
1298
1230
1264
1363
1060
2061
2195
2184
2136
2201
2071
2243
1874
2108
1937
2074
1982
2023
2120
1958
2070
2134
2223
2025
2153
2134
1301
1223
1230
1324
1259
1143
1247
1271
1193
1358
1145
2044
3058
2763
1947
1550
2121
2289
2114
2090
2208
2271
2551
5150
5112
3926
4661
4446
4950
4879
4763
4739
4882
3923
2937
2681
2475
2367
2074
1985
1828
1747
1814
2052
2200
2106
2050
2001
2230
2138
2096
1597
1262
1660
2355
1227
1197
1290
1032
1040
987
1290
1029
1243
1230
1110
1244
1311
1297
1364
3348
2761
2822
3123
2894
1820
2457
1621
1911
1629
1625
1366
1452
1179
1162
1070
1175
1213
1119
1291
1136
1223
1223
1259
1563
2206
1863
1724
1990
1996
1256
1276
1062
1122
977
1248
1218
1270
1265
1610
956
1029
1453
1282
1367
1384
1376
1291
1286
1372
1339
926
957
1112
1054
1170
1188
1057
1145
912
1097
960
1204
1251
1293
969
978
1234
1084
1085
1078
1078
1316
1173
1120
1036
1269
1020
1205
4215
3945
3258
1416
1807
2255
1453
1118
1254
1295
1342
1235
898
1338
1034
1165
1195
1050
1281
1235
1132
1219
1235
1292
1014
1255
924
1208
1251
1083
1300
1264
1157
1119
1202
1171
3809
3349
1953
946
1049
1225
1138
977
1082
1454
812
998
1288
1310
1095
1248
1324
1111
1243
1292
1232
1144
1117
1277
1266
1245
1168
1106
1221
1247
1194
1232
1154
1327
1152
1330
1266
1160
1230
1071
1177
1332
1214
1094
1266
1050
1225
1122
1152
1136
1162
1069
1210
1219
1239
1259
1225
4174
2114
1422
1239
2636
1235
1812
3042
3024
2871
3303
1360
3404
2969
2824
2511
3140
2732
2995
2840
2860
2933
2137
2835
2985
2423
2932
2713
2972
2792
2902
2678
2898
2559
2011
1880
1917
1804
2643
2103
1181
1284
1250
1146
1203
1213
1293
1256
1294
1063
1309
1292
1261
1226
1348
1319
1200
1153
1133
1278
1651
1247
1090
1186
1311
1078
1167
1318
1196
1215
1146
2081
1405
1111
1113
1240
1307
1154
1263
1244
1230
2009
2448
2450
2825
2814
2916
1383
1162
1499
1348
1598
1028
1391
1382
1495
1432
1599
1848
1357
1772
1714
1958
2243
1329
1400
1567
1506
1304
1289
1333
1805
1575
1470
1481
1449
1566
1470
1363
1449
1591
2060
945
1282
1138
1204
1172
1118
1281
1327
1147
1126
1831
4607
3694
1564
2795
2784
2887
1670
1560
1422
1655
1384
1241
1248
1342
1275
1295
1371
1061
1170
1071
1240
1148
1270
1386
2704
2584
2889
3259
2804
3196
3218
2916
2823
3003
2386
2345
2214
1636
1908
1874
1449
1198
1156
1152
1194
1241
1228
1224
1259
1176
1319
1268
1106
2053
1717
1239
1287
1433
1237
1094
1230
1218
1088
1022
981
1244
1220
1051
1270
1253
1227
1172
1117
1261
1082
1127
1019
1105
1165
1179
1248
1293
1276
1348
1229
1068
1363
1392
914
1292
1083
1574
4101
1282
1381
1839
1985
3452
2837
2987
1779
2583
2664
3106
2841
1696
1634
2584
2608
2845
2523
2638
3040
2561
2722
2416
2919
2640
2291
2098
1813
1728
1677
1069
1309
1029
1248
1141
1185
1066
1261
1226
1118
1091
1193
1278
2332
2748
1405
2698
2724
1929
1941
1782
2833
2722
2983
3127
2232
2405
3040
2461
2619
2305
2640
2956
2480
2607
1870
1625
1450
2531
1688
2752
2935
1356
3778
2351
1763
2619
2101
2995
2222
1434
1819
1757
1721
1399
1244
1407
1423
1279
2181
3497
3302
1110
1564
1898
1919
1634
1403
2356
3663
1739
2692
2856
2385
2448
2424
1861
2520
3013
2814
3203
2906
2919
2497
2694
2765
2629
2351
2320
2208
1480
1596
1710
1254
1276
1229
1204
1368
1201
1173
1248
1074
1106
1134
1128
1175
1329
1367
1271
1312
995
1166
1235
1239
1214
1172
1319
1152
1082
1131
1220
1250
1263
1262
1286
1136
1331
1520
1076
800
1217
1198
1070
1188
1142
1215
1077
1106
1254
1177
1335
1068
1221
1249
1170
1246
1327
1281
1242
1091
1257
1243
2226
1726
1247
1253
1109
1059
1196
1237
1328
1095
1155
1040
1291
1236
1101
1104
1258
1080
1173
1325
1322
1163
1327
895
1239
1131
1254
1243
1204
1052
1265
1252
1100
1016
1084
1187
1673
1510
1334
1259
2050
3458
1859
4003
