24
27
51
23
23
24
40
23
24
27
24
21
32
51
39
25
23
28
41
29
22
26
26
24
32
26
30
34
37
25
29
26
29
23
39
57
53
57
107
27
24
25
27
40
84
39
42
45
44
43
56
44
37
33
22
21
25
21
22
49
32
22
25
24
32
22
23
23
21
21
23
22
24
23
22
24
20
18
19
24
24
22
20
35
41
35
30
31
36
24
33
42
43
23
43
37
22
24
49
39
29
27
34
33
25
24
24
22
24
50
23
23
25
23
22
32
22
40
24
25
19
19
25
24
22
27
41
39
28
39
24
23
23
22
25
23
29
22
26
23
25
25
26
24
25
24
28
38
42
44
42
47
177
48
41
42
47
42
45
46
44
44
40
47
44
42
43
47
47
42
42
42
47
45
46
46
41
41
41
46
42
41
34
24
24
22
23
25
23
23
21
23
23
24
24
25
23
23
23
22
28
22
22
23
22
24
22
24
24
24
22
24
24
24
23
24
23
24
23
21
22
25
27
24
23
23
21
23
22
24
21
21
23
23
24
24
23
23
24
24
23
24
24
25
23
23
23
25
24
22
23
23
24
23
23
22
23
24
24
24
24
23
25
23
27
24
24
24
24
22
24
23
24
24
23
23
24
24
22
24
24
22
23
23
25
24
23
21
21
20
20
20
19
20
19
18
19
20
20
21
21
19
21
20
19
21
20
25
20
20
19
18
21
19
21
21
21
20
21
20
19
20
19
21
20
20
20
19
24
20
21
20
21
19
21
20
22
19
20
19
18
20
20
21
20
20
22
21
20
21
24
21
20
20
22
20
20
21
19
22
19
20
19
20
19
21
21
20
22
21
21
24
20
21
21
21
20
21
21
21
21
22
20
21
19
22
20
20
19
21
20
20
22
19
20
19
21
20
20
20
21
21
19
20
21
18
20
19
20
21
19
21
22
20
23
21
20
20
21
21
20
20
19
20
19
21
21
21
22
21
20
18
19
21
20
27
21
20
19
20
20
19
20
19
20
21
21
21
20
20
22
20
21
20
20
19
23
21
20
21
19
19
19
20
21
20
21
21
20
21
22
21
19
20
21
21
20
19
23
20
22
20
19
20
19
19
20
21
21
20
19
21
22
22
19
20
21
21
21
24
21
20
20
20
21
20
19
19
22
20
21
20
20
19
21
48
22
23
22
23
24
24
24
54
30
25
25
22
23
24
23
22
23
24
23
23
23
36
22
39
23
23
26
22
28
22
24
23
24
31
30
35
24
23
21
23
21
23
23
20
21
22
19
22
22
24
23
43
23
23
23
22
24
23
24
24
23
35
40
23
23
22
66
25
48
22
23
19
21
22
20
22
21
22
20
19
21
21
21
19
21
20
22
21
22
21
25
19
20
21
20
20
21
22
21
22
21
21
20
21
20
22
20
21
21
21
21
24
21
22
21
20
22
19
21
20
21
19
21
19
19
21
20
21
21
21
19
21
24
22
21
22
21
21
22
21
21
21
21
22
21
21
22
20
21
21
20
21
20
20
25
20
22
22
21
20
21
20
20
22
20
20
21
22
22
22
20
21
20
21
20
24
20
21
22
23
22
21
21
22
22
21
21
21
22
21
22
22
22
21
20
19
25
20
20
22
21
21
20
22
20
21
22
24
22
20
22
22
22
21
21
23
23
20
24
23
23
21
22
21
20
22
22
22
22
22
22
20
20
22
22
23
22
22
23
22
19
20
21
21
20
21
21
23
22
22
22
21
20
22
22
21
22
22
21
21
23
22
21
22
22
22
22
23
21
23
21
22
22
21
21
21
22
21
21
22
22
20
25
22
22
23
22
22
21
21
21
21
22
22
20
20
21
21
22
20
23
22
23
24
20
22
19
21
22
22
21
22
21
22
21
20
20
22
23
20
22
20
21
21
25
21
21
23
20
22
23
22
23
20
22
21
21
22
21
21
21
20
21
23
21
23
24
22
21
22
22
20
22
21
21
21
20
22
21
20
20
22
21
20
21
22
21
23
20
22
22
20
21
23
22
22
21
22
22
20
20
22
21
21
22
21
20
22
25
20
22
22
22
21
22
22
21
22
23
22
21
22
21
22
21
21
21
21
22
22
25
22
22
21
22
20
22
22
23
21
22
23
22
23
21
21
23
22
23
21
22
26
21
21
22
22
20
23
20
23
21
21
22
23
21
20
22
21
23
22
22
21
25
23
21
21
21
20
21
20
22
22
22
21
22
22
22
21
23
22
22
22
22
21
25
21
23
22
22
23
22
23
23
24
