234
265
255
255
260
249
236
203
221
221
221
210
232
205
223
201
218
232
212
236
205
219
249
241
250
222
209
228
211
222
243
236
247
225
263
224
240
249
259
254
244
214
264
241
238
242
244
244
223
254
216
251
264
227
240
257
257
246
235
241
219
227
269
246
222
250
226
256
266
245
251
220
257
250
254
219
250
249
268
258
258
251
256
249
258
237
222
255
258
264
254
229
247
242
255
261
256
249
222
254
232
239
233
259
266
248
256
255
241
225
281
226
257
233
234
269
281
225
280
262
262
285
249
251
259
282
270
234
277
279
265
263
230
223
256
262
257
267
255
234
260
253
270
245
246
253
228
228
229
261
265
238
288
239
271
251
233
222
249
255
251
230
331
279
317
298
282
234
262
224
236
267
237
276
240
249
256
222
227
224
258
230
262
252
252
258
272
251
250
229
246
251
247
232
263
254
231
236
250
234
224
229
263
251
290
285
257
231
236
226
257
252
224
258
271
245
658
262
284
292
242
284
250
259
302
243
263
241
239
261
248
253
233
227
222
256
240
250
241
235
256
233
271
244
250
235
229
232
213
248
268
239
271
265
237
271
252
272
238
248
290
297
321
243
367
605
597
896
962
473
280
228
267
259
276
263
255
227
229
204
224
228
205
232
237
208
227
225
202
237
201
236
230
230
233
224
227
229
234
204
236
226
202
209
234
236
228
209
241
235
202
248
251
239
314
239
243
264
254
212
241
240
237
216
254
224
232
237
239
219
235
231
237
209
217
220
235
218
210
247
221
210
254
237
226
248
251
220
237
242
230
233
243
219
257
261
215
217
238
217
216
266
226
244
270
253
249
241
233
253
259
236
223
227
254
256
254
233
224
254
261
259
225
253
272
278
269
229
262
251
244
234
222
256
262
254
275
253
250
250
267
273
250
245
269
254
256
222
218
228
256
231
219
272
249
254
234
262
269
222
231
262
255
220
305
256
277
244
258
248
257
224
261
239
252
260
236
260
229
243
250
217
272
245
279
269
277
228
278
257
237
223
229
259
264
263
259
238
252
225
220
228
254
229
252
247
264
251
218
235
241
273
224
254
268
229
226
312
286
252
291
301
256
249
242
363
296
258
279
257
264
273
260
289
327
372
233
239
260
243
289
298
272
287
524
455
429
283
230
268
275
497
376
297
272
516
536
498
457
543
510
484
494
260
251
235
259
281
271
284
283
261
244
280
239
398
491
303
340
269
256
267
259
260
281
228
232
268
271
239
264
246
246
260
197
204
231
225
236
237
249
230
216
219
236
232
239
234
240
220
240
210
239
230
236
243
237
219
252
224
221
228
230
255
246
226
244
234
232
221
244
228
384
880
363
244
253
242
223
215
206
232
226
222
231
218
203
215
232
227
236
221
233
225
232
209
238
232
228
214
219
208
243
231
223
217
234
243
237
218
233
252
224
238
235
217
220
234
256
222
216
245
217
257
238
215
227
250
839
510
509
492
393
214
241
228
229
222
206
225
226
220
201
241
220
202
233
232
223
248
205
241
219
232
231
216
239
211
229
229
216
228
234
243
211
243
239
236
212
224
230
238
205
223
223
211
222
253
251
242
239
225
241
249
323
369
253
268
273
235
223
229
228
232
216
244
248
208
226
234
205
210
200
214
206
230
200
234
238
235
226
202
241
205
203
209
210
227
254
211
221
213
255
232
253
239
215
214
232
241
228
217
244
246
253
208
215
225
230
236
251
299
435
264
269
269
226
233
266
219
238
209
239
242
227
239
220
228
231
228
236
230
235
239
240
206
241
227
240
236
224
233
230
250
232
262
239
220
209
233
233
223
234
248
233
250
244
247
240
246
214
225
255
257
235
241
479
241
236
253
264
275
271
247
235
272
247
242
251
245
228
241
239
246
213
242
259
265
251
243
213
241
250
243
234
217
251
218
233
252
245
266
241
248
244
252
255
236
262
272
248
254
259
267
260
237
252
246
220
262
258
261
263
238
242
249
259
227
239
226
221
249
234
225
242
255
242
229
251
232
236
248
254
228
233
258
245
229
234
263
233
228
226
238
231
263
244
217
244
256
264
257
246
259
262
258
252
251
253
250
243
263
260
252
260
255
259
257
250
230
276
269
235
264
278
247
257
293
254
233
254
237
253
266
252
250
219
223
245
236
251
241
233
263
249
239
261
258
270
268
247
255
244
258
233
233
230
228
232
252
232
253
264
248
236
254
237
272
276
243
259
243
266
251
247
249
262
268
285
277
279
261
243
265
247
270
237
270
222
256
