4137
3153
3403
2774
1770
1799
1396
1662
1632
1540
1705
1619
1482
1662
1695
1376
1280
1565
1619
1633
1611
1588
2890
3318
3705
3543
3435
3547
3179
3272
3365
3894
2684
2556
2945
3251
3032
2590
2899
5740
3833
3369
3708
3395
3656
3634
3475
3051
2536
2252
1637
2032
2099
1731
1423
1448
1657
1459
1509
1579
1806
1748
1429
1678
1982
1222
1185
1639
1302
1716
1702
1611
1437
1552
3109
3793
3341
3221
3385
4087
3587
3757
2663
3095
3109
2389
2488
2049
1645
1414
1402
1331
1571
1582
1400
1401
1462
1474
1613
1683
1625
1332
1719
1658
1706
1377
1720
1435
1548
1388
1661
1660
1583
1485
1618
2222
2335
3034
2768
1914
2863
2549
3759
3112
1328
2582
2225
2278
1843
1714
4411
4087
4326
4690
4793
3590
3605
3409
3204
3654
3653
4337
5699
4351
4119
2088
3845
3894
2894
2269
3680
1610
1487
1586
1597
1372
1408
1622
1344
1661
1459
1513
1600
1663
1409
1621
1653
1530
1372
1372
1599
1709
1449
1666
1581
1566
1376
1754
1508
1399
1510
1563
1421
1763
1748
1769
1510
1623
1871
1311
1594
1375
1680
1771
1730
2139
1830
1881
1614
1292
1363
1544
1678
1547
1292
1867
1958
2173
1391
1319
1654
1438
1669
1499
1575
2651
4608
2856
2783
2689
1505
3345
4345
3705
3139
3094
1283
2362
2572
2163
1789
2080
2030
1350
1433
1515
1598
1499
1552
1598
1410
1614
1636
1641
1419
1678
1611
1604
1562
1473
1521
1488
1598
1508
1580
1411
1608
1471
1464
1729
1668
1203
1754
1324
1656
1468
1704
1676
1607
1716
1518
1731
1521
3012
3924
3333
1965
3798
3460
3776
2824
2684
3795
3158
3901
3874
3709
3530
3680
3567
3116
2702
2550
2679
1663
2342
4696
4355
1716
2112
3297
3483
1110
2377
2719
2483
2286
1837
1706
1524
1727
1795
1421
1553
1364
1701
1574
1610
1637
3835
3632
1345
2785
2541
3563
3535
3910
2302
2518
3248
3849
2357
1554
5246
3664
3327
5257
3317
3199
3282
3062
3230
2935
3848
3997
3309
2557
1661
1786
1785
1879
3662
3364
3776
3860
3637
3462
3940
3738
3828
3752
2931
2498
1975
2289
2231
2512
5826
4281
3614
4030
2073
2254
2617
1960
1999
1719
1236
1226
1540
1331
1595
1761
1588
1631
1433
1708
1492
1485
1101
1561
1718
1721
1608
1390
1676
2261
1313
1581
1765
1482
1602
1618
1467
1679
1414
1106
1717
1581
1582
1515
1360
1565
1735
1459
1662
1740
1583
1695
1656
1637
1370
1396
1572
1469
1512
1440
1474
1491
1734
1610
1605
1659
1218
1647
1558
1669
1465
1739
1369
1522
1498
2440
1487
1742
1628
1375
1381
1590
1616
1376
1806
1506
1666
1432
1629
1769
1461
1306
1493
1990
1483
1585
1402
1675
1695
1616
1410
1592
1707
1398
1386
1635
1544
1497
1398
1429
1455
1691
2029
1880
3327
2180
2005
1340
1751
1581
1464
1640
1700
1588
1666
2585
5008
3294
3442
1824
2853
3148
2616
2507
2151
2259
1431
1432
1621
1665
1546
1476
1619
1491
2483
1508
1317
1518
2088
1892
2393
3375
1844
2171
1727
2332
2306
1908
1531
1725
1551
2086
2248
2268
2382
2156
2235
2123
2207
2207
2023
2072
2176
2256
2099
2211
1686
1408
1591
1935
1712
1763
1649
1306
1744
1710
1810
1770
1431
2173
1759
1327
1356
1567
1955
1906
1730
1670
2540
1268
1251
1524
1676
1417
1594
1297
1687
2035
2122
1983
1665
1868
1842
2031
1874
1974
2113
1358
1492
1998
1493
1447
1400
1903
1706
1513
1681
1810
1558
1446
1607
1608
1226
1404
1481
3112
2643
2070
1944
1852
2243
3064
3157
1353
1569
1852
1516
1487
1875
1493
1467
1676
2130
2848
3408
3237
3193
1898
1584
1456
1511
1607
1586
1551
1596
1391
1465
1359
1350
1631
1620
1574
1667
1692
1440
1315
1614
1595
1576
1448
1747
1613
1527
1595
1439
1484
1409
1681
1553
1543
1336
1304
1443
1522
1369
1568
1378
1637
1396
1608
1514
1563
1722
2958
2578
3711
3059
3559
3579
3607
3955
3669
1321
1286
3485
2653
3401
2378
2240
4206
5360
2146
2059
3526
3360
4081
3634
3745
4277
2957
3283
3305
3601
3511
3975
3842
3321
2773
1674
3081
3818
3513
2264
5940
4148
4051
3355
3004
2382
2114
2278
2630
2049
1426
1600
1604
1501
1615
1413
1792
1559
1411
1620
1712
1608
1625
1619
1563
1940
1274
1341
1639
1351
1405
1486
1639
1514
1390
1540
1555
1624
1508
1611
1638
1614
1361
1733
1329
1488
1621
1380
1568
1484
1726
1557
1589
1724
1255
1806
1354
3696
2299
3892
1962
1529
1425
1409
1814
5031
2825
2895
1498
1690
1526
1812
1192
3743
3646
3884
2609
2795
3968
4140
4870
5650
3445
3603
3187
3383
2448
2604
2057
2380
1461
1650
1643
1582
1782
1513
1507
1642
1548
1611
1425
1579
1515
1574
1566
1542
1360
1409
1678
1589
1718
1481
1658
1623
1604
1671
1299
1653
1395
1380
1392
1430
1546
1598
1470
1644
2603
1558
1624
3075
3631
3115
2609
2772
2098
3695
3035
2335
2909
1277
1344
1758
1681
1624
1881
1460
1441
1769
1533
2288
1743
2818
3722
3608
4555
4355
2703
2072
2004
1626
2991
3084
3704
3683
3185
1164
2712
3078
3914
2798
1408
2790
3785
2720
2641
2263
2181
2046
2043
2044
1734
1504
1555
1351
1361
1175
1371
1608
1408
1752
1463
1519
1506
1393
2469
2820
3671
3707
2675
3084
3628
3588
3464
4408
3762
4063
3686
3626
3622
3283
3938
3521
3625
3292
3269
4948
3382
5375
3741
3556
5195
3414
3857
2188
2727
2319
3694
3338
2474
1842
1799
1852
1706
1746
1766
1644
1452
1640
1507
1231
1480
1402
1657
1617
1506
1596
1829
1701
1634
1508
1708
1590
1469
1697
1480
1688
1650
1499
3600
3350
3627
2462
2802
1295
3950
4224
3278
3241
3119
3183
3061
1831
2028
2278
1747
1571
1732
1665
1655
1109
1643
1461
1610
1472
1633
1524
1392
1412
1679
2346
