1180
1015
869
959
1203
1048
971
917
1055
918
964
976
865
913
817
976
1852
1595
1097
1503
1819
1082
988
1783
1677
1209
1460
1511
1611
1576
695
687
673
1275
1144
1685
1431
1469
1542
1649
1802
817
1046
1488
571
990
799
1619
1664
1425
1365
1533
2378
1024
1065
991
627
976
648
584
706
916
673
552
647
612
750
722
765
652
798
768
722
734
936
600
750
716
716
825
747
726
810
669
747
774
765
733
597
682
660
790
758
834
896
973
566
607
762
665
670
776
761
810
755
748
860
767
621
838
1433
1397
1370
1416
1299
1326
1335
1381
1292
1030
1214
1401
1344
1351
1384
1324
1343
1374
1334
1336
1343
1343
1274
1564
1427
1358
1327
1314
1363
2366
1942
1711
857
789
740
1328
1994
817
876
790
741
795
792
763
817
893
943
1705
2198
1514
1081
1803
1689
1818
1853
1752
1777
1783
575
592
554
1063
1503
1411
879
991
1010
1102
935
676
730
768
1923
1323
2259
2044
1790
1258
1177
1021
1047
1308
1622
1157
929
788
660
1222
1362
1348
922
766
755
709
710
830
757
708
927
3297
1826
2545
2741
2549
2457
2511
2201
1779
1766
1907
1429
1492
1441
1411
1221
1284
1260
1196
1220
1278
1353
1345
1202
1264
1351
1261
1310
1250
1230
863
669
765
696
756
802
756
676
761
808
816
655
751
782
841
1323
1332
1393
1408
1226
1198
558
1004
1517
1048
1350
650
1203
1634
1494
1471
1146
792
551
1144
2330
3062
2739
2326
2379
2099
1363
3208
2183
1811
1061
541
1240
1350
1092
1305
1037
1546
2159
2344
1635
2164
2658
2236
2220
767
1189
1979
1903
1682
1537
1535
1587
1560
3214
3162
1937
1625
1761
1504
1394
1823
1069
1097
930
925
898
686
762
777
786
719
757
675
709
782
738
781
633
742
787
649
666
704
792
721
675
726
673
701
784
778
806
826
779
674
975
1388
1408
1553
1376
1339
1262
1359
1367
1472
1366
1305
1388
1410
1300
1433
1372
1365
1401
1286
1379
1953
1357
769
831
743
815
735
776
704
782
686
667
664
809
692
788
840
1325
992
884
1018
882
867
910
958
924
917
948
985
952
1046
1120
904
1028
810
693
713
829
654
641
969
571
740
745
707
710
812
691
777
706
602
847
718
793
671
711
685
713
819
656
556
768
757
665
699
708
741
755
2363
2856
1755
1603
1640
1415
1447
1808
1828
2321
1615
1207
1081
1080
1682
1156
908
1358
733
777
1031
1007
1051
1028
1005
794
715
957
691
697
1244
1506
1797
1541
1067
1430
1473
1499
1350
670
903
1534
1437
1501
1528
1458
1260
1294
1432
1414
805
1767
1736
838
717
811
708
829
860
834
706
776
826
820
685
1006
662
1368
554
1139
1183
1285
1181
1023
1033
1206
1062
1107
1134
835
758
1279
1335
1304
1342
1348
1353
1338
1345
1439
1358
1419
1346
1400
1431
1386
1374
1402
1382
1233
1214
1282
1257
1323
1395
1317
1413
1353
1218
1310
1379
1371
1316
1348
1246
1132
1143
1098
980
957
914
902
723
612
676
637
686
609
817
764
745
699
685
703
775
744
604
698
744
779
776
729
766
821
791
689
586
773
800
746
755
779
669
653
751
762
569
746
754
728
758
796
852
569
542
656
487
491
730
1972
2616
1407
1599
1635
1796
1804
1482
1444
1497
1711
1724
1705
1689
1163
1013
1714
1946
1315
1147
1052
1082
799
1125
1041
1089
1074
1085
946
1020
970
757
743
805
814
989
1213
718
1368
1722
1560
1603
1529
1576
1598
1495
651
703
776
703
782
771
802
705
749
660
709
748
750
763
771
759
731
661
929
883
661
768
774
753
748
766
742
771
753
774
789
659
807
859
791
758
708
899
641
648
701
715
574
705
836
629
572
611
750
610
660
744
748
672
784
679
754
761
724
640
663
777
740
773
796
689
742
748
695
723
692
736
662
679
743
750
816
1015
1018
1034
1055
1024
1038
1054
1107
1051
1098
1026
1082
993
1053
1164
1124
1068
989
1076
1137
1201
1133
1087
1021
1052
1077
1228
1034
1094
1104
1098
695
569
792
763
738
682
590
706
818
768
694
657
1052
1161
1083
784
885
781
797
803
786
851
811
774
750
730
797
778
679
673
632
707
809
710
780
710
651
699
662
727
800
695
761
710
773
660
769
742
994
1752
2751
2851
2837
2706
2683
2787
1634
1651
1665
1688
1698
1614
1994
1536
1936
1166
1634
960
988
742
1217
588
607
652
818
750
770
753
760
736
697
709
799
735
846
816
642
718
779
782
758
813
755
693
663
662
688
749
744
784
762
775
763
683
889
639
733
772
779
794
690
733
796
738
755
762
831
756
684
779
655
772
779
982
647
1314
1615
1447
1726
1607
1613
1777
1633
672
928
1117
831
745
657
1127
1377
1419
1382
1311
990
962
866
614
646
660
803
715
649
746
731
786
800
712
676
758
706
838
740
800
829
873
993
970
862
809
688
699
667
683
749
770
823
717
773
818
656
762
785
1348
690
1213
585
677
662
705
1276
640
1451
1616
1751
1540
1091
1468
1643
1631
1541
1549
1708
1718
1446
1478
703
1397
1334
1264
1507
1119
1190
1217
1310
1183
1236
1092
1003
988
923
1195
1243
1084
1278
1166
1111
1126
1086
1174
1097
1027
780
921
790
821
1084
1041
