2531
3850
3233
2953
4621
2237
2751
2279
2658
2259
2342
1285
2150
1327
1357
1474
1377
1285
1178
1082
949
1166
1631
1033
2603
2421
2164
2230
2438
2318
2189
2444
2375
2516
2215
1482
2312
1508
1713
1588
1439
1308
1253
1426
867
1151
907
1054
1055
1049
1119
1030
935
953
938
1039
1076
1062
824
826
875
954
1057
956
1082
1105
1084
981
1117
1081
1045
1212
1818
1592
1101
1113
1060
1095
1041
930
1094
1067
1025
1112
906
870
997
1046
1105
980
1061
841
836
994
1028
1135
1146
1049
896
1012
1060
1120
1073
1132
858
747
1041
925
1050
1150
1115
1125
1010
1077
991
1022
1097
1107
1135
1166
1133
1221
1187
917
1123
1041
911
1100
1485
1225
975
1570
1878
971
1285
959
1084
1111
1872
1113
1136
1120
946
1088
1602
2447
1266
1717
2603
1708
2596
2284
1293
833
1922
2061
1707
1551
1571
1533
1178
1119
1274
889
1007
1182
934
1086
1042
1006
985
1073
1167
997
1175
1329
1004
832
1069
1173
1060
1023
932
1037
1064
1086
1055
1077
1179
827
1154
916
934
1096
1006
1132
1130
942
1048
1127
1146
1323
931
813
914
834
1054
1074
1107
856
1042
1066
1116
996
1058
1042
1063
879
866
921
1186
1056
1110
1064
918
1088
1163
949
1021
927
1092
795
1074
1136
791
1087
1142
995
934
1053
966
952
918
903
940
956
1137
1127
1038
970
968
1092
981
1063
982
1070
1084
1105
1316
952
1129
1079
1066
959
981
947
1065
2319
1095
1236
1008
1008
1128
948
1136
1089
1255
1136
1169
941
992
1070
954
1052
1405
2122
2639
2125
1536
2493
1889
1072
1094
1336
1091
1044
1140
2408
918
2605
2365
1563
970
1141
1673
1348
2113
1060
1196
1642
1391
1580
2341
1457
1250
1119
1737
2055
2300
2285
2388
2415
2495
1449
957
1127
955
955
1104
955
1105
1102
1749
1194
941
985
1485
924
830
1849
2118
2359
2438
2202
1707
855
2265
2589
2405
2414
1953
2334
1473
1368
1576
1452
1488
1482
1202
981
1150
1256
1201
1226
2108
1548
1102
1110
964
1130
1141
1063
1022
1095
983
1089
1085
1022
1029
1140
1191
1140
992
1029
966
1053
4132
3981
3339
1912
1655
2467
1207
1584
1094
1192
1101
980
1036
1554
3179
3711
3146
3043
2870
2617
1912
2008
3630
4441
2423
1385
1169
1313
3848
3362
1140
991
1027
1002
1112
1066
1011
1125
1021
975
1096
1073
1138
1098
1127
1016
1027
1189
1069
1167
1126
1067
1589
940
1113
1430
2725
2907
1713
2120
1486
1047
2348
2044
2315
2433
1814
1801
1687
969
1047
1103
964
1065
933
1155
1189
1147
1153
986
1034
1026
819
1100
993
1148
1149
1010
1119
1154
998
1119
1137
954
1224
1142
963
959
1081
994
1503
2527
2457
2548
1494
2447
2552
2279
2464
2978
4129
2455
2254
2085
1823
1654
1954
1222
1510
1452
1261
1007
1049
1139
1025
1137
1198
994
1111
1073
1106
1097
1139
1085
1088
1121
999
1170
955
1205
1128
1256
1564
1563
1476
953
1129
1643
1305
868
941
3780
2602
2759
1523
2267
1635
1691
1362
1281
1512
1893
1311
1354
1216
1245
1056
1052
2238
2443
2634
2522
1048
1015
1702
1508
1570
1459
1501
1325
1027
1275
1387
2119
2505
2508
2207
2595
2645
2184
2202
2097
2415
1424
1399
1255
1977
1106
943
1139
1250
1343
1267
1124
1952
2460
2191
2564
2616
2572
2378
1744
814
1957
942
1436
2652
2708
2229
1789
2137
1679
1364
1489
1406
1489
1511
1186
1293
1066
1018
1149
1112
873
1019
1096
1063
1108
1065
1075
962
1191
792
967
1047
927
1174
995
1040
842
1131
1141
934
1077
960
1005
1026
982
990
1087
1048
1118
1119
1009
1103
1024
1190
1080
1002
1156
965
1204
1217
1094
993
1170
1043
1104
1114
1080
1263
1832
862
987
1052
999
1067
954
1081
1223
1161
1194
1203
1106
1280
1778
2374
2964
1865
1095
1295
1231
954
913
1120
985
1150
1112
1141
1123
960
1126
1130
1116
1092
777
1035
2733
2260
2570
2508
2484
1920
2308
2122
2098
2275
2314
853
689
2299
1719
2541
2145
2397
2453
2497
2551
2419
2578
2281
2244
2028
1953
1816
1685
1432
1411
1187
1286
1370
1376
1029
1056
1066
999
1091
1024
1125
1125
930
1039
1031
1940
2697
2211
2096
2462
2095
2760
2605
2458
2116
2208
2572
1581
1055
808
1149
1065
859
1091
1272
1026
1060
863
1173
1079
1154
819
1084
951
1090
1045
1148
1168
988
1187
1074
1202
932
1168
1067
817
941
1048
1157
1000
1007
891
1186
1161
1135
917
1134
1779
1024
908
1060
1085
937
1086
1114
1170
1002
1199
1130
1070
1014
1037
955
1213
1521
2137
3408
2631
859
1235
2756
2354
2840
2170
2196
2441
2010
1940
1879
1864
1595
1542
1426
1239
1288
1297
1281
1127
1028
1086
1200
955
967
928
872
1197
1044
950
984
858
946
1039
1064
1101
978
949
994
811
862
960
1015
1521
1601
1610
1573
1597
1403
946
1068
1085
927
1155
1104
1109
925
1150
1031
983
1166
1191
850
1041
1038
1030
1070
995
1043
967
1075
1036
1162
1083
1066
1160
819
1002
999
1082
1079
1065
1113
1078
1083
1135
1126
1150
1017
1270
1053
1002
1327
1017
1355
954
1059
1901
1066
1537
1105
1107
906
952
1213
1221
1104
1069
967
1072
966
1082
1137
1125
821
918
924
939
1126
1068
1069
1068
1100
979
1134
1070
1004
1141
816
875
1153
1130
1049
949
1081
935
998
1044
1055
1163
1052
1068
1037
1173
965
953
1100
982
1159
861
1092
1124
1111
1084
1468
1684
1318
1208
2059
1684
1629
3190
1667
1054
963
1020
991
934
1139
1112
1102
1026
920
1436
2385
2605
2415
2459
