2225
2243
2039
2101
2182
2197
2253
1697
1114
1161
1144
1160
1151
1168
1156
1046
925
1033
1081
1111
1343
1431
1145
948
1242
1599
1445
777
1238
996
1260
1326
1067
1202
1167
1117
1411
815
1176
427
429
1035
1057
1199
1218
1106
1158
1210
1101
1166
1176
857
811
1117
1390
1130
1314
1293
1307
494
429
1047
528
457
443
459
421
477
542
565
433
461
444
437
437
450
484
444
479
497
520
545
514
490
709
683
715
679
714
774
842
702
731
722
532
430
654
643
587
450
386
609
496
473
464
433
373
449
536
455
450
447
427
502
517
520
471
520
521
560
518
510
461
522
488
445
419
437
524
506
443
531
447
498
503
493
536
454
490
669
477
524
445
440
440
426
679
610
708
494
453
505
424
535
569
464
554
446
454
451
379
432
522
559
461
532
437
463
545
517
531
540
515
504
536
527
457
451
565
377
391
431
794
946
795
729
683
664
427
448
598
421
404
447
491
394
389
483
421
480
519
488
472
414
439
601
787
495
489
510
520
533
452
448
469
549
530
533
483
482
520
475
471
530
475
496
563
450
523
460
510
512
594
432
520
448
529
492
454
660
695
468
394
435
462
568
544
510
524
571
489
467
531
566
445
559
564
497
476
538
457
425
452
395
516
395
493
517
730
628
401
401
1690
1910
1761
1914
2124
1678
2263
2115
2062
1784
2420
352
653
1042
1125
1193
842
889
883
820
835
863
672
593
702
665
663
793
1272
771
972
670
647
790
1067
960
616
749
801
603
864
726
759
705
552
383
909
1096
1274
728
520
501
469
685
439
549
1367
959
454
481
419
524
920
523
739
988
1236
1289
503
511
649
529
571
515
514
524
651
457
533
467
509
538
494
781
691
759
669
695
710
763
774
817
729
769
748
802
681
733
924
438
447
526
611
885
767
657
834
682
611
597
662
598
559
592
639
622
684
683
675
477
658
576
489
779
782
739
762
485
664
720
645
658
650
650
666
501
565
645
657
651
429
529
718
709
499
425
521
529
464
486
520
572
572
477
536
547
534
530
472
443
538
471
472
455
466
566
516
483
506
512
506
553
521
526
523
455
536
448
551
506
489
446
531
479
440
541
509
521
517
532
511
546
905
649
703
771
884
794
890
899
840
845
881
722
947
881
823
755
751
862
868
825
760
980
898
860
751
757
852
845
818
1028
889
853
842
889
762
786
731
716
721
690
760
821
714
673
779
791
691
773
787
735
774
748
877
939
766
854
884
861
817
781
813
812
876
827
793
955
876
851
456
733
602
409
466
513
460
440
510
562
523
444
530
512
508
492
517
510
506
755
763
632
705
783
548
702
792
658
621
648
774
745
797
812
758
965
860
909
882
835
863
942
837
725
667
718
1573
772
1012
687
667
795
1485
769
1241
661
495
499
410
631
534
738
627
448
424
443
479
475
549
518
520
507
548
472
510
629
1104
535
386
424
818
941
815
708
579
683
489
520
564
622
674
780
652
760
638
784
958
1143
946
668
610
467
454
426
473
404
461
480
428
448
393
527
446
380
433
446
461
499
507
519
482
527
463
578
552
606
394
594
470
655
909
491
439
554
439
453
595
460
397
661
776
805
761
881
779
953
738
658
753
786
842
791
667
666
697
711
849
814
885
840
863
978
908
843
689
755
798
996
832
787
745
786
805
873
605
400
374
457
474
548
500
524
506
494
701
779
790
735
695
445
734
439
484
751
784
814
747
707
777
787
743
740
800
783
539
375
424
490
439
481
656
741
431
535
554
513
502
517
400
507
514
447
538
504
517
504
534
435
407
520
516
786
1472
2054
1189
1171
1195
1139
1098
1163
1188
1201
1108
377
1199
1061
890
1169
879
762
1079
1185
573
881
409
373
724
868
1298
795
1223
702
1190
1156
1141
949
1169
1190
1173
1169
1156
1190
1118
1347
1279
1202
1200
1229
1149
1154
1024
1111
1130
449
414
1293
436
442
949
1080
1182
1111
788
651
1090
919
1914
1730
1327
1060
757
1044
678
942
1731
952
469
737
481
718
1004
936
647
626
851
717
561
632
428
590
483
446
478
446
601
678
1072
729
506
461
466
465
461
678
670
405
507
998
573
492
462
433
672
765
421
642
695
435
582
565
680
620
732
484
475
677
589
552
578
661
802
851
783
425
448
456
467
533
571
753
775
527
555
454
692
726
723
457
483
509
559
629
542
667
781
607
385
487
440
514
616
457
508
419
428
535
527
499
666
808
776
551
789
713
623
652
718
865
652
620
651
582
663
785
835
767
782
699
829
724
713
734
730
740
486
456
555
484
858
831
630
373
368
509
501
578
456
537
447
648
590
638
466
555
563
474
438
422
559
456
463
536
426
684
431
429
723
428
660
391
444
742
711
725
791
713
433
399
