1382
1468
1404
1527
1468
1533
1303
1522
1309
1373
1179
1193
1230
1313
832
1104
989
643
675
776
713
662
788
747
747
657
672
618
633
556
622
569
616
551
657
698
455
513
641
635
599
556
697
543
646
661
545
598
630
603
656
569
691
575
630
542
666
579
691
556
483
531
716
585
569
656
582
670
609
629
713
659
662
644
642
649
635
635
590
545
648
489
699
666
655
680
541
676
546
576
670
538
621
569
580
585
657
554
631
537
572
616
552
685
629
458
569
569
545
625
661
625
601
658
650
659
614
580
651
630
619
621
662
627
616
777
491
491
1163
1411
1404
1261
1297
1414
1444
1491
1441
2183
2449
1815
1358
1462
1245
1185
1192
1417
1748
1699
1835
1973
1858
1970
2349
2198
1685
1996
505
451
1359
1230
1327
590
527
493
565
862
789
884
927
881
771
767
628
573
620
653
452
571
559
552
653
639
670
501
503
509
617
612
600
549
582
590
559
599
599
623
601
597
606
590
654
568
692
634
655
756
501
1506
1299
904
842
628
677
548
697
627
552
630
704
917
785
876
883
961
662
1223
1090
1304
1220
1273
1221
1358
1255
1138
1039
1192
890
1019
902
679
761
562
668
641
607
689
661
619
707
710
573
702
654
698
567
622
625
564
608
661
621
630
621
621
616
623
602
621
573
617
640
548
622
641
612
546
615
634
588
521
548
594
633
609
614
553
647
653
580
554
611
619
563
626
543
654
626
621
541
643
609
448
580
621
548
962
1152
1442
1224
1250
1355
1349
1380
1526
1169
1356
1229
1307
1395
1439
1386
1446
1406
1270
1284
1282
1528
1467
1358
1450
1386
1483
1268
1295
1596
1377
1572
1466
1472
1508
1532
1202
1287
1481
1240
553
562
488
572
521
1238
1295
1016
522
483
870
810
922
922
830
700
837
964
531
956
512
1336
1003
1254
1284
1455
905
784
524
636
609
551
595
612
603
543
591
649
572
561
1045
944
825
561
729
1000
1455
1250
1445
1306
1541
1359
1592
1512
1434
782
495
1017
635
993
534
848
552
509
879
551
494
601
581
556
664
479
963
760
655
830
659
871
978
954
918
750
467
516
658
541
602
654
740
479
527
548
681
668
954
512
643
537
517
869
740
581
545
821
548
736
641
525
623
700
781
630
501
504
626
530
612
786
617
594
602
531
686
734
635
458
576
629
619
626
554
623
590
657
582
634
677
654
682
644
645
792
603
519
483
532
634
653
639
565
512
587
601
625
583
652
713
518
536
623
540
578
556
618
858
944
971
517
613
562
618
593
618
612
569
621
545
535
550
640
617
608
578
628
568
617
573
570
633
567
554
564
578
578
622
639
558
627
618
682
578
621
650
607
669
666
617
698
717
475
1181
1383
1251
1335
1353
1229
1410
1390
1337
1501
805
1466
1467
1260
1078
1186
1177
1087
1314
1075
951
786
557
884
600
916
840
914
726
786
797
772
645
631
583
615
633
657
637
677
774
466
1346
1419
1615
1339
1018
1121
1061
1189
1193
1101
1042
585
1245
1947
1853
1526
701
1014
1104
1389
1418
981
785
739
1150
479
1225
1219
1343
1427
1765
1586
1435
1408
1405
1340
1391
1393
1415
1431
1471
1563
1255
1478
1441
1256
1366
1498
1430
1307
1590
1366
1159
1193
1065
1054
907
906
1116
1386
1424
1488
1794
1529
1372
1508
1330
2007
1496
1624
1368
1553
1021
1091
1171
1083
1110
858
923
811
809
846
870
658
660
670
966
2693
2622
1622
1295
1288
1283
1351
1535
2007
1455
1265
1547
1332
1411
1426
1368
1485
1711
1453
1480
1433
1398
1429
1246
1264
1322
1234
1313
991
1464
1424
1329
1497
1461
1258
1581
1513
904
1274
1219
1379
1345
1077
884
1030
978
946
700
757
815
678
682
574
625
621
626
643
648
453
625
579
609
605
663
576
539
575
676
584
637
554
542
637
490
557
562
677
544
763
1162
1492
1252
1326
1287
1447
1216
1106
554
795
2036
1611
1645
2089
1882
1530
1789
519
645
967
841
856
1036
948
969
846
918
1254
1730
2561
2293
1880
2080
1404
1153
843
1169
2402
2352
2162
2190
1455
1395
2657
1974
1554
1575
774
861
1114
989
1179
1128
1138
841
875
746
670
812
996
1055
763
496
520
558
578
650
976
1011
561
531
558
602
722
873
1217
1135
813
478
487
603
627
563
620
729
544
539
559
665
646
603
600
683
635
1204
584
921
1117
1070
1149
1645
1102
780
953
884
615
632
637
1140
579
531
501
622
636
620
596
546
625
607
622
622
609
614
558
577
621
612
653
620
563
1243
668
969
1660
1645
903
578
655
617
954
1162
1136
1076
1089
1178
1126
1115
1354
1017
1071
1195
1206
1074
1147
628
1024
989
1074
634
534
689
642
579
547
631
583
652
604
910
895
608
595
643
645
677
567
628
762
1231
614
585
628
1169
975
734
1098
670
549
687
681
617
1012
1066
1423
1184
663
1309
883
635
916
907
704
581
471
529
635
619
657
620
644
611
517
625
641
717
517
545
845
968
851
674
1008
1034
1132
1034
835
865
719
997
844
1003
1062
845
478
600
671
949
