16
12
11
13
11
11
11
16
19
22
16
18
18
18
19
18
18
19
18
19
18
18
19
18
12
11
138
11
11
11
10
10
14
11
11
10
11
10
11
11
15
17
18
19
18
18
18
18
18
26
18
18
18
19
19
23
19
18
19
18
18
19
20
20
20
20
20
20
20
21
20
21
20
21
21
20
20
20
25
31
24
20
19
20
20
19
17
18
19
19
19
20
19
20
20
20
19
20
20
19
19
17
23
17
19
16
18
11
11
11
23
15
11
10
11
10
11
12
10
11
11
10
11
10
11
14
16
12
11
11
11
11
11
11
10
11
11
10
10
11
10
10
10
10
11
11
10
11
14
11
11
11
11
11
11
10
11
11
11
10
10
10
10
10
10
10
10
10
10
11
11
20
10
11
10
10
10
11
11
11
11
11
10
11
11
10
11
10
10
10
10
11
12
17
10
14
11
11
11
11
11
11
11
11
11
11
11
11
12
11
10
11
10
11
10
11
11
10
13
11
11
10
10
10
10
10
11
10
11
10
10
10
10
11
11
10
11
11
10
11
10
14
11
10
10
11
10
10
11
11
10
11
11
11
11
10
11
10
10
10
11
11
10
11
11
13
10
10
10
10
11
10
10
10
11
10
10
10
11
11
10
11
10
10
10
10
11
11
13
10
11
10
10
10
10
11
10
11
10
10
10
10
11
10
10
10
11
11
10
11
10
14
11
10
11
10
10
10
11
11
10
10
10
11
10
10
10
11
11
11
11
11
10
10
13
10
11
11
10
10
11
11
11
10
11
11
10
10
11
10
10
10
10
11
11
11
11
10
13
11
11
10
11
11
10
10
10
10
11
10
11
11
10
11
11
11
11
11
10
10
10
13
10
10
10
11
10
10
10
11
10
10
11
10
10
11
10
11
11
10
11
11
11
10
14
10
10
10
10
10
10
11
11
10
10
11
11
11
10
10
10
10
10
11
10
10
11
14
11
11
11
10
10
10
10
11
11
10
11
10
10
10
11
11
11
11
10
14
10
10
11
14
11
11
11
16
17
19
14
11
14
24
14
15
15
13
18
18
18
18
11
11
11
11
14
11
11
10
11
10
11
10
11
11
11
11
11
11
11
10
11
10
10
17
19
22
19
14
11
11
10
10
10
10
14
17
17
16
18
18
11
11
11
11
11
10
10
11
11
10
18
21
18
18
11
11
11
17
19
11
10
10
11
11
10
11
10
11
10
11
11
10
11
10
13
11
13
17
18
18
17
19
29
11
10
11
10
10
10
18
11
10
10
22
20
11
10
13
11
11
11
10
10
12
11
11
13
12
11
10
15
18
19
19
16
18
11
18
24
54
31
21
27
27
19
19
20
19
17
18
28
21
19
18
22
23
19
19
19
20
23
19
19
20
23
18
19
20
20
18
19
20
17
18
21
19
22
17
17
16
16
17
17
17
19
19
19
22
18
19
20
18
19
19
19
19
21
21
20
20
20
19
21
30
23
19
18
19
19
19
21
15
10
11
18
19
19
19
19
21
21
21
19
21
20
21
20
20
20
20
21
20
19
22
19
20
20
20
21
21
20
19
16
19
19
18
19
18
17
19
23
17
17
19
19
18
20
24
19
20
19
18
21
19
20
29
21
20
21
17
20
17
16
17
19
14
10
11
10
10
19
12
10
11
10
10
10
19
17
11
11
10
15
11
10
10
10
10
10
10
11
10
10
14
11
11
11
11
11
11
10
11
11
10
11
11
11
11
11
11
10
11
11
11
11
11
11
14
10
11
11
11
11
11
11
11
11
12
11
10
11
11
11
11
11
11
10
10
11
11
14
11
11
11
12
11
11
11
11
11
12
11
12
10
11
11
17
15
11
10
11
11
16
13
10
10
10
10
11
10
10
10
10
10
10
10
10
10
11
10
10
11
10
10
11
10
13
10
10
10
10
10
11
11
10
11
10
10
10
10
10
11
11
10
10
10
10
11
10
10
13
11
11
10
10
10
11
10
10
11
10
11
10
11
10
10
10
10
11
10
11
11
11
14
14
21
17
19
18
17
18
18
18
18
19
16
18
19
19
20
20
20
18
19
21
21
22
20
19
21
20
20
20
20
18
19
20
20
18
19
20
21
19
16
20
19
19
19
19
23
21
19
21
21
20
19
20
20
19
20
20
19
19
20
21
20
20
19
20
18
20
19
18
23
20
21
18
18
16
17
17
17
18
17
17
18
16
17
17
17
18
17
17
19
18
17
22
20
18
20
21
19
19
19
17
19
19
20
20
18
