70
39
39
39
36
41
39
39
36
42
39
36
37
37
38
38
38
35
41
40
39
37
38
37
37
38
39
38
42
39
37
38
41
38
38
37
40
39
41
36
41
39
34
36
41
39
38
35
39
38
40
40
39
35
39
39
36
37
41
37
38
39
40
40
39
38
38
43
37
41
38
35
39
40
38
38
37
40
39
39
39
40
39
38
36
35
34
41
40
41
40
38
38
41
38
40
40
38
39
40
35
37
38
38
39
37
39
42
35
39
41
38
39
35
35
39
40
38
38
39
38
40
39
37
37
38
40
43
40
40
39
38
39
39
38
35
39
40
38
40
36
37
42
36
38
40
44
37
41
37
40
39
37
39
40
38
37
40
37
41
41
47
65
42
43
43
42
40
45
37
40
40
39
37
41
36
43
41
41
40
37
38
40
40
37
45
48
43
40
47
42
46
69
64
52
41
42
36
38
42
41
40
40
40
41
43
36
37
39
37
37
40
44
41
42
42
41
37
41
38
40
39
40
37
36
41
39
37
42
42
40
40
41
42
41
38
39
41
39
37
37
40
40
38
43
43
42
40
41
39
39
39
40
43
42
38
41
41
38
41
43
37
40
38
44
38
37
40
41
39
39
40
37
36
38
37
40
40
37
37
37
39
39
40
39
40
39
41
37
38
42
41
42
40
43
39
37
41
39
40
38
41
37
36
44
40
42
40
39
39
37
36
41
41
42
37
37
38
39
42
40
43
41
47
40
41
38
40
41
40
41
41
40
43
44
40
42
42
39
40
42
44
41
48
44
41
36
41
41
42
41
39
37
41
42
37
38
41
39
40
42
38
39
42
40
39
41
43
39
37
44
42
41
38
36
42
38
41
40
43
42
43
46
43
40
38
42
41
37
41
42
39
43
42
38
44
43
42
42
42
41
41
45
41
40
41
42
37
40
40
40
42
41
40
40
43
41
40
41
43
43
41
45
42
43
43
41
43
42
40
42
40
41
40
39
41
39
38
42
39
40
37
42
59
50
44
41
42
40
42
42
43
40
38
42
40
40
42
39
38
39
43
40
38
43
41
38
42
37
38
40
40
43
41
40
44
47
54
44
45
48
52
46
43
50
44
46
42
44
41
41
43
39
37
40
40
41
41
37
37
39
43
39
42
37
41
40
38
42
42
40
37
41
39
40
38
37
41
38
38
43
38
37
40
42
38
40
41
41
41
40
43
41
37
40
42
39
40
42
44
42
42
38
43
42
43
41
43
42
40
41
46
40
44
44
42
40
44
43
43
43
43
45
41
40
42
43
43
43
43
45
42
43
43
41
40
44
41
42
41
41
41
41
38
41
40
41
39
38
41
41
39
40
37
46
41
40
39
39
40
42
40
40
44
38
40
43
38
41
42
43
45
55
38
41
38
42
41
41
43
40
40
37
41
40
42
38
42
38
42
44
40
37
39
42
39
42
39
44
41
42
39
38
42
38
40
40
43
43
38
42
41
37
40
36
42
41
39
44
44
42
41
38
41
40
43
41
43
40
42
42
43
44
41
41
41
43
42
41
41
42
38
42
42
44
43
42
39
42
42
43
41
43
41
44
43
41
38
41
44
37
39
39
38
39
39
39
40
41
40
45
38
42
40
43
43
43
90
49
42
43
39
43
43
42
40
41
38
42
37
40
43
40
42
41
42
39
46
41
44
41
40
39
42
41
43
44
41
39
40
40
40
41
42
41
38
39
38
38
40
40
40
41
63
50
48
42
49
36
37
40
38
38
38
36
39
48
36
41
36
38
34
38
38
38
40
39
39
38
38
38
36
38
38
38
39
42
38
39
37
39
38
35
37
37
38
39
40
38
36
41
40
39
38
42
43
44
47
38
43
40
39
40
39
38
37
39
37
39
37
40
41
40
41
43
40
38
35
39
41
38
39
35
38
38
36
37
39
40
40
42
38
41
39
39
44
37
36
36
43
36
37
38
36
40
42
37
41
40
39
40
39
36
39
40
44
42
41
40
36
41
37
41
38
40
42
39
40
39
39
42
38
37
41
40
39
39
37
39
40
42
38
40
39
41
40
42
40
38
40
42
39
38
37
40
39
39
39
41
40
40
38
41
40
39
36
41
42
37
40
40
40
40
37
42
37
39
39
39
39
39
42
39
38
42
37
39
38
40
38
41
39
39
43
45
38
41
43
41
39
37
37
39
39
41
41
42
40
41
38
40
40
39
43
40
38
41
40
41
39
43
40
40
39
42
42
42
40
41
38
40
43
40
40
37
43
42
40
39
37
