351
306
315
336
314
330
329
264
287
291
290
268
272
250
268
305
266
292
283
291
281
284
256
264
303
286
307
290
311
256
300
287
291
269
274
265
288
264
308
303
300
289
263
278
294
266
315
268
291
289
311
284
297
276
310
304
306
310
293
285
286
320
299
267
287
296
403
300
304
302
302
322
296
287
334
314
319
285
288
309
318
278
314
273
300
283
302
323
270
294
341
312
317
305
318
290
311
327
317
309
282
309
303
291
297
315
283
317
291
306
417
272
294
322
316
320
313
295
277
325
308
326
310
314
310
308
289
277
274
279
299
283
326
275
304
296
328
339
326
328
316
293
318
317
316
288
353
285
315
352
323
302
313
278
652
594
603
415
353
273
306
281
334
274
315
297
326
315
348
314
320
325
319
283
327
325
274
326
307
303
292
317
303
316
317
275
314
296
296
317
321
340
294
325
333
299
317
322
322
335
318
309
319
290
342
275
322
331
286
327
313
341
287
319
309
338
330
318
317
308
298
307
283
339
310
292
305
290
289
277
309
274
313
276
310
288
323
301
314
283
314
362
322
304
333
298
336
276
320
310
301
321
317
270
282
283
310
293
277
275
303
321
288
278
291
282
314
317
277
339
326
315
324
281
284
274
313
321
313
301
303
315
341
289
279
314
292
324
324
293
310
318
278
337
324
314
285
356
336
326
336
317
305
298
305
335
325
280
339
349
326
321
318
292
271
310
348
316
341
317
277
295
312
321
332
321
312
338
297
321
292
307
339
299
304
290
321
321
293
317
292
303
329
323
291
329
333
317
314
312
274
307
332
288
340
315
329
323
337
292
324
303
325
280
284
322
290
476
320
289
310
291
317
330
310
298
307
273
338
335
288
288
315
333
311
316
338
296
314
306
336
310
319
310
303
303
330
291
315
335
347
319
323
298
315
279
286
300
293
292
430
308
335
328
315
314
346
437
292
342
286
364
357
417
365
311
627
672
649
648
572
333
333
332
328
349
312
320
296
340
324
297
296
298
268
296
272
268
312
304
304
277
300
274
284
298
304
326
287
320
326
313
281
557
415
334
612
324
303
364
311
283
299
291
319
314
282
276
289
255
297
310
288
309
312
301
292
264
278
277
276
292
322
298
292
273
307
300
310
300
284
290
328
316
334
271
292
326
336
319
292
361
342
326
345
364
335
310
393
497
405
316
312
332
314
309
337
326
336
287
323
332
314
288
302
338
313
336
312
344
327
304
323
317
322
277
271
309
334
315
323
328
334
351
331
311
304
432
323
294
279
283
305
314
328
273
314
315
315
282
316
287
298
337
343
325
309
271
301
296
278
317
300
285
315
308
283
283
296
324
312
318
314
330
302
314
280
320
321
295
313
341
318
298
286
289
322
333
324
311
274
310
318
345
338
308
327
327
341
285
329
293
328
299
315
283
312
303
313
305
325
362
338
294
285
335
276
313
324
316
318
291
336
298
316
300
301
307
327
324
307
283
335
306
320
309
310
326
322
299
312
341
299
327
327
329
285
324
338
282
344
358
339
294
337
281
273
313
317
341
345
334
276
305
320
288
329
306
311
306
323
279
310
277
335
286
325
295
303
278
276
332
303
310
325
340
311
274
334
288
283
285
292
291
293
314
280
305
319
307
315
332
286
315
305
307
323
310
293
289
338
304
337
334
295
333
335
345
305
309
311
339
298
386
293
274
322
330
326
318
312
330
330
327
299
305
313
279
334
322
324
312
298
317
302
349
284
308
320
280
315
289
317
289
318
323
288
335
303
337
318
320
322
311
309
294
317
284
293
287
312
310
339
287
331
287
286
316
318
320
324
304
290
310
318
285
289
309
347
283
327
301
331
308
313
317
329
274
339
330
294
302
328
296
325
338
319
340
340
318
577
550
575
615
445
287
321
328
287
333
299
325
329
310
321
302
318
320
336
304
306
343
328
313
293
282
305
341
334
336
337
283
351
301
340
283
348
322
324
329
341
325
283
334
304
314
322
281
316
331
311
323
274
329
287
277
315
315
308
292
279
328
291
335
311
327
337
317
291
310
321
310
271
332
343
314
323
286
289
288
280
347
318
302
332
313
331
323
360
344
340
335
312
280
286
318
328
344
321
333
281
320
344
280
270
279
352
305
322
275
310
301
329
310
348
333
341
332
285
320
322
305
351
356
349
304
324
332
341
371
520
398
326
379
369
326
344
511
370
402
387
370
480
481
380
347
352
305
339
343
327
296
284
334
330
317
292
292
284
298
268
293
258
259
293
253
304
308
297
299
