23
21
22
21
20
22
21
19
18
19
18
19
19
18
18
18
18
18
17
19
19
17
19
18
18
18
21
19
17
17
18
17
17
18
18
18
17
18
18
19
19
19
19
19
18
18
17
21
18
18
18
18
17
19
18
18
19
18
18
18
17
19
18
18
19
18
18
18
21
17
19
17
18
19
19
17
18
18
17
17
20
19
17
18
18
18
17
17
19
18
21
19
17
18
20
19
17
18
19
18
18
17
19
17
18
17
19
16
18
16
19
21
18
18
18
19
17
18
19
18
17
16
18
17
18
18
18
17
17
18
18
18
20
18
19
18
18
17
17
19
19
17
18
18
18
18
20
19
19
18
17
20
18
18
19
19
17
17
17
19
18
18
18
19
19
17
18
17
19
17
17
19
18
18
18
20
18
19
19
18
18
17
18
18
18
19
18
17
18
17
18
17
18
18
17
19
20
18
17
18
18
18
19
19
17
17
18
19
18
19
18
19
19
17
17
17
17
19
21
18
18
16
19
19
17
17
17
18
18
18
18
18
18
18
18
40
48
36
37
38
33
36
36
21
20
21
22
23
22
21
22
21
21
23
20
21
20
21
21
22
25
20
22
22
20
20
21
22
21
20
18
19
18
18
19
18
17
19
19
20
18
19
22
19
19
17
19
18
19
18
18
17
19
20
17
19
19
17
18
17
18
18
19
22
19
17
18
18
20
18
19
18
18
17
18
19
18
19
18
19
19
19
18
18
22
19
18
18
19
19
19
18
19
18
17
19
18
20
18
19
20
18
19
18
19
19
22
19
18
35
22
19
20
19
17
19
19
17
18
17
18
19
17
18
19
18
17
21
18
18
18
18
17
17
18
18
17
18
19
18
19
18
16
19
18
18
17
17
19
17
18
17
18
19
17
18
19
19
17
18
17
17
17
18
17
17
18
18
18
17
22
17
17
18
19
18
18
19
18
18
17
18
19
18
18
17
17
17
18
17
17
21
18
17
18
18
18
19
18
18
19
19
19
18
17
17
19
19
18
19
18
18
22
18
18
18
17
19
19
18
18
20
19
18
18
18
18
19
19
18
19
17
19
19
22
19
18
18
17
18
17
19
18
18
17
18
18
19
17
17
18
18
18
18
17
20
19
19
17
18
18
19
18
19
19
17
17
19
19
18
18
18
17
19
19
19
21
17
18
19
17
19
18
18
18
18
17
18
18
17
19
18
19
19
19
19
19
17
21
17
18
20
17
19
20
18
19
20
18
18
20
19
19
20
19
18
19
19
19
22
19
19
19
18
19
19
20
18
18
19
18
19
18
18
20
19
19
18
18
18
22
19
19
19
19
19
17
18
19
19
17
18
19
20
19
18
20
18
19
18
20
18
22
18
19
18
18
19
18
19
19
19
18
19
18
19
18
19
19
19
19
19
18
23
17
17
18
19
17
19
19
20
19
19
17
17
18
20
19
19
18
19
19
19
21
19
17
18
19
18
19
19
20
19
20
18
19
19
20
19
18
18
19
18
19
19
21
18
19
17
17
18
19
19
18
19
17
20
19
19
17
17
19
18
17
19
18
21
18
18
20
19
19
18
18
18
18
18
17
18
17
18
19
18
20
17
18
19
22
17
18
20
18
19
19
19
18
17
19
19
19
19
18
18
18
19
20
18
19
17
21
18
18
19
19
18
17
19
18
19
18
19
17
20
19
19
19
19
19
19
19
22
18
20
18
18
18
20
20
19
18
19
18
19
17
17
19
20
17
19
19
19
22
18
19
20
19
19
18
18
17
18
18
17
18
19
19
19
19
17
19
19
18
19
49
27
23
75
37
35
33
35
21
20
20
18
19
20
19
19
19
19
20
19
19
22
17
19
18
18
18
19
19
19
20
20
19
19
18
18
19
20
17
17
19
20
22
20
19
19
19
18
19
20
18
19
20
18
19
20
18
20
19
18
19
20
18
19
21
18
18
17
22
21
20
24
22
35
29
24
27
21
21
19
21
27
22
21
37
24
20
21
22
21
22
21
20
21
21
24
20
24
21
32
20
23
20
21
25
20
24
21
20
22
21
19
20
21
21
20
21
21
22
22
20
21
22
21
21
21
26
22
28
22
21
22
21
21
37
23
21
21
23
23
22
20
19
30
26
22
37
26
31
26
27
20
31
25
21
22
30
30
29
32
31
20
30
29
37
32
31
30
33
32
33
31
20
20
20
21
31
28
30
29
31
30
26
28
23
23
21
21
21
21
20
19
24
21
20
22
21
23
22
22
19
19
20
22
19
21
