871
2334
2793
1979
2438
2723
2735
2322
3655
2563
2118
1640
1520
1700
1535
1218
1307
1394
1134
1157
1594
1089
1136
1166
1201
971
1120
1129
985
1230
1170
1131
1093
1018
1143
1135
1018
1138
1153
894
1097
1498
1814
1674
1044
1016
933
2302
2358
1014
2650
2664
2265
2621
2429
1840
1205
1242
961
1008
2659
1833
1611
977
1896
2206
1682
1602
2337
1814
1935
2001
1796
1812
1639
938
975
1063
1380
872
1025
1124
1196
1047
1039
1423
1121
870
896
1242
1146
1009
991
1072
1145
1238
1164
1133
1225
1267
2027
2249
2657
2396
2752
2324
2052
2371
2051
1880
1871
1690
1380
1496
1229
1213
1019
1153
1277
1178
994
1226
1261
1149
1208
1095
977
1175
1134
1144
1157
1169
1144
1183
1018
1126
1061
1016
2075
969
1109
959
1135
1054
1180
1143
1004
1161
1069
1046
1234
911
1120
1169
1233
1091
1036
1153
1137
1131
1140
1096
976
1189
861
872
791
1130
1200
996
1027
1186
1019
1128
1156
1121
1147
1744
2999
1089
960
992
933
833
1118
968
1095
1195
1100
912
1108
1149
978
1086
1014
929
1157
1176
1028
1209
1162
1102
1054
1149
989
991
1082
977
1154
1160
899
1177
1074
1156
1311
927
1112
1125
1088
1153
1205
1141
1117
998
1187
1083
1083
1267
964
969
939
1164
1290
2382
3492
2881
2291
2574
2529
1943
903
1626
2910
2762
2404
2339
2317
3048
2785
2727
2570
2689
1061
2463
2532
2679
2372
2459
2166
974
1105
1465
1319
1274
1408
1084
977
1216
1135
1163
840
1105
1051
939
1067
1054
1117
1137
1010
1101
1182
1135
1186
947
1013
1274
1069
1222
1039
1123
1220
1065
1066
1132
1148
1144
1417
737
931
1132
1116
1036
1161
1008
1140
1259
1070
1166
993
1163
923
974
1117
1050
1178
1142
1135
1179
1171
1108
1017
1191
998
1122
1142
1118
1042
1071
1026
1094
1207
1143
1024
1129
1489
994
1073
1209
997
1110
1112
1184
1120
1009
1099
1190
1156
1103
943
1173
1189
1162
1109
1124
1158
1084
1025
1047
1108
1189
1208
1200
1020
1093
1128
1136
1129
1571
1981
1992
1819
1744
1429
1661
2040
1991
2645
3257
2317
2659
2503
1284
1714
1938
2189
1599
1265
1640
1464
1322
1370
1286
1802
2738
2301
2775
1851
2143
1439
2564
2056
2421
2347
1630
1242
1102
1142
958
1217
1142
1011
1152
1171
1176
1139
1135
970
999
1218
1564
833
2520
1753
2774
2463
2277
3079
2799
2582
2535
2378
2214
4562
2516
2692
2535
2421
2640
2674
2495
2143
2586
2508
2490
2045
2104
1791
1701
1470
1537
1184
1122
1179
1079
1004
1016
1043
1237
1159
1126
1117
1192
1135
1111
1183
1051
1153
1034
1144
998
1130
1232
1172
1191
1143
950
894
1061
1167
1397
1290
1250
1493
1398
1344
1012
1157
1254
1098
1125
1154
1119
1035
1351
2414
2286
2712
2177
2754
2989
1137
1369
1690
2469
2160
2529
2548
1149
2436
2415
2513
2537
3191
1995
2826
2728
2809
2126
1867
1586
1428
1438
1452
1413
995
998
1146
1110
1042
1094
1135
816
1117
1128
1059
1163
1209
1057
977
1138
1141
1043
1171
1190
915
1134
1069
1165
1188
978
1204
1234
1170
982
976
1034
1120
775
1026
1120
1041
1030
1143
1139
1054
1135
966
1136
968
1456
2108
1158
1081
1047
1144
1150
992
1115
1053
1098
1129
1229
1084
1226
1123
1247
1303
1351
1110
1168
1021
884
1094
1079
1001
1093
1122
1054
987
1117
939
1037
972
1172
1031
1190
1050
1097
1004
1100
1238
1208
1151
1017
1138
1240
1011
1126
1167
1149
1265
1160
1121
2452
2337
1324
1377
1354
1493
933
1051
2319
2569
2522
2098
1881
2679
2770
2562
3065
1385
2628
2492
2488
2215
2044
2183
2786
2697
2874
2629
2383
2404
2311
2778
2537
2225
2619
2196
2289
2337
2650
2849
3469
4251
2319
2500
2589
2279
2634
2295
1763
2048
2110
1548
936
975
1000
1240
1254
1274
903
1092
1069
1066
1212
1122
1188
944
876
1162
1136
1139
1057
1174
1011
1018
994
1109
1147
1098
857
1022
1105
988
1164
1138
1168
1022
1154
1214
1218
1182
875
938
1155
1149
1184
1095
1138
1009
1104
1135
1020
1082
1710
2111
4235
1642
2790
2795
2821
1026
1178
2380
1355
1536
2386
1569
1490
1249
1194
1289
1193
1072
1142
1077
1004
1495
1726
2646
2314
2644
2713
2482
1743
2084
2615
2030
1653
1731
1598
1412
1401
1276
1263
1126
1108
1121
996
1115
989
1188
1213
1077
931
995
1004
991
988
976
1013
1120
1089
1132
1099
1091
978
1077
907
1066
1032
1277
1147
1141
1212
1207
1175
988
1132
1134
1112
1168
1055
1103
1137
1134
977
1259
1138
1254
1135
1194
1240
856
1198
1158
1246
1196
1180
1127
1162
1267
1172
1124
1160
1174
1104
1216
1282
1049
1190
1159
1152
1260
1127
1140
1211
1367
1029
1138
1134
1082
1218
1091
1172
1143
1018
1101
1178
1147
1007
987
983
1068
1142
1189
1063
1235
1133
1135
1133
1045
1153
874
1212
1113
1130
1132
1008
1086
1209
1205
1067
1059
1229
1244
875
889
1064
1097
1071
1123
1165
1069
932
980
1170
1137
1200
1004
1013
1133
1234
1141
1155
1332
1237
934
856
1329
1489
1342
2051
2244
2478
2743
2937
2284
2583
2379
2586
2572
1282
2579
2439
1865
2281
1999
1730
1768
1147
1191
1308
1304
1026
1123
1180
988
1023
1162
1092
738
1010
1057
1225
1233
1156
1204
1141
1173
1129
1004
1145
2579
2704
2329
2289
2765
2630
2290
2261
2622
2698
2661
2763
2609
2687
2325
2212
2163
2185
1883
1744
1361
1267
1462
1088
1069
1083
1116
1112
1037
1067
1164
1038
1192
1110
1109
1269
1232
1026
1271
1270
1026
1022
1137
1142
1161
1010
1186
1152
1180
1094
1162
1187
1058
929
1048
1125
