879
799
784
822
643
688
718
868
837
708
869
709
853
829
701
895
656
1245
2721
3380
3171
3436
2939
1874
1405
1916
994
1591
1291
1932
1175
1054
681
824
765
783
706
575
768
698
701
799
785
688
1570
1643
2568
2429
1210
736
732
854
813
836
791
873
817
673
855
762
745
952
814
676
723
639
714
696
620
592
799
646
688
744
706
799
840
821
1143
1430
1497
1379
1481
1420
1576
1492
1444
1547
1345
1459
1502
1441
1472
1497
1488
1521
1039
679
1327
3004
3117
2992
3084
2718
2982
2829
2584
2521
2357
1966
1951
1639
1442
1546
1419
1477
1495
1519
1470
1530
1445
1529
1490
1411
1521
1443
899
1344
1025
717
802
822
847
501
677
889
688
769
823
777
702
800
680
770
618
783
1434
1263
823
1232
1635
1196
748
772
723
841
667
1036
789
861
709
822
895
961
1070
928
1278
995
608
619
911
720
687
1105
1216
1004
1128
1105
1198
1242
1168
1326
1494
1398
1443
1093
955
985
663
1139
995
950
1122
679
661
608
1056
1175
1064
1158
1137
1256
968
827
831
853
850
811
1011
957
1220
1380
1479
1530
1369
1478
1481
1510
1493
1307
949
1037
601
983
1047
632
814
609
661
693
739
635
873
836
578
731
772
819
1123
607
1172
1074
787
977
921
967
824
929
850
860
694
715
688
830
836
660
779
776
2923
3234
3123
2853
1000
1664
1732
1775
1766
1726
1483
1832
1535
2078
2127
2186
2153
1833
1604
1738
1581
1505
1521
1513
1576
1390
1526
1471
1399
1512
1404
1483
1397
1461
1502
1392
1460
1549
2136
1645
1702
893
787
772
835
900
798
789
684
772
799
801
1340
1366
1398
1502
1505
1403
1530
1536
1547
1669
1498
1523
1497
1392
1520
1462
1499
1439
1543
1471
1484
1491
1372
1406
1483
1531
1488
1364
1407
1500
1563
1806
1016
1194
1215
1270
1930
1243
891
688
730
679
791
827
781
768
763
729
767
795
683
840
1094
1148
1319
1444
1392
1502
1438
1472
1464
1498
1426
2237
2627
2760
2192
2053
2100
1891
689
751
943
943
929
808
917
891
936
901
932
830
807
794
793
880
714
566
747
864
787
795
721
719
760
826
686
777
864
793
723
821
758
842
1929
3150
1493
1313
1428
1351
1324
1405
1035
749
1332
673
548
1600
743
796
763
822
783
782
842
806
754
781
773
911
623
654
921
961
716
855
735
808
807
742
788
820
791
765
784
800
869
588
761
728
742
705
841
650
773
834
794
813
887
797
796
768
798
686
713
770
715
692
757
663
956
632
661
790
691
695
708
802
726
745
734
824
739
777
1468
1031
987
981
941
634
599
826
674
785
790
843
705
694
737
780
757
793
693
795
747
806
707
735
911
638
701
771
702
863
864
828
829
838
836
887
852
1102
674
1293
1557
1180
909
2317
1545
977
1218
1302
1462
1534
1505
1511
1122
682
1008
1201
1049
1137
1180
1218
1146
1029
852
952
884
1028
647
692
624
673
775
666
702
663
863
851
788
734
810
833
690
778
725
794
593
891
701
603
719
743
709
759
724
770
711
800
836
722
776
861
721
799
748
874
1062
1349
1460
1362
1444
1475
1405
1479
1384
1500
1519
1407
1549
1492
1493
1556
1386
1420
1531
1494
1507
1426
1477
1372
1384
1494
1463
1428
1524
716
627
827
693
837
783
1449
1519
1477
1541
1517
1493
1460
1379
1481
1563
1491
1555
1560
1525
1424
1388
1557
1510
1541
1491
1521
1402
1440
1484
1461
1018
573
750
734
731
783
702
777
680
756
788
695
707
696
777
764
768
846
807
708
525
772
517
1419
3157
3054
2929
1624
612
939
1176
1269
1109
1245
1072
1190
815
993
945
961
912
1030
1335
1317
951
1085
724
776
775
867
1062
1155
1376
1438
1533
1494
1397
1418
1151
659
797
641
745
891
663
586
719
667
765
791
685
736
810
813
808
816
700
826
740
766
797
739
1460
671
1264
945
908
723
955
900
990
995
702
863
677
934
1029
785
690
923
552
596
688
794
829
716
700
762
696
720
775
790
754
713
777
773
704
790
891
585
683
682
748
820
706
818
805
766
721
761
822
694
814
839
772
722
871
1436
1526
1400
1419
1409
1540
1583
1469
1500
1574
1374
1493
1427
1493
1472
1403
1427
1513
1492
1491
1472
1425
1439
1535
1345
1295
1292
1297
1342
1373
1272
1293
1297
1307
1303
1221
1213
1270
1265
1290
1350
1311
1307
1239
1334
1298
1352
1227
1322
1339
1303
1194
1210
1301
1306
1294
1268
1379
1223
1192
1326
1292
1270
1299
1326
1327
1355
1315
1274
1278
1181
1257
1318
1204
1206
1346
1355
1287
1334
1364
1205
1190
1330
1234
2309
2482
1508
1074
1348
1025
1639
1338
670
753
679
768
709
691
757
691
805
858
797
758
807
832
946
648
620
875
772
837
735
850
700
708
805
722
817
712
786
791
784
722
922
636
892
1194
1027
1058
1070
1037
1136
1053
1092
944
966
893
1333
1943
1704
1213
792
810
828
712
733
821
735
739
837
840
825
680
787
848
723
731
811
831
687
797
783
733
846
812
821
795
785
780
1246
1088
729
689
726
794
781
704
802
785
814
783
797
799
779
692
797
1154
3787
3728
3709
3613
1079
1880
1717
1767
1806
1795
1733
1668
3660
3701
3697
3737
3916
