1342
1441
2369
2554
2119
1459
1378
1244
1270
2143
3499
2800
3087
3513
3564
3605
3238
2762
2694
2533
2265
2035
1875
1577
1473
2835
3125
3043
2670
3609
3233
3033
2787
3043
3203
2801
2749
3067
2866
1605
1865
2487
3108
2846
3062
1473
1193
1480
1125
1762
1649
1050
1162
1657
2502
3058
3099
1860
1873
2613
2583
2435
2292
2508
2566
2756
2747
3405
2741
1313
1212
1159
3406
3421
2939
1878
1878
1532
2323
2128
2155
1647
1580
1330
1086
1395
1515
1359
1389
1365
1483
1380
1350
1714
1824
3079
2008
2124
4641
2511
3406
3544
3791
2457
2700
2285
2351
2688
1865
1708
978
1305
1220
1472
1387
1204
1479
1392
1388
1212
1870
3665
3495
2843
2869
3472
3265
3216
2831
2350
1384
1844
1840
1703
1435
1278
1417
1363
1280
2260
1282
1244
1426
1353
1545
1293
1321
2152
2583
2319
2300
1695
2279
1037
2584
2798
2867
2513
2476
1566
2023
1591
1547
1524
1504
1484
1348
1459
1262
1445
1535
1261
1275
1386
1402
1518
1378
1292
1445
1236
1491
1283
1410
1428
1222
1408
1269
1408
1203
1299
1444
1556
1036
1087
1284
1469
1216
1525
1307
1239
1362
1461
1275
1229
1308
1405
1466
1281
1412
1373
1357
1462
1293
5334
1485
3591
3442
1349
3284
3918
2985
3176
3346
3126
2794
3157
3408
3262
3291
2903
3054
3069
3063
2260
1965
1803
1888
1896
1815
1372
1293
1180
1655
1442
1613
3102
3223
2951
1317
1983
2830
2759
3478
2817
1206
1789
3071
2966
3067
2855
2487
3185
3306
2715
2823
2392
2300
2239
2051
1905
1646
1544
1507
1395
1463
1224
1597
1498
1465
1437
1400
1336
1316
1365
1203
1363
1383
1355
1240
1307
1202
1384
1455
1419
1395
1248
1327
1368
1373
1450
1235
1262
1390
1466
1491
1294
1483
1438
1772
1847
1242
1407
2786
3404
2202
1440
1509
3165
3284
2823
3082
2646
2919
1958
2417
2796
1859
2101
1993
1509
1478
1570
1415
1516
1398
1459
1236
1576
1501
1790
1245
1187
1268
1599
1488
1414
1024
1105
1220
1329
1757
1528
1235
2807
2997
2023
1164
3223
2809
2896
2565
1809
1357
1774
1369
1771
1292
1861
2281
1667
2129
1365
1442
1360
2064
1401
1493
1441
1793
1340
1298
1374
1270
1440
1419
1375
1425
1526
1476
1598
1774
2537
3309
2732
3446
3015
1244
2092
2893
2832
2472
1842
3810
2565
2197
2206
1914
2514
1609
1512
1246
1515
1439
1464
1255
1460
1404
1226
1480
1219
1380
1312
1448
1483
1401
1382
1436
1212
1654
2834
3470
2960
3423
2827
3216
3438
3141
2288
1957
1258
1548
1177
1189
1253
1865
2006
1111
1625
1341
1487
1555
1205
1378
1360
3016
3320
2929
3153
1392
1855
2370
2371
1946
2071
1602
1230
1403
1478
1320
1348
1552
1427
1443
1341
1612
1468
1319
1207
1233
1493
1388
1431
1247
1525
1191
1213
1397
1447
1503
1451
1403
1472
1416
1516
1315
1409
1241
1266
2168
1767
1707
1534
1446
1368
1488
1332
1387
1429
1347
1381
1445
1457
1253
1467
1456
1187
1482
1409
929
1408
1449
1348
1514
1343
1320
1367
1456
1305
1539
1124
1153
1497
1366
1326
1542
1440
1537
1336
1322
1437
1425
1397
1384
1354
1404
1435
1412
1225
1534
1207
2749
2866
4655
4213
3860
3394
3806
3177
1766
1204
1600
1261
1200
1303
1139
1139
1280
1346
2071
2648
2732
1772
1427
2880
3333
3208
2910
2169
2046
3202
2963
3332
2171
1258
2536
2759
1803
1772
2020
1313
1372
1430
1470
1202
1483
1404
1303
1506
1268
1409
1306
1331
1460
1583
1545
1499
1579
1512
1577
1520
1583
2955
3136
2861
2723
3830
4827
3326
2886
2999
1602
2854
2879
2484
2513
1719
1133
1332
1390
1500
1394
1256
1362
1512
1391
3963
4371
3663
3495
4972
3049
2801
2924
3029
3085
3097
3171
2411
3553
1602
1302
1275
1390
1253
1482
1253
1156
1347
1989
2789
2735
1107
2007
3200
3021
2739
2771
1722
1707
1775
2034
1521
1561
1522
1332
1259
1265
1262
1438
1392
1360
1258
1277
1352
1460
1264
2289
1651
1229
2149
1764
2011
2224
1450
2503
1994
2060
2129
1936
1638
1493
1685
1438
1241
1351
1376
1219
1529
1346
1474
1217
1347
1263
1399
1430
1031
1512
1537
1372
1422
1256
1439
1404
1825
2163
1375
1183
1401
1312
1514
1424
1538
1198
1384
1256
1161
1412
1366
1345
1172
1214
1396
1406
1322
1339
1940
1741
1378
1385
1420
1501
1526
1425
1588
1516
1082
1232
1306
1429
1422
1211
1184
1312
1437
1427
1376
1370
1724
2741
3305
2736
3064
2101
984
1418
1987
1240
1416
1215
1229
1296
1254
1125
1183
1239
1285
1407
1117
1173
1853
3015
2932
2448
2821
1653
1545
1067
1492
1561
1533
1206
1304
1341
1503
1800
1062
1297
1413
2208
3568
3702
1318
1029
1114
1969
1977
1933
1769
1585
1783
1534
1347
1265
1324
1254
1483
1378
1430
1489
1366
1484
1218
1106
1246
1459
1365
1303
1225
1348
1235
1222
1384
1256
1284
1397
1501
1405
1172
1181
1260
1383
1235
1218
1445
1745
1465
1144
1429
1487
1342
1245
1497
1201
1398
1246
1486
1402
2394
2739
1259
1650
1564
1378
1497
1715
1458
2117
1328
1462
1286
1534
1508
1363
1261
1884
1613
1900
1321
1695
1783
1372
1347
1184
2022
2322
1793
1997
2040
1407
1491
2070
1347
1159
1236
1644
1638
1252
1277
1264
1483
1361
1151
1159
1494
2022
2045
1692
1050
1307
1576
1379
1110
1177
1418
1540
1585
1281
1174
1412
1508
1425
1156
1386
1450
1442
1331
1376
1199
1269
1433
1288
1533
1334
1516
1237
1537
1496
1150
1253
1161
1890
1597
2085
2179
2134
1688
1482
1993
1631
1727
1415
1332
1438
1233
1232
1540
1324
3251
2713
3117
3301
5149
3242
3034
3165
2396
3198
2957
3275
3257
2811
3191
2966
2788
2710
3259
2934
2709
2157
1665
2097
1386
1382
1474
1314
1519
1449
1454
1453
1523
