1356
1363
1541
2005
1500
1454
1370
1851
2632
1277
2532
2296
2604
2404
2250
2469
2806
3727
3605
3512
3009
3047
2531
2420
2654
2269
1896
1491
2501
2012
1167
1517
1912
2866
2051
2201
2077
1295
1206
2421
2813
2986
3179
2334
1590
2344
3428
1923
1602
2376
2125
4081
5745
4917
3775
4148
3164
2850
2596
2713
2267
2431
2294
2484
3157
5151
3192
3444
3639
3262
3265
3575
2820
2747
3400
3540
3578
4639
3814
3594
2870
2773
2300
2496
2334
2583
2486
2339
2262
2421
2459
2420
2032
1692
1297
1520
1783
1474
1777
1849
1466
1527
1433
1272
1542
2081
2515
2571
2669
2414
2473
2441
1409
1951
1251
1509
1484
1295
1489
1243
1506
1318
1290
1322
2309
2982
2704
2773
2685
2430
2455
2470
2003
1341
1470
1273
1426
1708
1310
1362
1539
1561
1508
1476
1338
2532
3238
3168
2776
2943
3605
6033
5240
5565
4179
3460
3100
2597
2459
2483
2338
2373
2531
3269
1534
1438
1478
1428
1438
1192
1457
1236
1046
1417
1418
1423
1214
1457
1439
1547
1431
1504
1251
1566
2447
2375
2432
2660
2555
2123
1348
1844
1868
1138
2876
2009
1680
1777
1767
1739
2402
1123
1145
1552
1441
1621
1480
1694
1596
1336
1461
2078
1009
1442
1641
1232
1551
1448
1436
1317
1777
1307
1266
1505
1383
1411
1452
1412
1381
1269
1575
1450
1524
1656
1588
1432
1496
2016
2287
2662
2623
2356
2744
2696
2616
2550
1662
1528
3419
3746
3720
3244
3344
3327
3394
4182
3789
2610
3174
3352
2718
3317
2924
2722
2407
2619
2671
2782
2635
2103
1272
1699
1439
1554
1490
1440
1454
1528
1564
1182
1234
1273
1440
1423
1497
1515
1260
1417
1490
1684
2216
2263
1559
1594
1370
1271
1292
1170
1413
1283
1240
1501
1136
1060
3308
1165
1952
3256
3183
2586
1897
1790
3276
3495
3457
3137
2749
3216
3403
3399
3074
2906
3000
3045
2648
2393
3398
2761
2902
2746
3168
2564
2822
2780
2087
2232
1701
1559
1579
1309
1468
1404
1444
1459
1474
1380
1469
1652
1412
1132
1290
1482
1430
1318
1413
1433
1214
1292
1338
1437
1309
1420
1257
1449
1344
1431
1467
1451
1612
1276
1401
1434
1332
1550
1249
1348
1310
1265
1437
2094
1454
1515
1448
1311
1227
1299
1455
1388
1435
2319
3504
1099
1562
1694
1769
2779
4014
1908
2134
1911
1696
1928
1787
1465
1432
1200
1398
1183
1443
1517
1315
1484
1567
1269
1240
1453
1269
1115
1492
1405
1304
1366
1339
1488
1443
1388
1469
1370
1248
1286
1401
1249
1275
1423
1286
1424
1325
1419
1494
2066
1268
1242
1228
1500
1268
1461
1421
1436
1336
1552
1327
1294
1390
1409
1385
1390
1352
1508
1386
1511
1384
1274
1420
1721
1545
1452
2049
2494
2611
1294
2338
1760
1520
1400
1229
1369
1507
1556
3000
2812
2656
2004
1880
1611
920
1444
1564
1349
1457
1490
1446
1413
1510
1656
1334
1367
1456
1227
1291
1279
1333
1513
1427
1468
2129
1410
1358
1291
1537
1412
1469
1459
1254
1782
1369
1407
1278
1352
1483
1362
1359
1123
1227
1443
1500
1448
1369
1238
1330
2455
4032
3399
3192
3199
1797
3058
3266
3157
1980
2050
2421
2206
1275
1767
3418
3422
1928
2666
2724
2295
2010
2053
1946
1929
1489
1561
1500
1458
1492
1323
1220
1337
1500
1093
1318
1301
1493
1480
1428
1473
1405
1494
1485
1328
1215
1469
1225
1479
1253
1405
1537
1452
1412
1429
1226
1372
1405
1257
1425
1454
1361
1383
1312
1251
1309
1332
1414
1432
1412
1239
1410
1540
1337
1417
3186
3335
2765
3556
2862
3288
2868
3296
2707
2895
2918
3157
2868
2357
2273
1137
1287
1504
1607
2350
1513
1699
1357
3252
3023
2158
1504
2786
2204
1974
2323
1802
1744
1656
2139
1366
2633
3291
3511
2631
1049
2356
2649
3172
2547
2711
1531
1140
1372
1308
1282
1513
1488
1438
1553
1397
1458
1232
1281
1537
1736
1364
1579
1903
2145
1352
1282
1257
1722
1637
1358
1640
1568
1716
1483
1434
1431
1297
1497
1679
1327
1379
1322
1293
1374
1399
1814
1889
1294
1487
1534
1821
2124
2173
1797
1631
1054
1287
1272
1175
1528
1488
1970
2316
1261
1663
1806
1202
1290
1150
1358
1430
1743
1322
1113
1387
1585
1085
1299
1321
1346
1480
1256
1105
1482
1413
1516
1632
1797
1459
1233
1244
1213
1289
1414
1529
1386
1491
1634
1406
1082
1268
1276
1229
1549
1414
1283
1307
1339
1428
1291
1318
1433
1301
1227
1312
1237
1338
1586
1474
1463
1116
1529
2135
2259
1961
1955
1827
1525
1529
1173
1462
1401
1369
1353
1409
1403
1523
1244
1248
1260
1400
1260
1432
1515
1325
1299
1460
1352
1235
1280
1028
1231
1488
1235
1451
1430
1353
1359
1434
1329
1250
1091
1425
1292
1458
1239
1505
1412
1317
1275
1348
2008
1177
1265
1047
1171
1433
1431
1540
1289
1494
1495
1079
1420
1238
1465
1324
1391
1317
1361
1422
1279
1401
1474
1461
1255
1309
1541
1496
1350
1297
1510
1333
1095
1469
1394
1237
1486
1476
1412
1444
1505
1345
2154
3064
3075
3284
3061
2173
1190
1218
1332
1511
1353
1196
1291
1378
1294
1487
1177
1379
2730
1026
1998
1716
3307
3143
3155
2405
2075
1374
2176
1387
1505
1980
2049
1860
1286
1620
1316
1206
1261
1521
1360
1096
1149
1172
1502
1292
1535
1149
1308
1503
1407
1414
1446
1494
1385
1456
1318
1325
1128
1339
1219
1508
1243
1490
1384
1410
1221
1558
3235
2541
1503
1406
1436
1423
1308
1587
1248
3005
2620
2867
3067
2297
3000
2960
2328
2449
2200
1883
1684
1552
1525
1460
1590
1428
1489
1449
1451
1405
1401
1258
1241
1274
1448
1303
1483
1461
1279
2392
1676
1298
1353
1481
1456
1433
1244
1587
1496
1134
1372
1316
1412
1310
1438
1342
1694
1720
1389
1691
1548
2186
1403
1476
1796
1318
1337
1422
1409
1223
1221
1416
1224
1266
