150
134
122
122
136
119
121
142
135
142
121
147
142
145
129
127
129
138
136
135
133
130
131
132
141
136
130
135
130
145
135
244
265
148
135
150
146
143
151
146
146
147
136
141
151
147
133
123
130
135
148
147
163
144
143
154
146
141
163
141
144
125
134
142
139
130
135
130
138
146
138
153
144
131
147
135
145
145
147
122
123
142
143
132
128
141
145
137
144
124
142
145
152
144
153
152
131
126
142
142
150
147
144
152
145
143
141
157
143
149
143
142
140
125
145
144
147
145
137
157
134
140
146
147
156
146
153
146
141
130
146
146
134
141
146
144
144
158
138
141
139
138
133
135
148
132
144
188
208
160
156
150
141
132
140
139
147
151
145
145
140
131
150
142
142
152
144
151
143
159
149
156
148
150
148
145
130
137
152
138
159
141
141
149
135
147
152
150
149
148
148
154
141
142
134
147
148
152
159
146
129
145
154
160
145
156
149
137
142
149
134
138
149
148
135
158
151
145
148
141
136
144
149
139
146
150
149
134
144
155
138
151
132
200
184
160
152
169
159
141
137
145
146
162
156
139
155
147
153
147
154
150
152
137
135
159
138
149
153
130
130
156
152
150
159
144
157
145
141
145
146
144
154
147
148
145
145
141
145
135
151
149
144
153
129
142
148
151
130
151
142
150
131
151
153
150
147
151
147
156
137
152
138
146
132
146
152
138
149
148
149
133
150
154
142
157
149
157
143
142
190
164
158
139
149
168
137
163
145
165
160
143
140
148
144
142
137
147
143
129
158
146
153
152
151
148
149
146
144
133
134
160
139
136
130
135
139
140
148
136
150
146
148
135
149
160
167
147
148
158
129
130
157
131
153
153
161
152
135
138
151
128
161
149
150
151
146
151
157
146
150
153
144
142
142
134
133
131
151
145
148
148
163
157
262
141
169
137
150
147
138
138
155
170
161
140
140
145
150
148
130
148
138
152
141
157
145
152
148
134
148
151
155
146
147
146
144
156
138
138
145
138
136
143
137
161
157
133
142
132
149
139
132
139
131
155
147
133
138
148
147
131
152
143
145
150
131
149
146
151
148
152
149
149
147
147
155
148
152
143
142
151
136
147
137
147
141
154
154
141
145
179
169
132
144
140
140
145
133
139
147
132
146
139
153
151
160
137
145
143
142
145
144
154
150
148
144
133
136
134
154
146
152
133
151
150
153
153
147
142
135
144
151
131
137
145
130
149
148
141
144
133
142
146
154
149
134
143
128
147
155
151
135
148
158
167
154
144
135
135
147
152
158
158
140
131
150
152
149
141
144
136
144
129
140
138
137
145
134
237
140
139
148
155
163
150
154
155
151
151
135
170
148
146
154
156
160
143
150
162
130
137
131
131
147
147
153
166
135
141
152
158
145
149
153
144
140
151
143
154
136
158
156
142
152
137
133
149
138
148
133
143
143
134
134
155
160
138
165
143
149
144
151
140
138
160
148
137
151
153
138
134
154
145
151
158
159
155
156
140
141
140
151
164
135
156
196
194
145
134
139
141
156
149
139
150
149
141
153
136
149
146
135
135
144
145
148
150
154
136
150
137
147
159
163
152
166
155
151
142
148
139
135
157
130
129
159
153
141
146
146
141
143
146
134
153
163
158
160
151
149
148
158
149
152
147
145
150
156
144
143
137
162
147
155
159
152
133
133
129
154
148
150
134
154
149
160
158
139
156
152
145
151
222
156
144
143
159
131
140
157
150
141
164
141
158
172
187
154
210
160
149
150
155
165
155
155
208
152
173
163
168
138
199
221
257
228
171
175
151
182
157
138
141
141
180
151
235
157
194
226
167
150
186
231
157
154
155
143
153
161
142
137
139
164
145
154
143
160
158
152
158
139
140
161
141
156
135
159
148
160
158
146
142
128
128
122
141
125
141
124
135
134
138
130
142
147
140
142
140
141
150
142
138
132
128
135
136
149
126
133
126
133
123
140
141
142
146
135
150
155
151
143
141
287
166
168
164
158
233
157
160
143
133
143
138
141
139
132
142
150
143
143
153
148
125
146
138
135
131
125
138
125
144
130
133
125
119
122
139
123
118
124
130
142
141
137
145
131
129
140
130
137
142
126
119
137
141
141
137
132
125
145
134
128
120
138
143
124
137
130
141
136
132
129
136
135
139
127
125
146
146
144
145
143
141
143
144
142
130
137
141
126
145
127
127
146
136
140
164
168
289
160
150
136
154
146
143
172
151
156
153
126
139
128
132
124
139
144
135
147
124
140
143
137
127
135
118
126
120
