1079
1057
989
1116
1201
1201
1221
1374
1259
1188
1199
1219
1261
1154
1079
1101
1127
1241
1328
1322
1276
1287
1220
1300
1157
947
1146
1955
1899
2124
2294
2162
2671
1670
2505
1807
1365
1358
2247
1244
1926
1394
2026
1348
2086
1161
1888
1028
1895
1390
945
1013
703
1191
1101
652
739
859
620
1137
739
728
1231
703
1139
843
785
1122
702
1055
883
673
735
667
667
646
739
773
694
735
670
746
742
685
684
749
700
731
674
626
671
717
653
695
762
725
743
794
729
694
717
815
970
587
1047
648
1165
686
1154
714
914
1062
1237
758
1208
666
1231
662
987
693
1189
2280
1900
966
887
1182
1410
1319
1065
1878
2016
2054
2280
1304
568
678
574
1045
708
1414
962
1175
1652
865
928
1361
1294
1047
1112
657
917
1000
1100
1176
1039
1129
1064
1117
1081
1346
1085
2317
914
2415
2698
2860
2044
2595
2610
1104
1491
1460
1506
1729
1616
850
710
1055
1026
907
1162
939
1054
879
1074
1012
924
905
599
722
2466
887
1133
967
1164
1164
640
893
706
1040
837
1136
993
740
588
678
1045
1065
1213
1352
913
994
689
1008
988
1122
1168
964
840
1043
871
966
1059
592
738
655
553
629
755
663
672
835
1106
548
763
696
687
675
621
798
536
679
718
764
718
657
625
551
552
654
642
647
630
637
629
658
614
633
634
683
704
580
777
762
1096
923
853
889
733
689
684
658
718
866
631
820
776
626
823
537
932
1324
1329
1470
1273
1072
1292
1366
1384
1321
1270
1321
1366
1301
1350
1412
1340
1417
1337
1348
1244
1338
1295
1460
2052
1138
1128
713
695
754
715
689
772
747
648
793
687
743
741
975
664
1076
684
808
789
1384
1735
1653
1628
1573
1363
1688
1484
1831
925
1524
1779
1829
1820
1729
1756
1662
1538
668
662
1324
1756
1662
1687
1468
1695
1817
2021
2837
3183
3333
3040
1625
597
900
1076
896
1061
1081
1067
1215
1191
875
925
899
914
979
896
1613
1723
1537
1490
1801
1783
1578
1663
1872
1770
1716
1455
1504
1838
1755
1877
1650
1456
1821
1680
1458
1673
1698
2142
2889
3125
2877
2979
2418
1872
2255
2146
2168
2037
1779
1840
1740
1520
1233
1231
1328
1415
1256
1338
1360
1332
599
665
745
766
781
647
790
765
725
718
916
549
559
725
765
820
810
760
1776
2272
1227
2101
835
1015
980
1263
877
1349
1029
3065
1535
1118
849
950
639
1012
1165
929
653
893
1158
1726
981
1152
988
724
661
804
856
1084
1364
1526
2802
3161
2990
2523
1121
1456
716
1098
1330
1356
1251
1338
1249
1388
1406
1888
2138
1522
1758
1746
1574
1841
1494
1781
1291
997
1503
1632
820
1551
1748
1713
1810
1996
1509
1740
1767
1803
1792
1847
1720
2726
2703
1914
1471
1656
1652
1812
1942
2439
1590
1743
1719
1583
1627
3103
2885
2439
706
920
1137
923
1171
1045
996
844
1135
1157
722
611
1021
952
648
671
916
1283
833
1136
997
1137
926
1638
1109
1127
675
993
693
837
1429
1069
1027
904
642
1005
1287
2852
2861
943
1169
1040
1176
1901
1001
1146
1248
1569
1165
1113
1377
2225
1215
937
822
1160
1161
1052
1124
1165
748
578
1249
1483
916
1051
630
1027
865
571
970
830
745
785
859
854
1012
714
883
1425
1080
1114
959
1109
1564
1156
1062
1046
616
953
957
734
950
969
1152
705
616
649
671
762
860
663
929
1141
1077
1140
1121
1185
1073
864
661
755
690
658
760
746
806
720
734
698
741
742
678
641
596
716
792
595
1081
1088
1197
789
594
996
685
712
1561
2492
3020
2041
2202
712
774
1099
1131
854
569
704
875
1091
650
956
1187
1305
1208
1329
1227
1315
1359
1300
1384
1337
1269
1318
1253
1012
998
634
1133
1034
1127
1053
1117
1015
1101
1003
1417
2792
1115
1081
1157
767
867
566
789
797
675
910
863
671
809
948
1030
1031
1127
1298
1269
1208
773
1005
1083
998
1008
930
1242
1052
1069
1100
1050
1112
1190
877
701
739
630
856
933
1023
1184
1207
1100
663
651
710
1167
1038
1000
1143
624
1019
697
567
883
1054
970
1295
1419
1339
1456
1575
1159
1469
1191
1123
1457
1069
1079
1033
1194
1078
1059
908
667
1095
1776
859
1139
1132
1049
848
636
642
645
991
714
1365
1322
755
1057
735
712
764
717
805
641
655
629
794
714
668
637
749
702
588
603
683
691
634
666
822
695
742
590
684
639
1004
1001
1012
720
722
1166
1396
1415
1273
1147
1449
1515
1362
1112
1217
2281
1166
1413
1660
1720
1259
1251
1103
1184
1169
1215
977
1096
1033
1133
1042
1117
1048
1090
1005
941
1070
625
807
737
540
572
659
626
727
647
910
683
920
1120
1165
1220
1263
1298
1193
1159
1227
552
554
739
568
854
690
973
703
563
701
608
755
797
772
640
651
774
628
709
750
801
739
767
696
699
795
657
1220
632
789
844
1052
873
1051
937
965
941
836
878
941
773
892
959
850
878
787
771
781
821
731
786
846
817
834
759
773
706
758
773
1031
994
1075
1241
1212
1261
1328
1290
1267
1208
1181
1356
1229
1068
1037
886
1079
745
1067
825
992
800
623
714
720
752
659
774
645
780
768
790
823
747
769
670
884
1051
645
737
667
1526
1875
1263
1711
631
1729
1385
1298
701
1065
1254
1405
1765
1601
1407
1526
548
1287
637
