114
114
101
121
109
121
113
111
102
118
111
106
111
101
120
102
102
127
117
119
105
110
119
110
130
105
109
115
109
110
107
123
112
113
113
97
120
109
116
112
110
110
111
108
111
119
131
122
109
110
116
105
123
107
102
113
99
106
109
99
118
109
116
117
115
108
116
114
110
113
112
103
104
103
113
103
113
118
111
113
116
115
105
100
120
106
113
124
111
103
115
119
113
116
120
109
111
109
121
105
115
114
116
116
125
107
117
112
126
122
125
110
120
104
106
115
104
117
123
111
123
117
120
105
118
116
116
111
118
102
105
110
115
111
103
115
119
112
119
116
109
118
111
120
109
117
123
109
125
126
123
123
121
107
123
115
128
120
109
110
126
130
133
120
118
107
117
113
113
130
121
111
126
121
113
125
183
138
119
147
119
107
117
113
127
124
124
120
119
120
123
122
110
134
128
124
127
108
128
118
132
116
107
112
115
133
115
112
120
111
115
106
116
113
113
132
108
111
122
121
113
109
120
116
125
125
107
116
127
122
109
115
119
118
123
108
124
125
119
116
124
124
124
121
121
121
120
118
116
122
107
121
112
124
124
122
113
131
132
126
112
116
128
126
126
112
110
115
110
114
110
126
133
119
121
128
119
121
119
133
160
125
119
118
119
127
130
132
127
120
109
130
110
119
121
122
120
124
112
126
122
128
131
115
120
119
118
117
112
120
107
121
123
121
108
122
131
110
115
118
118
119
123
126
123
121
117
122
123
123
119
120
122
120
127
116
120
116
108
125
126
121
123
123
125
126
115
111
128
152
172
131
140
133
139
122
120
144
125
116
118
110
115
119
117
126
134
118
114
120
120
114
120
111
124
121
109
131
111
109
117
114
123
114
144
240
223
231
224
227
219
234
231
141
124
123
127
122
117
122
121
122
126
130
129
121
115
110
120
123
113
122
126
120
131
123
118
123
133
121
126
129
114
130
114
121
114
115
110
109
120
120
122
187
120
132
117
125
123
124
127
131
137
124
125
122
129
130
131
113
133
131
127
130
128
129
132
131
109
121
128
119
127
119
106
115
126
121
126
119
111
124
113
110
110
117
125
121
104
168
221
122
121
128
118
125
137
124
133
134
127
118
132
105
132
120
107
129
131
115
123
129
123
135
129
124
108
127
130
118
123
108
108
121
123
132
125
113
118
115
126
121
123
114
126
114
111
123
111
119
124
120
126
114
126
123
110
122
125
109
113
121
109
121
119
119
123
122
123
119
110
109
119
120
128
122
120
114
114
119
110
121
113
116
113
125
113
112
116
108
120
125
124
128
121
129
120
124
110
128
109
158
142
128
125
127
106
128
131
108
122
119
113
133
111
120
131
124
126
111
119
118
128
127
131
119
124
115
122
120
121
127
124
118
130
112
127
120
136
129
118
125
121
118
127
123
115
120
124
135
118
131
126
124
123
112
122
116
132
132
132
141
114
121
139
128
117
114
125
138
128
121
122
129
135
115
129
127
128
116
122
128
123
113
126
118
121
128
140
115
127
111
120
116
126
139
113
127
124
129
122
130
148
126
107
121
124
124
126
113
115
110
123
122
132
127
109
118
117
123
119
118
118
110
124
110
108
127
122
114
126
119
125
117
122
125
131
115
128
131
125
119
116
119
119
122
117
134
124
129
114
123
124
113
132
127
116
126
124
123
122
120
125
107
119
130
121
123
126
112
123
121
123
132
125
129
111
120
128
127
118
117
113
109
119
122
130
121
118
119
111
120
123
111
119
121
125
126
110
118
128
121
110
111
123
121
129
132
128
123
126
113
116
140
116
122
118
126
125
129
120
122
124
115
126
120
119
125
126
128
123
113
118
128
116
125
111
107
115
126
126
114
114
123
117
114
126
117
114
122
119
113
118
113
123
114
124
122
108
125
118
134
124
132
129
121
130
121
114
119
115
124
120
120
118
117
113
121
128
123
114
111
111
110
131
106
122
126
132
124
127
114
114
126
119
115
106
111
123
119
127
120
113
114
123
123
114
110
133
114
120
128
128
135
136
121
127
126
128
131
128
127
121
126
118
126
129
124
119
112
126
120
116
112
120
126
124
120
119
126
119
128
118
119
123
113
116
111
134
130
114
133
127
134
127
121
116
117
132
118
114
135
125
110
130
124
128
123
123
130
132
121
115
130
130
135
127
121
117
117
113
122
114
129
114
109
117
120
125
121
116
117
118
125
125
132
121
130
134
122
127
125
122
125
126
132
127
127
212
227
134
115
134
138
132
124
114
112
150
139
