204
194
188
175
196
195
197
208
197
198
208
183
205
188
184
198
176
195
181
175
211
211
178
182
186
183
202
193
283
223
192
202
218
214
213
212
207
226
179
212
218
200
220
214
286
196
196
210
191
184
213
206
195
201
187
202
198
200
208
171
206
192
196
188
179
187
192
188
170
192
176
190
169
188
185
186
194
170
187
171
190
189
191
200
205
198
191
176
202
193
170
203
191
203
176
208
201
196
214
215
197
189
201
202
194
182
185
210
216
207
201
209
318
228
235
214
227
230
240
232
213
177
204
188
211
202
184
197
202
200
199
200
200
184
205
212
202
209
203
225
217
220
209
215
192
213
210
206
195
199
205
195
193
215
211
209
216
207
190
206
184
204
200
186
182
185
204
206
211
203
181
192
199
211
212
198
212
292
212
236
222
203
221
219
204
180
184
188
209
212
196
195
198
199
167
186
189
199
201
202
173
195
190
217
192
201
168
179
179
184
198
173
195
188
189
176
172
194
201
205
182
196
190
209
203
192
217
185
199
192
182
198
211
206
201
181
192
208
181
205
179
192
174
209
193
327
221
202
196
213
204
209
194
200
213
192
222
213
200
187
203
194
193
177
193
197
218
197
220
195
214
205
209
205
205
216
186
202
200
178
207
221
200
207
209
202
181
222
212
200
222
207
208
200
183
201
201
197
201
204
204
218
220
194
185
186
227
222
300
237
182
202
227
208
208
208
200
206
205
195
198
225
203
230
209
196
206
212
183
219
216
216
202
191
212
190
200
188
209
197
212
192
226
209
182
183
226
209
212
212
211
220
200
212
218
198
206
201
198
185
197
197
199
217
196
186
191
210
209
183
222
304
202
217
226
245
196
215
207
226
218
200
202
218
220
206
219
207
182
220
201
201
207
218
192
208
201
205
206
197
185
182
202
207
201
204
210
218
191
208
214
199
202
183
192
216
202
203
205
215
203
223
207
218
216
199
202
211
204
190
202
202
211
210
213
187
239
205
224
206
219
205
225
221
221
208
209
203
199
189
186
221
223
227
222
188
215
208
190
206
220
214
236
234
209
207
193
214
217
223
206
214
225
204
236
218
218
223
211
217
198
196
190
211
202
211
208
191
211
201
231
192
191
226
199
220
190
193
211
220
199
218
201
195
213
217
212
227
187
187
222
199
206
220
214
183
224
215
209
203
217
203
215
212
212
217
217
192
214
193
218
214
181
227
193
227
225
209
194
207
224
192
230
203
223
209
186
228
231
223
229
216
196
181
213
216
202
188
188
204
206
220
371
440
258
249
229
206
218
354
213
324
225
224
263
356
270
268
230
218
249
235
252
287
251
266
257
408
240
235
310
353
338
277
202
220
213
235
207
217
216
220
207
189
189
195
183
184
192
190
187
207
305
301
213
190
189
201
192
197
192
204
188
168
175
187
183
196
194
207
196
189
183
195
206
204
196
176
177
193
239
242
284
233
224
223
224
226
172
176
172
195
183
201
206
207
193
200
197
199
195
191
190
204
218
237
231
218
261
221
234
202
208
198
206
207
198
207
206
186
193
230
182
172
169
183
186
195
211
207
178
196
195
179
193
172
209
178
202
183
200
213
187
348
436
425
450
398
347
220
172
200
193
179
189
176
191
197
190
224
195
190
195
196
205
197
182
188
198
175
186
197
216
193
209
196
182
206
200
211
222
195
240
219
194
184
187
199
212
201
217
189
185
206
191
198
215
209
194
218
207
195
216
193
754
227
222
220
215
183
214
213
210
222
219
205
192
203
198
204
205
222
209
184
222
205
207
213
184
202
208
193
228
212
216
210
199
228
208
194
210
204
183
196
207
214
204
221
190
214
217
202
223
213
191
219
214
236
197
208
196
200
233
213
188
242
225
225
209
229
196
246
231
216
212
232
228
207
225
202
200
210
223
196
225
219
206
204
219
220
231
228
236
210
194
226
181
206
222
215
209
190
205
201
220
221
229
204
227
220
203
207
205
189
215
200
196
212
225
224
209
223
275
206
211
218
218
230
211
234
198
211
216
212
224
221
207
219
189
217
219
193
199
232
190
220
200
213
190
186
222
204
223
228
234
218
212
191
204
208
213
219
208
191
214
227
216
199
187
206
208
211
212
212
219
220
225
196
199
212
201
209
195
194
216
201
214
207
179
216
217
211
189
223
212
218
186
211
199
198
208
192
216
203
194
343
233
202
231
202
227
205
215
197
218
220
200
212
225
207
217
214
206
213
192
208
218
205
208
201
214
209
211
216
205
222
203
185
196
197
