177
185
185
180
159
166
176
160
163
161
166
176
159
178
189
174
159
156
143
147
148
152
138
153
162
163
149
158
151
150
137
144
151
148
159
152
137
137
151
156
155
156
163
137
140
140
156
152
159
159
166
145
158
154
162
166
156
171
155
156
161
155
146
147
157
159
163
144
147
214
361
210
164
165
160
169
163
148
162
166
181
140
143
166
155
141
163
156
167
150
151
154
149
144
146
152
140
150
151
151
148
159
145
155
158
141
154
151
158
157
150
149
149
160
135
147
157
148
149
159
144
169
158
162
147
157
161
142
147
156
168
164
167
161
155
142
163
159
162
158
162
139
149
154
169
164
162
175
164
154
153
152
199
283
152
158
170
166
191
163
161
141
158
164
150
169
161
144
169
149
170
156
147
143
159
150
163
172
164
167
149
169
146
150
147
163
144
165
149
175
158
172
146
155
168
179
165
144
163
170
148
171
165
164
172
152
170
170
153
165
164
167
165
158
152
145
168
172
145
163
172
165
178
169
149
174
166
151
164
167
293
301
308
169
177
179
169
172
162
147
165
176
147
168
161
171
148
167
154
156
153
155
176
154
163
147
158
152
179
167
163
174
172
149
155
162
173
166
165
146
173
150
169
162
159
170
162
169
158
152
166
159
147
170
170
168
164
160
183
151
173
166
168
164
162
154
163
151
149
167
173
174
152
154
164
162
167
172
176
184
189
168
174
179
167
165
159
148
180
174
215
186
157
172
172
170
160
170
183
151
164
181
168
171
156
150
160
150
169
180
161
164
167
180
179
168
170
171
167
166
163
154
155
172
148
155
172
177
168
165
160
163
179
172
161
172
172
182
176
155
167
162
164
161
167
166
171
165
157
174
152
153
173
174
172
158
181
151
166
159
176
149
163
162
174
175
159
173
168
166
173
149
183
178
166
176
168
168
172
165
173
170
170
151
152
163
158
176
177
151
178
153
171
168
169
173
151
170
159
160
181
169
172
177
149
175
171
160
177
164
165
165
170
162
180
158
152
168
166
183
174
169
161
173
171
153
165
180
168
166
156
169
164
150
169
175
169
181
175
173
168
189
199
182
154
181
169
152
163
158
170
154
146
181
151
189
174
171
174
163
165
160
146
156
169
148
164
181
145
176
176
185
172
181
153
175
165
150
175
175
164
166
173
164
149
160
152
180
174
163
172
164
147
155
171
159
177
174
155
189
161
176
174
172
186
171
174
156
163
153
166
183
147
148
177
172
167
176
172
165
150
218
173
173
178
168
177
164
174
171
163
173
190
159
164
181
171
155
154
169
170
149
145
161
167
167
165
149
154
174
165
169
170
163
178
163
169
165
153
150
165
146
184
178
173
163
161
175
159
180
171
168
184
172
181
155
165
155
173
168
170
170
152
178
167
175
190
173
172
165
174
166
166
173
154
174
177
167
228
179
167
171
172
177
167
161
171
154
155
152
159
170
171
169
160
149
170
156
150
148
155
169
176
162
151
179
160
158
154
149
169
152
165
167
180
173
159
174
157
153
170
169
156
171
178
178
166
162
168
162
161
153
175
159
171
185
167
154
183
165
161
175
157
174
173
180
170
156
167
160
170
154
179
168
176
151
151
317
318
322
299
306
319
282
150
173
161
148
175
162
155
172
177
178
174
185
170
152
179
159
167
167
179
172
167
184
158
174
157
149
174
178
158
155
167
160
173
172
181
173
179
178
156
180
149
175
180
176
169
150
175
189
150
173
172
160
155
177
163
160
171
183
177
167
181
165
170
154
170
160
267
260
164
165
172
183
168
157
151
163
171
174
165
164
158
180
173
163
165
163
176
150
182
170
178
166
175
173
166
149
158
149
175
156
156
177
160
165
151
160
178
163
164
163
163
168
160
180
169
172
158
151
165
176
155
173
165
149
181
164
177
172
149
169
168
169
172
170
168
185
168
158
163
166
156
231
385
185
175
183
157
191
344
298
330
238
181
285
298
267
355
232
235
173
367
250
216
279
167
180
160
216
172
218
168
179
173
173
188
207
209
219
219
176
163
172
190
162
173
187
155
171
172
165
158
164
173
157
168
168
174
170
176
151
139
154
151
152
176
156
161
158
139
152
154
150
151
144
141
137
160
161
156
165
157
140
160
170
143
142
160
173
139
148
153
162
160
151
159
198
194
166
207
288
397
337
312
284
307
301
315
282
285
278
294
305
283
302
283
309
298
306
281
288
281
274
313
297
282
282
181
152
158
161
151
164
171
153
163
175
148
155
177
149
170
169
178
166
158
168
