755
1814
1307
1297
1463
1376
1262
1171
1165
1038
1365
794
1417
1424
1226
1145
693
804
905
836
752
915
911
904
1040
2917
2457
2755
1817
2064
3017
1898
866
945
810
916
992
967
892
884
872
813
826
909
1441
988
870
831
1149
1416
857
948
886
798
916
833
912
930
993
916
885
810
948
755
1018
841
936
888
840
925
842
861
1108
1553
944
929
788
787
926
991
1025
826
870
962
926
920
993
977
1464
912
923
755
751
859
792
887
759
806
767
805
976
862
878
761
1963
1178
830
879
1063
1033
955
829
763
754
790
735
693
765
848
904
884
929
793
883
808
892
776
784
970
813
655
709
824
862
895
893
900
870
824
923
917
756
815
905
923
852
755
652
892
935
777
891
899
907
917
838
963
845
898
756
807
936
793
721
764
999
954
928
814
877
780
951
904
893
933
934
805
872
702
792
880
880
866
928
803
897
896
888
938
918
835
839
873
892
947
786
857
765
809
887
813
968
943
893
914
909
761
985
926
906
865
772
876
941
618
786
732
742
798
767
883
801
933
916
868
809
873
814
902
911
937
717
689
700
883
771
733
811
788
752
773
836
863
888
884
898
768
962
791
773
816
844
839
875
898
869
796
857
765
921
862
801
856
805
2007
3293
2449
1958
1910
1971
2169
2122
1830
2001
1756
2012
2200
2535
3701
2046
2133
1918
1771
2324
1164
1039
1017
861
871
916
925
891
824
878
883
929
772
1659
1087
956
1109
848
853
793
865
772
838
940
635
955
776
553
1072
1254
1110
1690
1516
1446
1535
873
1222
1541
1783
1815
1768
1599
1008
932
1104
798
718
990
1105
1056
1145
1062
934
1095
938
1096
1108
1050
987
974
690
705
1097
1276
1353
1295
1365
1309
1190
973
1041
1152
2045
1820
3261
3116
3554
2736
1904
2065
1901
1712
2029
1775
1775
2012
1380
1686
1609
1764
1686
1529
1143
1178
1350
1003
1004
901
958
896
1015
832
803
858
790
883
837
936
936
775
983
717
952
863
837
882
877
806
886
820
794
804
799
864
1524
1979
1805
2016
2002
1969
2138
1881
2048
1521
1951
2000
2007
1922
1904
2048
1239
1982
1866
1777
1746
1697
1622
1764
3769
2964
1781
1997
2059
2149
1899
2040
1410
1158
652
798
689
844
742
1865
1865
1621
1831
1696
2487
1219
858
670
692
978
782
772
782
843
880
992
1470
1698
2029
1272
645
594
909
1113
971
1027
862
993
982
888
867
910
871
881
1024
726
628
907
944
930
870
937
833
826
814
869
850
889
757
798
805
844
1417
831
1329
1873
2305
1948
1921
2084
1406
735
860
642
760
1545
857
1585
1585
1518
1566
1358
1304
1389
922
953
1163
1048
1057
924
867
851
880
913
818
818
874
953
774
921
860
869
855
877
766
836
969
902
896
870
845
765
792
903
824
721
825
871
887
750
901
783
903
825
920
844
876
897
835
815
806
626
883
887
838
853
807
835
869
911
919
967
827
887
755
833
935
630
658
775
918
885
797
809
768
881
911
880
756
885
890
771
869
950
682
989
975
963
883
807
894
834
862
780
942
901
903
805
947
910
760
678
890
871
824
818
770
889
898
916
887
869
914
875
915
928
957
884
821
907
705
670
818
1140
826
758
894
634
732
882
1064
2265
791
917
718
980
1388
1408
1704
1018
628
780
996
930
867
1004
1004
845
847
921
812
859
872
867
1162
1327
2066
2232
2021
1851
2024
2143
1008
705
1037
1884
2060
2029
1979
2005
2033
2331
1750
1415
1952
2060
1914
1873
1743
2194
1039
1051
1133
1111
1057
1052
1207
971
942
918
932
798
1088
1408
1595
1490
1402
1473
1377
2512
2888
656
683
728
772
844
890
661
901
789
888
916
770
774
889
762
871
998
1098
776
1527
1778
881
772
780
844
866
876
852
873
1167
1001
984
879
1334
1124
1368
1087
1157
1183
1322
1429
1060
882
1021
746
742
747
876
800
816
549
872
884
884
888
832
868
883
869
800
764
756
801
912
863
906
788
921
826
773
895
846
802
961
763
789
1167
885
1321
2076
2055
1776
2073
1778
1714
824
878
1716
1369
880
851
1085
774
853
679
939
1018
1017
768
848
874
904
959
943
766
864
942
796
1068
697
666
1664
2015
1738
1986
1798
1763
1889
864
654
1969
1947
1204
1268
1965
2010
1084
2102
1107
1083
781
1636
756
1005
1245
1027
1223
1264
1120
1254
945
978
1473
1405
1346
1502
1227
1139
1188
1020
1060
884
964
1363
1314
2560
849
931
960
994
1063
876
968
1028
870
927
649
848
895
831
882
936
961
883
942
864
870
783
791
958
896
1257
1421
897
978
874
995
829
950
924
764
769
949
759
960
913
740
797
853
915
853
871
756
872
836
866
847
797
873
868
887
885
962
627
766
866
857
788
854
814
896
898
867
899
910
785
784
850
799
898
645
909
971
877
858
776
831
921
883
817
902
906
923
783
897
786
768
803
870
914
867
878
861
900
864
910
774
807
945
867
748
1046
694
691
695
733
933
835
899
765
797
774
827
973
937
905
811
768
925
869
780
