512
540
479
573
570
585
980
915
984
550
474
596
529
510
576
573
500
539
508
586
530
495
560
529
527
486
531
515
574
487
539
385
499
549
473
549
596
553
551
550
571
570
471
573
529
524
539
513
487
518
538
561
582
559
546
516
479
431
358
515
546
533
488
534
520
488
572
524
538
531
501
472
519
464
520
522
479
547
563
510
580
590
445
403
431
448
565
484
538
565
534
540
557
525
533
523
592
467
542
534
552
461
485
492
532
524
472
558
580
521
474
545
537
523
500
527
489
545
597
523
527
472
520
547
507
540
517
483
497
568
528
585
559
531
475
484
531
368
391
554
499
471
534
484
503
540
436
341
409
492
559
586
577
547
587
531
542
542
488
498
474
481
764
854
814
673
503
476
531
528
520
553
542
590
555
529
497
475
547
520
474
559
558
567
499
472
624
784
523
472
512
594
464
536
532
605
610
468
480
537
564
544
554
469
545
554
585
529
563
542
505
1085
1656
1736
582
580
590
665
606
556
666
654
687
903
725
572
659
1347
1315
1340
1202
548
466
1103
1180
1502
958
778
515
438
1024
758
1315
1127
1188
1099
1279
1275
1076
941
1316
643
1224
1661
2127
2068
1651
1023
901
914
877
907
648
866
1055
1132
1150
1027
1120
944
931
937
1020
949
972
466
818
763
839
656
723
713
776
390
562
527
555
478
510
527
515
505
474
539
526
540
477
551
479
526
545
546
462
541
495
481
554
544
543
476
580
533
546
528
452
388
539
578
480
1077
1234
1032
1170
1283
1213
1142
1161
1222
1070
1131
858
934
966
952
955
841
575
394
421
558
564
418
561
520
528
524
380
495
531
571
467
518
549
560
557
590
569
473
484
439
567
531
623
432
422
477
499
536
473
394
354
391
529
391
456
438
546
572
568
478
529
478
497
487
467
472
550
470
436
528
537
473
367
578
553
558
532
594
484
389
504
487
553
542
543
533
548
549
569
562
543
522
531
470
447
444
552
577
576
570
532
548
502
535
468
505
569
521
430
405
351
522
572
495
580
565
539
490
556
552
479
482
365
480
1295
1322
1250
1190
1309
1307
1339
1137
1400
1319
1472
1134
1268
1182
1235
1074
1264
1067
1277
1148
1160
1046
1233
910
492
870
1851
824
799
835
802
767
708
908
871
797
762
612
468
573
591
457
471
601
586
413
534
480
576
498
517
552
487
593
636
476
447
882
1302
1343
1239
1112
1158
1076
1311
1364
1243
932
1298
1983
1297
1279
1246
1197
1154
1114
1238
1145
668
1459
1138
1208
1226
1308
1143
1236
1260
1257
1215
1162
1107
1349
1297
1209
1216
1197
1117
1148
1275
1184
1113
1261
1331
1352
1224
1108
1100
1075
1144
1266
1228
1338
1078
1319
569
1011
1060
669
1076
1214
1287
1323
1231
1152
1200
1145
1255
898
1136
1162
1135
1182
871
925
946
944
911
829
686
712
872
774
592
631
678
682
608
636
672
815
842
527
506
485
508
568
481
483
498
562
523
563
492
593
385
443
518
498
502
565
537
577
502
501
472
561
504
518
533
576
473
556
523
563
551
484
505
551
468
604
357
468
462
389
424
539
507
575
540
474
537
545
484
530
491
539
536
468
538
567
532
573
564
536
584
551
502
449
494
447
545
465
563
560
589
535
464
503
545
521
575
617
515
530
484
543
550
507
493
488
554
647
1000
1088
1205
1219
1061
1200
1091
1265
1090
1081
1280
1087
1498
2085
1965
1681
979
1438
1585
1702
1654
1565
1844
594
1542
961
804
1252
1302
1238
1125
1329
1178
1081
1268
1282
1244
1095
1182
1343
418
499
568
852
621
987
925
1004
949
1002
971
781
811
864
755
923
441
493
669
437
514
530
717
518
557
547
750
397
668
699
820
709
455
738
494
414
423
487
570
513
536
580
510
397
580
568
466
480
499
531
529
540
511
471
544
511
548
546
537
545
526
526
543
512
567
530
478
620
557
573
555
551
545
516
587
564
559
596
547
504
580
542
493
553
574
494
562
547
522
563
472
501
614
605
501
564
539
560
531
613
516
609
580
563
561
546
555
551
563
541
588
600
509
544
472
547
554
605
893
1011
881
476
563
552
527
557
525
524
517
594
520
581
536
471
535
559
551
483
527
530
898
968
885
534
553
476
487
538
532
546
582
531
468
486
552
562
578
523
555
537
559
543
576
474
980
1030
724
551
469
532
479
553
478
542
533
554
531
533
555
560
534
514
587
553
525
512
522
575
519
368
401
469
478
492
530
534
488
548
552
490
536
477
557
525
490
544
512
515
504
536
478
502
587
570
605
520
616
555
584
514
484
714
485
439
409
480
528
536
547
526
531
489
544
535
544
560
566
533
499
499
648
564
592
550
477
509
576
561
481
540
491
578
480
557
569
494
518
610
543
470
488
555
505
551
577
588
677
738
1008
618
658
724
707
562
