123
133
128
128
115
134
120
111
109
112
118
130
113
121
127
130
112
120
113
127
108
126
111
120
122
121
112
126
116
120
120
126
106
125
109
130
116
122
117
106
117
114
122
124
123
108
110
111
129
128
113
115
110
93
113
106
96
104
113
101
109
105
104
101
107
97
98
92
94
95
108
113
97
104
97
106
101
105
143
140
140
124
131
93
106
101
99
109
121
110
96
110
106
105
105
108
101
97
101
103
94
110
97
107
99
108
94
109
106
108
108
109
107
97
120
122
109
105
106
106
105
104
108
114
99
110
99
111
100
97
108
104
111
114
100
108
101
108
105
96
108
114
118
108
109
109
117
111
104
109
115
110
101
110
107
111
109
107
115
109
101
112
110
102
98
105
108
106
114
110
105
114
101
98
113
113
116
112
112
116
112
102
100
110
104
104
104
102
121
114
111
115
115
140
136
113
113
113
116
105
106
117
115
118
105
120
111
104
105
119
120
100
124
101
116
114
115
118
118
114
114
114
110
118
115
108
111
109
113
110
101
102
110
100
101
105
117
113
108
113
121
111
101
117
108
108
118
105
116
117
120
112
105
103
120
107
115
107
119
115
115
114
113
105
111
107
120
119
109
120
111
112
105
112
116
118
106
110
111
119
111
101
106
102
114
120
116
101
99
123
103
111
108
98
121
104
119
107
104
119
122
117
105
175
183
118
104
105
112
100
118
113
109
110
99
117
125
104
110
116
113
119
108
111
105
103
111
113
122
114
119
116
117
106
107
109
116
115
106
106
113
105
121
113
114
107
112
114
112
103
113
108
123
104
113
110
100
109
108
102
106
101
100
109
116
115
115
111
123
118
112
123
117
104
113
117
121
114
106
102
113
105
114
114
100
116
106
112
113
107
120
114
113
107
107
111
115
110
107
110
103
111
111
107
110
114
112
121
112
109
101
101
119
153
122
120
110
112
102
115
112
103
113
102
114
113
114
116
119
117
116
118
112
105
123
119
118
116
118
117
124
102
109
111
113
102
102
109
119
107
112
116
104
110
111
98
117
118
114
110
103
107
105
107
118
120
109
105
113
110
111
114
110
113
110
105
116
114
117
105
118
117
111
106
123
111
113
120
108
118
101
110
116
114
115
111
114
112
103
109
103
112
105
112
106
119
107
112
110
110
113
111
114
110
114
105
106
115
111
137
113
121
99
110
113
116
142
133
115
111
120
116
110
114
117
117
111
119
111
109
107
107
115
113
109
112
112
108
114
102
116
113
117
109
107
117
125
118
110
118
112
114
116
112
114
110
113
102
116
105
112
109
110
109
114
107
113
111
118
107
114
112
109
111
107
118
117
111
109
113
109
109
114
112
112
114
122
118
106
105
118
105
113
115
114
115
116
113
122
118
118
112
108
113
120
113
110
114
103
112
113
104
122
113
112
118
115
124
117
111
123
113
113
114
102
150
205
194
111
99
116
114
110
121
119
113
111
122
108
117
105
116
107
108
112
103
114
114
110
111
106
123
113
109
105
113
126
104
106
107
111
115
106
111
119
107
111
118
122
112
117
104
114
108
121
115
102
106
116
116
105
104
116
103
113
102
108
121
110
106
111
113
106
116
118
110
116
112
118
121
105
103
123
120
118
118
105
116
111
115
124
118
119
114
102
113
102
103
121
110
108
111
119
116
114
115
123
107
108
106
109
110
116
173
149
114
118
117
103
113
118
114
121
112
116
117
102
112
112
116
102
116
104
105
113
100
113
115
112
122
116
122
120
112
116
117
118
107
123
117
117
120
121
125
120
121
121
120
105
115
120
113
122
122
104
118
114
116
115
110
108
106
105
116
104
111
103
102
110
119
119
115
123
123
126
120
105
108
118
109
116
117
125
126
115
109
106
121
121
110
111
121
113
119
123
120
120
115
123
110
121
107
123
114
113
112
108
127
110
116
115
161
157
104
101
124
125
113
126
114
107
129
131
130
132
116
114
116
117
107
115
167
110
119
138
160
134
111
119
126
176
123
127
144
184
142
149
120
110
126
119
156
122
128
118
175
123
131
120
114
143
175
124
113
133
138
113
125
209
239
207
154
170
150
120
129
122
167
150
133
139
117
119
122
123
123
120
116
132
119
110
106
121
122
126
122
119
124
115
108
117
119
122
129
125
111
113
118
115
126
119
126
125
110
124
131
126
117
112
124
109
129
112
106
108
105
103
110
113
110
104
107
95
105
109
112
105
105
108
104
105
112
107
117
108
106
92
104
105
104
104
108
111
102
105
110
91
104
111
104
