226
203
173
196
191
197
384
222
267
266
302
252
202
213
248
223
217
273
213
224
214
195
216
221
224
194
187
191
177
190
199
193
184
199
219
189
178
198
183
187
194
179
207
179
181
176
211
186
193
192
186
203
177
207
197
214
210
182
196
205
179
201
211
180
206
203
182
220
195
206
206
199
216
191
212
187
205
200
200
184
216
211
260
269
208
202
199
194
199
184
222
229
216
209
196
210
182
223
208
192
205
202
182
200
209
200
211
227
214
212
180
219
190
181
206
190
202
212
193
208
200
183
203
194
200
208
189
204
193
179
224
204
213
192
184
202
206
221
212
217
183
180
213
182
195
275
193
180
197
219
208
228
198
194
206
208
207
196
180
205
183
210
216
211
203
200
184
210
202
209
212
219
205
221
197
216
210
219
214
211
190
187
184
208
213
220
208
197
185
219
198
186
215
204
205
219
193
205
222
211
206
214
221
192
208
186
188
185
203
189
250
197
182
209
205
218
199
188
182
209
206
218
205
179
205
186
199
182
204
218
194
195
223
206
190
204
207
212
196
221
190
220
214
214
212
213
209
205
210
210
203
202
185
202
208
216
201
181
210
210
213
218
217
180
216
211
201
211
203
186
207
209
210
211
207
216
212
223
211
225
188
196
208
211
224
198
301
227
216
227
223
207
229
213
182
181
212
186
201
217
212
191
207
201
194
217
208
208
206
215
210
225
221
209
180
182
199
199
214
195
215
196
223
190
206
211
215
209
197
215
227
216
185
193
202
188
206
221
193
213
219
198
197
183
203
210
228
224
184
231
184
423
355
253
223
203
200
192
195
218
228
220
190
188
224
232
182
202
220
203
205
195
219
225
201
226
211
224
198
193
197
196
210
181
217
218
205
198
213
200
205
184
204
218
196
209
203
208
204
186
191
190
196
211
207
206
196
201
201
191
200
190
219
209
195
214
216
183
227
190
204
178
203
209
213
223
207
216
187
207
206
195
213
222
199
190
192
186
210
207
187
232
190
191
226
207
209
210
205
214
212
192
206
189
204
199
198
207
209
218
226
190
204
203
197
217
215
208
195
208
193
196
189
208
194
203
300
209
215
190
203
193
213
211
213
207
202
184
217
199
202
179
184
168
197
203
207
186
174
186
170
205
180
195
205
186
207
181
197
179
170
205
178
216
201
175
193
205
189
183
171
199
191
208
185
191
198
172
194
198
201
199
197
187
195
200
199
202
176
208
173
186
216
227
212
181
187
196
186
181
193
200
207
188
198
199
195
191
209
175
172
168
169
191
197
190
185
166
202
194
189
196
205
187
195
170
176
176
182
192
208
186
174
196
200
201
185
183
200
185
202
173
201
182
200
186
205
209
204
202
209
181
199
211
219
183
210
197
185
221
218
222
200
213
178
210
181
182
212
187
203
205
203
192
215
222
202
223
216
220
179
210
193
210
205
219
226
212
196
179
201
178
211
208
217
221
195
215
207
192
186
207
203
217
194
208
223
214
200
198
213
207
214
215
218
207
182
219
228
182
217
215
221
358
249
207
203
209
192
189
182
205
203
200
218
204
180
190
184
197
205
218
194
207
210
198
188
210
223
217
190
227
210
199
201
188
201
179
213
212
185
216
192
206
187
208
205
207
184
196
192
227
189
205
189
217
192
205
226
180
208
188
193
203
207
186
207
228
239
204
210
207
210
184
215
203
209
183
205
197
218
205
217
184
201
201
191
202
219
202
210
187
221
230
199
210
209
221
196
200
209
218
203
220
197
191
203
203
196
200
207
203
206
224
224
227
212
206
224
191
216
233
190
220
219
183
202
187
228
200
761
198
225
251
208
328
396
331
250
235
236
223
210
246
225
217
294
196
299
306
228
203
223
225
219
251
224
245
239
254
216
260
239
236
210
225
321
217
203
211
222
207
229
219
206
209
205
214
219
212
216
218
232
209
215
216
191
209
212
214
219
193
191
223
186
204
168
189
193
180
169
188
195
184
194
190
184
180
168
175
204
207
201
188
197
181
199
196
206
223
226
190
208
340
218
204
188
202
188
180
174
195
201
177
202
196
192
180
187
191
190
185
168
181
204
195
192
204
197
185
174
201
203
196
172
178
206
209
213
204
216
211
183
210
210
224
189
207
213
188
184
209
211
207
197
224
219
205
175
194
215
202
208
206
204
267
224
226
275
372
379
300
208
184
206
211
177
195
192
168
208
202
198
191
169
191
202
197
200
198
186
182
214
197
189
208
191
200
197
216
199
200
198
203
217
200
218
205
177
205
