1859
2157
807
780
978
961
925
961
950
939
963
879
872
829
932
1022
1487
2485
1907
2052
2137
1866
2334
2355
2192
2202
2225
2089
1883
2014
1010
1440
1687
1635
1539
1217
1390
1206
1189
959
982
816
912
946
800
853
1122
947
1284
1294
1504
819
868
835
1214
3580
3089
1256
1307
1295
1372
2025
2903
2827
2224
1973
1624
1079
1363
1428
1666
877
710
1001
968
1008
839
898
962
1025
983
842
981
962
841
957
887
839
870
992
974
933
932
1004
841
893
852
930
911
828
926
909
671
1348
2269
2228
2312
2425
2369
975
2345
2435
2245
1969
2464
2307
2309
2145
2355
2049
2273
2477
1120
1716
715
1043
1187
880
890
970
939
1144
838
813
941
871
826
1023
876
943
854
941
855
851
812
832
931
814
974
1028
1028
897
979
887
961
953
1001
827
1048
1046
962
716
1009
932
947
927
998
905
955
907
882
1003
853
832
827
1135
1808
1982
1034
768
863
818
879
882
811
865
975
798
889
790
1724
1478
1292
1590
674
960
997
1557
1075
1352
774
801
751
820
928
945
963
977
938
826
936
814
864
932
823
945
955
993
1517
863
796
965
1160
2653
2829
3647
1953
3762
2962
2147
1861
2000
1019
2125
1944
1279
1287
1322
1313
1081
1035
1045
1086
750
825
921
873
923
951
938
955
979
926
921
921
923
972
913
656
834
877
906
985
990
841
942
826
932
925
826
931
1005
1099
1222
2270
2140
2105
2152
2116
1846
1980
1938
1871
1995
2050
1880
3335
2158
1798
1129
684
1266
823
910
869
859
1929
2235
1886
1836
1891
1065
1321
1590
1393
705
1335
1342
1429
1477
1388
1368
1438
1407
681
1993
1175
996
828
920
954
905
936
957
920
864
812
1138
813
674
833
924
974
863
948
1010
878
829
948
951
970
973
2465
681
1582
1097
852
1005
1280
1229
1374
1173
988
1169
1011
1137
634
1069
861
916
856
818
916
899
874
883
793
944
1310
1276
866
813
884
918
1030
948
853
958
956
837
960
939
888
999
938
1025
1697
2319
1863
2315
1841
1983
1933
2577
3501
2262
2117
2178
2027
1717
1244
1833
2007
2128
1715
1825
1674
1420
894
1121
1205
1062
1042
897
901
926
862
870
862
967
838
948
783
950
940
828
822
980
947
935
947
950
951
913
938
962
1424
750
1452
874
972
794
881
775
827
951
938
1056
2119
2086
2231
1120
1576
1153
923
650
1030
1122
1138
1020
1049
990
929
933
1058
2117
824
741
1345
2156
696
1838
1996
1006
2057
1993
1355
819
1847
1898
2095
2081
2374
1910
970
747
675
745
2044
2076
2201
1935
2176
1944
1738
1956
2229
1997
2172
2043
2154
1889
1965
2096
1867
2074
1811
1908
2770
2447
1633
1609
1410
1422
1266
1053
1316
1088
1125
1012
934
1059
871
815
1050
1044
952
951
1036
967
833
1006
895
1068
881
806
976
980
974
991
858
896
976
968
896
987
1007
695
935
922
880
1004
819
820
941
806
828
960
808
926
969
858
966
792
763
934
865
944
914
942
989
860
956
858
838
978
867
1011
1485
1467
1069
1001
900
807
948
699
1010
831
919
866
913
1070
849
881
1354
890
770
920
823
1004
937
853
703
827
746
953
957
877
946
836
814
944
873
877
979
1038
1167
856
1125
834
955
2096
1959
1925
2115
1886
1207
832
974
1746
1716
1734
1376
1526
1521
1208
1262
1441
754
724
808
906
940
933
933
817
856
941
928
933
832
1021
828
919
760
858
749
847
1009
835
924
825
969
901
996
1028
1005
946
935
914
996
839
898
1007
957
994
949
1001
1054
963
963
931
953
953
936
1227
1799
2027
2046
1877
2425
2303
2171
1070
1828
2280
2210
2305
2127
2579
1155
1132
1221
718
1062
847
824
933
823
1070
838
938
923
948
896
935
875
821
824
892
942
833
904
1012
824
944
957
899
1184
1265
1161
884
977
1015
902
932
874
894
809
941
927
987
896
794
762
991
960
836
985
832
982
1008
831
956
960
947
824
943
921
1297
817
785
823
885
1059
914
993
940
880
922
1002
808
1015
809
1127
1923
1656
1350
1267
1927
2293
2359
2179
2164
2482
959
1485
1556
1505
1629
1615
1421
1186
1320
1070
884
920
1084
955
886
920
814
983
1025
946
926
998
897
792
837
949
817
945
995
1014
957
999
859
922
815
946
815
998
877
946
882
880
961
986
657
638
887
990
834
917
951
975
978
817
937
847
996
886
1023
1009
889
797
824
976
831
960
881
932
819
852
960
958
812
941
893
1022
781
610
964
954
885
951
1017
1002
981
1014
961
1003
881
908
960
785
778
901
950
931
968
944
849
974
922
979
963
944
937
890
721
808
824
959
957
867
870
932
959
976
1022
970
1017
855
954
810
875
854
934
936
977
899
860
843
952
877
978
1016
937
876
1004
890
878
964
933
865
821
851
872
892
880
953
887
961
831
876
866
670
944
945
880
921
895
804
823
851
884
878
932
873
874
918
1418
1167
940
952
1003
920
1662
1160
844
901
969
612
776
1432
1814
2101
1987
1715
974
1027
1599
2188
2361
2100
3397
2842
794
815
2011
1559
1414
1143
1384
1086
1107
1091
1467
614
1514
1914
2109
2232
2257
2193
972
1389
1037
