1297
1113
1331
1242
1289
1153
1147
1310
1318
1366
1296
2405
3244
3190
2383
2627
2530
2012
2080
1918
1846
1595
1541
1307
1391
1369
1321
1371
1259
952
1332
1309
1348
1106
1147
1235
1420
921
1270
1130
1189
1234
1345
1252
1403
1160
1293
1444
1389
1131
1147
1391
1370
1091
1323
1144
1322
1391
1263
2211
1507
1067
1171
1390
1147
1502
1813
1277
1408
1420
1759
1184
1487
1315
1990
1482
1512
2220
1773
2657
3407
4574
4310
3079
2558
3437
2538
2125
3114
1200
3307
2273
1246
1237
1330
1134
1315
1842
1868
2126
1993
1264
1581
1469
1402
1461
1153
1281
1288
1212
1354
1235
1668
831
1322
1419
1308
1168
1219
1309
1331
1152
1251
1511
1185
1266
1301
1293
1108
1302
1293
1146
1374
1309
1300
1270
1129
1144
1111
1206
1282
1308
1348
1258
1127
1369
1237
1221
1311
1145
1252
1126
1276
1303
1304
1197
1131
1272
1306
1142
1331
1329
1109
1298
1356
1242
1294
1300
1305
1085
1168
2013
2818
2724
2596
3272
2620
3049
2783
2876
2388
1764
2954
2910
2987
2721
2314
2622
3809
3293
4008
2384
2658
2355
1668
1452
2967
2118
2067
2390
2662
1063
1376
2550
2664
2574
2834
2447
2957
2677
2864
2819
2820
2165
2148
2067
1761
1401
1537
1380
1513
2170
1659
1262
1354
1335
1169
1412
1361
1262
1346
934
1367
1325
1308
1397
1357
1164
1127
1386
1290
1382
1399
1122
975
1285
1335
1438
1288
1256
1302
1414
1209
1331
1274
1183
1235
1174
1199
1394
1326
1315
1410
1116
1367
2338
2719
3039
2544
2863
2824
2805
2057
2764
3074
1449
2913
3082
2400
2988
3018
2976
3091
2389
2490
1819
1737
1502
1963
1707
1475
2181
1361
1683
1843
2682
3185
3461
2360
3199
2619
2803
2764
1073
1099
1896
3047
3130
2581
2154
1811
1880
2053
1800
1743
1532
1470
1255
1647
1132
1274
3131
3154
3241
3031
1635
883
3128
2581
2771
2864
2490
2523
3044
2737
2571
3167
2934
2783
3189
2687
2131
1275
1749
1038
1429
1383
1335
1300
1404
1370
1987
1044
2168
2188
1349
1442
1158
1292
1131
1166
2238
1739
1831
2415
2983
2981
2546
1792
2940
2393
2918
2256
1847
1416
1553
1778
1686
1261
1237
1585
1655
3314
1908
3267
1272
1371
1515
1513
1920
2344
2201
2197
1161
1403
1259
1326
1341
1402
1447
1352
1444
1226
1329
1400
1133
1183
1114
1331
2632
2918
2588
3072
2812
2546
3091
3225
3176
2871
2753
2560
2786
2818
1574
1633
1629
1671
1419
1096
1138
1188
1168
1345
1262
1068
1378
1140
1280
1236
1107
1294
1248
1847
2519
1162
2210
2833
1814
2487
1759
2158
1941
2631
3209
1726
3560
3922
2946
2787
2588
2712
2992
2996
3355
3177
3342
2756
3720
3522
4531
4508
3198
3407
3273
4884
1633
3137
2129
1862
1770
5001
3958
4014
3567
1963
2947
1470
1378
1256
1347
1161
1197
1131
1310
1454
1632
1380
1904
1261
1244
1267
1314
1312
1280
1250
1731
1707
1339
1565
3216
3251
3216
2641
2325
2574
2015
2090
3022
3227
3160
2793
2889
2841
3014
2609
2977
2723
2731
2613
2761
2621
2370
2189
1421
1392
1250
1307
1352
1010
1199
1334
1267
1363
3202
3871
3240
2814
2782
2195
2074
2023
1597
1707
1565
1444
1489
2147
1387
1747
1370
2329
1446
1716
1115
1551
2996
3142
3024
1525
1005
1233
1211
1208
1287
1392
1520
1717
1768
2053
1336
1190
1307
1165
1376
1295
1380
1377
1280
1145
1232
1006
1112
1389
1288
1228
1286
1213
1200
1355
1214
1119
2510
877
2589
2671
2358
2640
2518
1382
1729
3084
2178
2258
2469
943
1281
1474
1063
1237
1424
1226
1274
1275
1290
1286
992
1314
1195
1289
1144
1197
1308
1280
1224
1200
1173
1182
1203
1239
1261
1324
1196
1342
1322
1150
1414
1320
1241
931
1168
1182
1298
1421
1293
1146
1382
1371
1359
1480
1126
1156
1439
1302
1134
1243
1131
1214
1205
1246
1421
2272
3110
2629
3345
2833
2059
3106
2804
2913
2625
3220
3678
5027
4186
4397
3052
3245
2488
3125
2959
2764
2545
1603
1389
1446
1480
1438
1367
1354
1349
1307
1322
1002
1529
2776
2950
2778
2718
2906
1490
2878
2687
2366
2554
2454
1922
2316
2285
1719
1661
1738
2175
2999
2918
2614
2570
3094
2794
2827
3040
2567
2678
1490
2457
2495
2278
2205
2208
1876
1469
1869
1144
1318
1208
1403
1402
1335
1405
1715
1533
1102
1238
1331
1317
1410
1177
1439
1432
1364
1203
1177
1153
1133
1117
1293
1266
1305
1315
1260
1189
1442
1166
1127
1195
1242
1372
1325
1284
1130
1115
1211
1131
1201
1124
1502
2315
2431
5199
5098
5063
4887
4999
4766
2301
3963
2910
3153
3923
1438
2946
1626
1540
1154
1181
1401
1233
1153
2339
2682
1639
2406
3104
2912
2387
2539
3006
2722
2599
2222
2382
1647
1888
1771
1474
1339
1362
1885
1308
1114
1347
1303
1361
1251
1119
1257
1119
1116
1231
1051
1094
1256
1324
1252
1308
1267
1214
1286
1339
1272
1210
1160
1402
1310
1264
1343
1331
1212
1272
1125
1193
1439
1059
1241
1302
1328
1358
1194
1245
1340
1314
1288
1259
1085
1163
1155
1417
1145
1352
1278
1397
1208
1196
1388
1479
2343
2627
2559
2956
2865
1426
3329
3531
3770
3013
2795
3020
3207
2284
2790
3055
2768
2634
2622
1741
2375
2083
1721
1925
1652
1411
1267
955
1266
1169
1154
1394
1102
1285
1304
1296
1303
1163
1232
1324
1290
1398
1390
1178
1302
1303
1333
1379
1350
1768
4108
2659
2731
3165
5486
2322
1690
1010
1974
1188
1187
1491
1599
1607
1489
1293
1418
1302
1419
1955
1717
2236
2983
2124
1251
1139
1053
1397
1486
1724
1103
1534
1357
1184
1287
1328
931
1331
1081
1134
1361
1167
1693
1715
1450
1868
1957
1871
1906
1287
1324
1228
1390
1155
1163
1041
1131
1273
1176
1278
1134
1409
1127
1380
1506
1258
