124
106
104
107
102
103
107
101
106
103
107
103
107
110
105
108
111
108
112
109
111
93
99
102
103
102
101
106
107
98
102
110
106
107
106
100
102
102
106
106
93
100
107
106
106
68
63
66
64
60
63
61
68
69
60
64
61
56
61
56
60
64
62
56
59
56
64
58
54
59
61
59
56
61
59
58
65
59
61
63
66
59
64
59
62
61
61
62
64
61
61
58
63
59
60
57
63
64
56
67
64
59
109
80
83
65
56
61
68
65
66
96
83
67
69
69
66
65
74
65
64
65
66
61
67
66
64
64
65
66
67
62
68
59
62
64
65
65
63
63
70
69
59
70
68
64
69
64
66
62
66
62
68
69
66
58
64
57
64
64
64
65
59
65
65
64
65
64
64
68
65
64
60
67
59
70
66
67
64
59
67
60
62
59
61
67
67
71
73
69
67
70
71
68
67
64
69
69
69
65
60
70
70
71
59
63
67
71
63
61
66
66
66
67
58
69
91
63
59
59
64
66
60
58
59
67
63
64
68
58
59
65
63
67
61
64
65
59
64
59
62
65
64
66
58
62
62
58
60
64
59
65
65
64
58
66
63
59
68
60
67
60
64
68
58
58
59
61
64
63
62
63
71
58
68
64
73
65
71
66
73
67
69
64
65
65
65
68
59
66
63
58
65
65
65
63
64
66
67
67
64
90
66
80
66
60
66
62
60
56
58
69
61
63
66
61
63
61
64
65
62
70
59
61
67
63
67
67
64
63
63
63
62
64
64
71
66
60
62
62
62
63
59
68
67
61
61
58
65
67
64
66
68
69
63
59
62
63
64
68
64
65
57
59
67
59
63
65
58
62
67
70
65
60
63
65
59
64
63
63
62
61
60
58
63
60
63
65
60
63
65
65
59
65
60
63
64
59
64
65
63
65
60
61
58
58
60
67
67
60
62
60
58
65
61
65
57
64
62
59
61
68
67
62
65
67
66
61
66
58
67
62
61
66
61
65
64
67
66
64
65
61
63
68
63
64
58
64
58
65
59
66
68
62
67
64
108
63
66
68
57
63
65
70
67
71
70
63
62
59
67
58
66
61
61
60
62
70
63
65
60
68
64
63
62
65
61
64
67
58
63
61
61
61
69
62
67
66
64
65
59
67
57
62
61
57
61
67
68
66
61
67
65
67
64
62
65
62
60
60
62
58
63
63
60
61
58
63
64
62
65
61
66
65
65
67
61
64
65
63
63
63
59
62
64
59
58
65
60
64
66
65
64
62
68
66
64
62
59
64
65
67
68
66
61
66
65
57
63
60
61
60
61
66
58
61
60
59
59
64
61
61
65
62
64
59
62
63
61
67
66
68
63
62
64
65
55
65
62
59
56
64
66
57
62
60
63
68
65
61
65
60
61
62
66
68
65
67
63
63
64
62
65
72
66
63
58
63
63
63
64
65
63
68
65
65
60
62
66
62
64
63
64
68
69
64
65
64
62
62
63
60
58
60
66
60
63
62
63
62
65
66
57
70
72
60
66
68
65
65
60
64
65
66
65
63
68
66
62
62
61
65
72
64
61
65
62
67
61
61
65
69
63
64
62
68
65
65
63
56
65
62
64
63
65
142
66
62
60
66
65
64
59
62
64
60
64
59
67
69
63
66
63
60
66
65
60
65
68
59
64
67
64
63
66
63
60
69
68
71
62
94
112
89
106
66
94
94
93
96
106
61
72
61
72
73
64
106
97
100
111
113
127
107
69
68
70
67
104
103
122
109
66
62
61
69
70
65
62
65
65
58
63
58
64
65
63
65
67
59
63
62
68
65
62
65
62
63
62
66
57
62
56
67
63
59
67
63
59
63
67
65
61
67
64
66
59
63
64
67
64
65
55
65
65
64
65
60
69
68
60
63
58
71
59
55
59
64
65
66
60
65
57
57
64
62
62
65
62
60
57
64
61
60
63
61
56
61
63
66
58
58
59
62
59
64
65
64
57
57
65
64
61
57
64
64
64
65
63
71
123
80
65
69
62
68
72
69
69
71
57
65
65
61
62
64
64
62
60
64
61
57
67
66
69
67
63
62
65
57
71
63
62
66
62
60
66
57
65
59
66
68
68
59
71
66
62
65
67
66
70
62
62
70
64
71
70
68
63
68
66
65
63
63
67
58
70
70
66
69
66
67
60
65
66
69
69
61
69
63
65
57
68
59
64
59
66
66
66
58
64
69
69
68
69
68
66
71
65
66
58
69
70
65
69
63
61
65
63
68
60
68
58
62
71
64
59
69
60
67
