297
298
307
257
292
318
306
311
305
396
381
384
340
637
556
535
562
543
513
458
289
318
326
286
305
344
320
309
320
322
315
311
313
322
322
294
274
324
312
329
303
300
299
286
287
294
305
320
294
425
346
321
278
309
313
313
341
332
323
353
330
359
323
330
289
286
323
286
336
299
329
328
324
333
289
327
327
282
284
335
297
284
322
293
317
300
286
311
273
311
399
399
294
298
324
330
319
307
356
305
286
308
300
337
297
334
285
348
337
314
328
337
337
318
313
321
323
334
338
335
341
280
339
311
301
325
305
309
329
283
336
297
297
326
336
321
311
318
279
328
326
290
299
296
325
330
337
313
300
289
316
296
292
324
308
291
304
307
326
284
314
299
327
278
305
325
339
327
323
280
324
297
291
323
325
287
286
329
310
340
319
327
317
290
424
314
340
342
282
299
284
321
314
343
346
298
331
289
317
321
329
321
325
322
295
298
331
343
323
287
319
323
295
305
343
309
350
295
295
321
323
311
315
293
312
331
317
425
338
329
281
329
279
312
334
283
321
295
339
330
288
305
302
314
292
313
311
306
335
278
296
318
330
319
344
300
333
315
294
326
320
326
338
332
365
294
317
340
325
304
309
319
303
281
286
283
290
289
339
300
318
355
306
315
322
325
343
279
304
336
322
279
331
335
303
317
312
284
324
336
330
295
303
329
280
282
278
335
321
334
275
290
280
349
348
352
353
354
298
324
315
330
335
293
282
358
289
301
317
344
330
287
323
321
319
290
317
329
296
302
315
341
337
339
286
317
329
340
296
330
331
280
310
336
348
325
327
336
296
341
276
325
344
319
318
313
303
289
288
322
334
300
320
324
315
320
316
298
306
302
334
293
289
279
343
284
306
288
320
280
310
329
349
341
327
281
298
337
339
278
313
330
315
310
337
285
309
336
290
321
341
299
280
323
308
278
325
321
303
338
320
295
332
279
277
324
321
316
304
321
319
312
308
327
282
311
294
331
335
332
280
359
283
308
328
311
307
332
310
326
313
310
283
326
287
282
287
299
315
326
316
320
299
355
310
317
276
341
319
322
315
308
311
307
324
305
342
333
338
319
321
304
300
472
714
883
592
602
526
348
600
480
589
485
362
315
388
377
352
391
321
397
432
350
1047
375
350
293
315
307
289
284
309
298
291
300
297
251
249
258
285
253
275
274
257
292
255
303
288
301
293
309
289
315
289
289
417
359
465
449
320
276
298
292
286
309
310
265
294
294
292
293
302
302
306
259
271
299
276
286
275
321
293
310
298
302
292
309
269
304
300
326
318
300
305
306
265
264
303
307
291
335
420
361
324
276
321
272
286
334
288
283
352
321
318
312
311
312
317
318
285
310
336
279
308
277
306
278
285
318
301
332
325
282
338
321
316
288
322
293
284
290
335
339
306
312
291
315
371
340
279
285
315
313
307
334
324
327
302
321
329
298
314
336
313
284
279
320
274
322
320
317
349
305
317
331
346
294
351
311
272
331
300
335
318
420
327
319
331
324
319
313
326
299
302
293
318
313
315
335
316
336
287
288
349
321
284
296
342
279
311
340
279
315
302
328
286
328
321
320
309
316
339
281
292
320
299
310
324
335
337
283
295
285
287
317
286
305
314
323
297
339
335
309
311
294
320
322
282
306
317
316
343
365
299
313
305
335
330
322
303
291
335
337
345
346
298
319
348
347
316
288
327
358
340
330
352
310
324
280
321
318
281
400
420
854
839
895
870
757
696
739
698
511
394
472
469
485
456
380
271
297
304
288
306
273
295
248
312
288
356
336
337
351
306
292
344
344
357
321
325
340
362
325
330
346
320
337
288
334
329
287
348
312
291
356
342
369
354
331
316
355
289
300
329
320
297
344
360
314
309
332
477
352
319
298
290
341
323
370
529
891
514
288
310
327
298
319
317
279
317
289
296
306
262
305
286
286
251
290
304
270
253
293
297
302
316
359
271
277
288
299
308
306
311
302
280
305
279
316
270
294
308
298
317
303
334
282
312
266
270
304
297
282
313
319
342
272
305
310
308
324
281
319
289
330
287
340
333
338
294
343
317
320
294
310
279
376
280
314
280
293
316
307
307
310
305
307
284
337
345
329
296
328
325
308
324
301
330
314
357
321
290
317
335
338
353
315
303
335
294
291
333
333
308
331
335
330
278
296
336
312
331
335
333
334
313
311
313
331
284
323
323
298
291
342
326
327
321
285
340
317
352
286
337
317
340
287
314
317
348
295
334
336
339
275
315
313
323
302
