737
634
765
673
1350
1418
1263
1714
1201
998
2198
1221
495
670
670
824
535
575
795
693
776
794
654
1150
916
662
709
796
909
868
724
698
1113
982
927
900
796
893
1018
548
701
1012
1151
909
922
1767
1694
1550
1067
2761
2862
1470
3421
1594
1659
1434
1754
1430
1725
1820
1907
2905
1593
1675
1441
1485
1617
1372
1488
1566
1301
974
998
892
729
832
907
920
935
994
695
770
562
809
592
665
783
798
699
767
787
655
557
737
800
802
768
862
798
771
731
579
828
659
786
866
881
867
836
856
639
653
683
699
686
718
708
714
650
631
600
803
677
773
745
625
1062
1045
575
842
819
778
691
846
725
825
695
765
830
651
951
1039
753
773
708
1770
731
746
755
830
715
695
898
823
744
792
648
732
806
868
813
796
1518
774
727
766
773
773
740
832
967
739
953
589
731
855
1115
628
775
1086
766
627
705
765
798
732
760
807
705
807
869
809
686
819
846
815
755
755
679
766
778
773
764
797
783
798
794
861
1241
698
853
1488
1116
1449
810
2617
1089
702
607
711
657
834
669
777
755
747
688
776
779
773
786
782
851
815
716
704
491
1347
1795
1768
1796
1170
1815
1882
1733
2848
1587
1791
1794
1785
1475
1849
1806
1368
1344
1523
1688
1300
1297
1354
1371
1584
1688
1679
1203
1224
1223
1172
1631
1396
1269
1147
795
1692
1630
1654
1338
979
1549
1721
1557
1591
1778
1813
1668
1788
1450
1538
1521
1711
592
1736
1669
1579
1371
1316
808
1191
1141
1136
1034
634
770
849
889
827
864
846
957
910
786
754
668
766
759
795
747
772
945
876
735
1018
2018
1778
1703
1631
1462
1143
1636
1287
1136
1188
1225
1392
1134
1062
1182
1150
1235
1211
1197
1135
1178
1260
1205
1160
1251
1146
1081
1256
1214
1723
1079
1385
1910
1257
796
814
898
787
683
726
677
823
757
701
1177
1345
1220
1192
1586
1437
1066
1363
1234
1300
935
1023
1471
814
1310
1407
1296
1371
572
595
908
1016
1086
647
625
683
832
827
734
964
1506
2111
1639
1682
1746
579
715
667
649
1204
1099
1745
1825
1670
1452
1530
686
573
749
695
806
803
675
744
816
1612
2488
2889
2459
2315
2009
1828
1786
1539
1583
1585
1184
744
688
739
784
822
765
794
881
815
683
817
818
738
706
847
802
774
650
677
746
784
677
779
793
729
747
843
781
856
902
829
727
814
822
828
621
718
679
782
699
851
805
703
685
806
764
843
701
786
706
684
767
745
888
1138
1084
1381
1186
1219
1105
1196
1198
1070
1220
1227
1274
968
851
1782
1782
1706
1430
1479
1443
1541
1078
2345
2773
2606
2709
2598
2575
2671
2405
2488
2259
2199
1890
1795
1452
1573
1564
662
1324
973
2416
1053
2436
2688
1600
1138
1322
1121
786
814
779
816
767
779
705
730
818
795
855
782
714
1005
1006
566
718
653
824
749
710
724
815
724
815
860
730
738
868
771
784
766
957
688
586
767
766
827
782
787
726
692
815
682
782
866
785
731
687
738
732
1010
647
672
760
756
770
784
689
685
797
726
668
754
751
814
789
763
697
839
666
681
564
656
580
1466
1454
711
826
686
811
676
964
786
779
785
819
786
886
1016
1054
1014
647
731
859
745
702
673
874
953
710
795
772
857
831
588
618
1482
2391
2618
2564
2629
2172
2010
1821
1788
1664
1692
1846
1639
2471
2642
2395
2484
2507
2553
2673
2276
2137
2048
1512
1699
1699
1214
1395
1325
1132
1104
1186
1192
1173
1253
1100
1186
1087
1215
1187
1122
1188
1189
1315
1139
1074
1174
1182
1217
1107
1823
2412
2430
2692
1967
1244
1492
689
1172
1831
1912
1677
817
739
657
787
1113
1064
1235
983
912
942
935
920
923
952
846
840
1037
734
675
758
763
741
778
752
798
755
739
779
898
804
619
520
777
783
890
1031
1045
1112
1204
1172
1147
752
824
798
799
786
669
592
773
803
671
699
1596
1000
1722
1680
1494
1773
1902
1816
890
971
1551
1192
1104
1157
1137
1033
1120
878
921
860
804
889
816
560
839
763
781
789
837
713
788
813
799
841
740
779
810
843
816
693
840
834
793
718
727
830
739
684
686
789
731
818
785
818
700
785
694
728
820
764
819
695
810
783
793
784
671
765
830
681
717
794
665
772
775
723
1215
1641
1718
1722
1706
1650
1725
1715
1733
1132
779
672
788
672
848
830
979
622
721
667
777
703
816
798
833
1015
3312
3799
3723
3484
1567
1579
1253
910
995
1032
1908
2053
1730
1647
1752
1693
1734
2624
1139
1544
1352
1450
1688
1655
1233
825
783
1226
1103
1900
1839
1212
720
601
937
875
785
848
907
957
828
787
853
843
814
755
680
1137
1486
1700
1702
1650
1758
1743
1742
1734
808
656
902
1535
1261
787
793
770
692
798
678
820
743
723
760
1118
1647
1297
1793
1798
1670
1870
1857
1529
1012
732
787
815
664
780
798
797
809
774
789
770
811
818
780
812
852
818
770
662
835
799
834
741
775
713
709
713
770
759
793
760
824
781
822
731
906
603
749
886
892
854
815
688
817
741
679
799
839
704
720
819
696
851
815
641
641
666
809
705
705
