293
293
279
282
299
296
268
323
277
269
313
306
525
459
402
418
413
502
505
472
493
509
471
479
497
544
466
479
460
497
494
504
514
526
550
514
488
490
528
397
313
300
264
294
296
262
312
298
273
300
297
279
305
293
294
284
284
254
302
288
268
256
280
300
278
295
302
296
274
288
311
273
288
287
289
296
253
284
286
268
290
272
310
293
297
297
304
543
496
531
524
339
289
272
276
261
279
281
285
264
299
286
263
286
286
271
297
266
267
297
269
285
299
285
261
271
287
287
277
297
294
299
309
284
269
279
278
263
282
296
289
298
348
305
262
341
282
275
285
307
279
302
294
366
554
436
445
325
373
304
346
281
384
413
539
459
578
471
307
303
304
307
301
299
304
279
299
315
304
261
307
280
306
305
280
266
282
299
306
305
287
298
320
296
298
290
302
308
351
680
263
341
284
281
323
303
274
314
299
324
304
291
311
296
307
316
298
285
304
272
270
313
288
260
321
317
283
285
306
306
297
268
329
270
296
282
278
282
314
287
327
328
353
367
336
328
296
330
317
273
278
262
301
290
310
281
290
264
297
263
310
264
298
265
292
295
287
260
313
290
326
277
287
266
280
265
266
303
301
273
298
280
314
313
295
297
358
286
260
296
296
276
262
305
292
264
245
290
265
281
312
261
318
293
248
283
287
266
262
301
285
303
295
313
291
288
260
271
256
301
293
305
297
270
290
307
268
252
291
253
253
282
361
303
266
287
261
308
271
313
299
298
302
289
286
291
298
314
275
253
287
262
290
294
290
298
307
293
331
297
279
297
318
268
293
295
295
299
288
270
262
264
299
297
289
282
299
318
301
298
272
255
318
271
310
307
273
307
293
301
359
387
290
263
294
272
297
279
285
305
292
309
293
308
293
260
307
295
278
301
303
265
294
301
299
288
293
291
294
282
259
296
282
252
266
276
260
256
303
255
294
287
266
263
268
279
277
351
297
272
282
298
300
293
309
295
267
310
262
301
297
286
256
278
313
299
288
304
295
323
290
272
263
266
260
291
305
299
302
295
273
311
279
270
270
294
273
289
326
285
279
278
343
278
303
285
287
303
289
290
273
296
288
292
267
278
255
275
296
291
286
298
300
274
274
272
292
285
271
295
298
307
309
275
297
301
291
297
279
296
285
296
321
287
296
306
288
288
313
307
299
274
280
271
271
293
297
299
307
299
261
302
284
265
274
288
270
280
303
266
283
289
289
283
263
298
261
294
288
302
293
298
313
267
304
266
282
293
301
257
317
308
262
297
784
418
299
294
317
314
297
272
255
269
253
288
297
285
265
285
256
291
264
294
284
313
295
318
289
301
295
315
295
313
293
287
303
300
291
272
286
265
293
271
257
291
288
260
261
332
329
298
296
299
295
253
296
278
267
264
287
293
293
308
279
263
297
302
310
316
297
282
267
291
292
286
279
295
297
261
255
309
316
297
302
291
260
295
319
316
303
257
263
268
260
261
285
329
270
292
295
289
299
279
297
286
295
288
283
264
278
302
311
258
304
295
299
294
299
263
257
287
295
267
295
280
303
292
296
311
255
258
279
277
301
308
285
283
282
290
295
291
280
335
305
286
297
263
279
269
261
289
294
301
316
298
287
301
285
294
289
301
294
290
309
285
264
298
253
299
287
305
274
285
266
270
294
300
263
330
288
308
297
322
311
287
298
303
278
413
317
304
322
306
329
440
407
292
315
345
584
511
493
492
288
377
364
282
287
378
394
415
595
482
568
614
469
467
443
464
502
455
377
408
393
380
393
385
404
397
383
495
472
486
495
440
470
493
545
598
497
303
285
302
275
291
272
255
281
242
283
282
247
270
250
268
275
284
277
244
289
298
274
288
288
276
274
247
257
291
286
272
283
256
257
273
305
259
244
290
261
244
290
243
300
297
310
331
316
302
273
254
287
267
292
296
272
291
275
267
283
251
287
284
258
294
279
264
297
267
267
259
279
321
294
263
289
295
276
300
289
292
302
294
290
273
286
310
256
256
303
298
319
259
290
263
292
295
266
284
284
275
296
283
282
313
282
250
286
306
295
293
338
284
250
297
296
304
297
286
298
270
303
264
281
315
305
284
296
287
273
272
262
276
279
280
317
362
332
310
301
287
328
280
246
274
267
292
306
286
270
322
316
318
293
313
300
290
274
294
298
305
254
311
300
280
291
277
284
268
285
288
254
334
270
305
262
289
288
251
316
304
252
280
298
291
283
276
287
284
256
264
259
256
250
269
282
302
346
348
