132
90
99
103
112
104
112
105
106
105
109
105
104
105
90
105
110
96
106
110
102
93
97
103
114
89
108
104
97
106
94
103
105
96
104
108
105
92
104
105
106
105
106
146
237
119
150
117
105
102
101
118
119
144
118
99
136
138
125
114
120
144
121
124
112
173
235
147
149
204
228
214
180
228
156
139
178
168
117
153
132
152
144
190
116
145
114
134
158
142
140
179
121
103
125
120
120
118
115
118
123
120
117
117
122
116
116
110
110
107
128
114
109
109
118
119
113
97
106
97
98
102
108
109
97
100
109
91
102
113
106
102
91
104
105
98
95
98
101
107
109
96
111
104
93
100
102
90
97
106
109
106
113
107
102
103
98
95
102
104
106
93
99
93
112
107
107
112
92
113
111
110
109
96
105
107
110
99
106
106
107
171
120
125
123
117
145
106
150
126
159
133
105
120
104
93
112
100
96
102
104
99
106
114
98
100
110
112
105
105
106
104
100
115
105
114
104
103
97
104
104
96
104
109
102
105
115
110
107
111
109
111
103
102
102
94
109
106
110
107
108
107
102
104
104
107
98
99
106
107
106
103
103
110
101
109
108
107
111
95
95
97
100
102
113
113
108
111
107
112
104
101
108
100
101
105
96
98
98
98
107
104
107
113
100
101
107
112
115
96
101
113
103
111
110
101
105
113
116
110
171
114
119
110
113
112
133
127
114
126
104
118
118
97
96
107
110
104
105
104
100
114
109
99
114
110
100
115
116
116
108
113
110
113
108
109
120
103
107
113
114
111
113
100
110
111
129
101
111
106
116
109
104
117
114
112
112
116
106
116
115
100
109
109
113
111
110
110
113
109
114
110
102
113
106
113
112
106
114
102
112
116
106
116
100
111
103
102
111
111
113
103
103
103
109
117
112
111
111
109
118
115
102
119
106
111
112
112
120
108
134
198
204
196
110
112
109
120
107
100
112
106
129
118
114
118
112
108
111
117
99
103
116
110
113
117
109
112
110
111
98
107
112
115
115
126
124
98
119
120
99
117
113
104
119
97
117
119
112
106
125
116
104
109
110
120
113
123
119
109
109
100
118
108
102
115
114
113
120
111
115
112
113
112
120
101
114
111
100
111
106
111
109
111
113
108
102
103
113
109
114
115
120
100
106
109
116
116
110
104
107
101
106
111
99
107
110
117
153
123
115
112
108
108
114
108
109
102
115
106
109
110
111
105
97
100
111
113
110
113
115
119
112
112
108
109
116
111
116
118
99
101
111
110
103
97
112
112
113
115
112
111
115
113
121
107
99
116
105
104
115
100
112
117
113
110
115
104
98
104
98
99
117
109
100
112
111
114
112
114
99
123
101
111
101
111
109
117
101
113
112
103
106
111
115
116
100
112
102
115
101
107
117
123
120
112
104
114
115
109
111
110
108
107
114
110
109
107
102
111
100
114
109
113
113
101
100
106
106
114
108
117
111
106
105
103
117
112
110
110
99
110
109
117
110
119
101
112
112
104
118
126
104
106
110
113
106
108
100
110
100
98
109
111
101
104
108
104
111
110
110
112
114
109
104
106
107
111
102
107
107
97
100
99
113
113
115
100
111
115
110
112
110
109
102
107
100
104
109
103
111
110
113
105
104
100
115
111
103
111
103
114
114
109
108
114
110
116
97
115
117
116
110
109
113
99
107
104
112
115
111
109
111
113
113
112
109
112
102
103
110
115
116
108
113
103
114
117
111
114
110
98
108
112
114
110
112
111
105
119
108
116
105
118
144
109
113
104
99
97
116
110
117
112
112
111
103
112
109
104
116
106
107
114
114
120
114
113
114
99
103
98
116
98
111
105
104
109
108
106
105
114
103
99
105
106
116
111
111
104
121
120
108
119
110
113
101
114
109
102
99
113
102
117
113
117
101
104
109
100
111
111
117
108
107
113
107
114
103
101
107
102
119
112
110
105
101
118
108
112
112
118
117
116
108
118
116
115
105
111
108
117
99
110
108
106
106
119
118
108
112
102
111
100
100
107
122
119
115
102
99
116
111
110
111
107
99
113
109
100
109
107
116
108
100
113
114
100
109
98
115
107
102
113
120
104
114
112
112
102
107
113
110
101
103
114
109
109
108
115
115
116
101
104
111
105
102
108
121
111
100
109
110
104
107
108
112
107
112
112
113
109
114
114
121
118
98
105
112
111
106
112
110
104
115
110
103
109
107
115
100
113
112
115
102
116
115
113
113
112
116
105
110
115
114
106
108
99
100
109
97
116
109
113
108
113
122
110
116
220
