25
20
21
21
20
21
23
21
22
21
22
23
23
22
22
22
19
22
21
21
18
20
19
19
19
17
18
18
18
18
18
19
21
19
19
22
18
19
17
20
20
18
19
19
18
18
20
19
18
19
18
19
19
20
19
17
18
18
19
17
20
18
18
18
19
18
19
18
17
17
17
19
18
17
19
22
17
18
19
18
17
18
18
17
17
17
17
18
18
19
17
19
19
17
18
17
22
19
19
20
19
20
19
19
17
18
17
17
18
17
18
19
20
18
19
19
19
21
20
18
17
20
17
19
19
18
19
18
20
18
20
18
18
18
20
19
19
19
20
23
19
19
19
19
17
17
18
19
18
19
19
19
19
19
20
18
19
17
18
19
20
19
19
19
19
18
19
19
19
19
18
18
17
19
17
19
18
17
19
19
19
22
19
19
19
19
20
17
20
19
19
18
17
19
20
17
18
19
19
20
19
18
17
21
18
19
19
18
17
19
19
18
17
18
19
19
17
19
19
19
18
17
18
20
20
17
18
17
18
19
18
17
19
19
18
19
18
18
17
22
20
20
18
19
18
23
20
18
18
20
20
20
18
19
19
20
19
19
19
19
19
19
20
17
19
17
21
22
20
20
19
18
20
19
20
18
20
19
19
20
20
19
20
19
21
19
19
20
22
19
19
20
19
18
20
20
18
18
20
19
19
19
18
18
19
18
18
18
17
23
19
20
20
19
19
20
19
18
19
20
19
19
18
17
18
18
21
20
19
20
20
22
19
19
19
19
20
18
19
19
20
19
20
20
19
18
20
19
19
18
18
18
22
19
19
18
19
19
19
19
20
18
21
18
17
19
19
19
18
18
19
19
19
21
19
19
19
20
19
19
20
19
18
20
20
20
19
20
20
19
19
18
18
18
20
22
20
19
20
20
19
18
19
19
19
19
20
18
19
19
19
19
20
19
18
20
21
18
19
18
19
18
19
18
20
18
18
18
19
19
19
20
19
19
19
19
19
20
20
19
20
19
19
20
20
20
19
19
20
18
20
20
18
19
17
17
18
19
20
22
20
18
19
21
34
33
42
36
37
41
41
39
42
40
38
42
41
40
38
42
40
38
45
40
40
44
42
42
52
41
37
40
40
40
38
48
41
44
38
39
44
46
41
50
38
39
40
47
37
31
37
22
21
22
21
21
20
21
22
22
21
22
21
41
21
23
21
19
18
20
19
24
21
21
30
22
21
20
21
23
22
22
21
21
25
21
22
42
24
20
22
31
23
33
23
20
21
22
22
19
22
21
21
20
20
27
20
36
17
19
19
19
21
22
30
35
26
20
22
22
39
31
20
23
21
21
20
36
21
20
21
21
21
33
49
35
22
24
21
22
21
63
49
22
22
26
27
24
39
31
25
23
23
21
23
23
24
22
26
22
24
22
22
21
28
34
26
25
22
25
20
21
26
23
23
17
22
23
22
18
21
21
22
21
18
22
22
36
32
29
19
24
20
21
21
23
22
21
22
22
21
27
20
22
28
34
20
20
23
22
20
20
24
22
45
23
22
23
23
22
22
22
23
23
31
27
20
20
21
22
22
27
21
26
22
25
20
22
23
34
37
28
33
22
23
23
22
22
22
21
20
22
22
22
22
25
21
30
22
35
22
22
26
21
20
21
20
23
35
37
38
34
36
33
27
21
25
21
21
20
20
21
21
20
20
22
20
21
22
21
20
20
21
21
20
21
20
24
22
20
20
20
21
21
22
21
19
19
21
22
21
21
21
22
21
20
21
20
22
26
19
22
22
21
21
20
20
19
21
20
20
22
21
21
20
21
21
20
20
20
24
20
19
21
21
22
21
20
21
22
21
21
21
21
21
21
21
19
21
21
20
24
20
22
21
21
21
21
21
21
21
20
22
21
20
20
21
23
20
21
20
23
20
26
22
19
20
19
20
20
22
20
27
50
23
22
19
21
23
21
22
22
22
32
24
22
20
22
21
22
21
22
22
22
20
22
22
22
22
23
21
21
23
21
21
23
22
21
22
21
20
21
22
20
21
22
21
23
22
21
21
22
20
20
23
21
21
24
20
21
22
22
20
22
22
21
20
19
22
20
21
22
20
21
20
22
21
21
24
20
20
21
22
20
21
22
22
20
20
22
22
20
20
21
18
19
19
19
17
22
20
17
19
19
17
19
19
18
17
18
19
20
17
20
18
18
17
19
17
18
19
20
20
19
19
19
18
17
17
18
17
19
20
19
18
19
18
19
18
19
18
19
22
19
19
18
20
19
19
18
