4656
3933
1901
3174
2959
3189
2624
2004
1191
1157
1277
1351
1573
1462
1413
2971
2915
2844
2794
1225
2361
3237
3170
2902
1764
1554
2926
3172
3207
3033
1669
3379
2745
2606
2444
2275
1619
1358
1354
1202
1214
1478
1336
1359
1390
1349
1324
1476
2823
2971
3249
2612
3343
2728
3159
3408
2762
3078
3258
2742
3046
2904
1972
1640
2044
1160
1532
1446
1190
1379
1288
1517
1278
1430
1258
1484
1409
1407
1413
1478
1395
1296
2441
2618
2906
3170
2940
2438
3052
2804
2666
2971
3290
3311
3126
2884
2993
2257
2147
1225
1783
1390
861
1241
1329
1151
1638
1862
2091
2252
1709
1526
3187
3321
3045
2538
1500
1181
1950
1609
1666
1834
1599
1253
1450
1517
1179
1377
1432
1339
1531
1422
1357
1396
1328
1489
2278
941
3491
3167
2921
2577
3515
3314
2756
3341
3201
3194
2784
2774
3045
3504
5057
2608
2481
2166
2402
1809
1797
1823
1284
1174
1430
1290
1340
1475
1316
1275
1369
1403
1993
1371
1485
1502
1521
1529
1683
1257
1304
2277
2594
2920
3101
3194
2978
2522
2532
2023
1624
1630
1559
1321
1412
1375
1388
1290
1175
1408
1391
1264
1070
1594
1571
1439
1298
1934
3097
2947
3016
2534
2243
1137
1473
1304
1593
1469
1581
1249
1397
1101
2739
3290
3372
2697
2019
2271
3667
3108
2740
2304
2349
2951
3107
3298
1522
2927
2830
2062
2027
2007
1844
1697
1382
1318
1077
1307
1375
1363
1201
1353
1398
1436
1336
1385
1407
1283
1411
1335
1238
1210
1435
1386
1281
1539
1284
1770
1561
1134
1385
1322
1283
1204
1465
1412
1508
1308
1497
1195
1349
1381
1309
1323
1409
1209
1391
1369
1061
1286
1374
1208
1400
1373
1389
1509
1427
1205
1488
962
1254
1370
1218
1339
1332
1240
1357
1455
1447
1533
1201
1392
1391
1290
1411
1314
1347
1399
1394
1321
1650
1675
1056
1286
1316
1225
1269
1175
1395
1536
1392
1345
1373
1345
1310
1197
1197
1641
1190
1220
1204
1467
1190
1383
1230
1276
1402
1383
2132
3155
2823
2753
2275
2933
3438
3159
2710
3452
2392
3506
3269
3549
2565
3123
3490
3179
3645
3830
3418
2872
3212
3169
3745
4108
2775
2979
2907
2441
3021
2600
2874
3284
3111
3327
3388
3204
2430
2150
3202
3342
3620
5135
2765
3153
3291
3078
2991
3567
4217
2235
1557
1846
2342
1559
1148
1082
1162
1159
1342
1372
1332
1391
1443
1226
1700
2301
2222
2146
1842
1882
1432
1024
1401
1323
1149
1205
1183
1197
1208
1277
1073
1029
1239
1314
2789
3018
2915
3356
2489
2614
2676
3122
3099
2724
1997
1766
2102
1679
1453
1465
1551
1276
1624
2808
3413
3275
2671
3175
2324
2651
2967
2798
2942
2798
3071
3153
2517
2589
2157
2100
1767
1639
1577
1437
1286
1254
1538
1955
1222
1369
1433
1179
1380
1395
1379
1397
1281
1046
1496
1503
1381
1311
1342
1419
1177
1432
1210
1423
917
1395
1244
1208
1369
1312
1338
1208
1309
1447
1558
2631
1228
1484
1484
1179
1342
1136
1364
1228
2674
2918
2932
1334
1211
3277
2708
3219
3123
1225
2726
2980
2059
2045
2182
1611
1204
1172
1408
1422
1183
1403
1297
1337
1428
1230
1498
1157
1302
1421
1398
1534
1485
1321
1523
1405
1197
1281
2386
2922
2194
3199
3051
1963
1440
3109
3167
3248
3157
2108
3023
2439
2063
2187
1899
1332
1368
1213
1105
1462
1195
1381
1449
1326
1317
1995
2040
3290
2738
2832
3298
5304
3018
3034
2683
3322
2559
2986
3032
2345
1602
1916
1975
1741
1254
1297
1428
1211
1952
1842
1326
1221
1437
1482
1293
1539
1424
1081
1269
1320
1351
1379
1166
1436
1247
1493
1505
2117
2105
1613
1951
1846
1478
1476
1388
1165
1228
1213
1476
1382
1340
1480
1361
1423
2454
1078
1074
991
2312
3081
2559
1971
1392
1621
1961
1379
1653
1658
1647
1940
1266
1884
1541
1227
1247
1239
1394
1518
1337
1306
1931
1176
1667
1799
1273
1684
1057
1312
1412
1509
1106
1520
1615
1115
1930
1268
1307
1797
1399
1353
1363
1306
1427
1340
1694
1273
1177
1411
1587
1217
1303
1385
1259
1508
1206
1215
1351
1268
1245
1252
1192
1214
1017
1196
1181
1241
1256
1274
1368
1387
1510
1155
1765
1748
1299
1212
1100
1231
1194
1205
1273
1385
1461
1471
1244
1269
1335
1431
1191
1326
1396
1345
1350
1169
1463
1057
1116
1676
1463
1393
1407
1300
1221
1051
1371
1428
1214
1547
1171
1419
1485
1332
1732
1048
1328
1345
1515
1332
1220
1356
1206
1332
1497
1252
1967
1151
1218
1283
1306
1221
1341
1338
1173
1397
1519
1355
1390
1335
1206
1444
1538
1277
1392
1225
1488
1012
1236
1375
1360
1451
1405
1366
1347
1324
1391
1386
1212
1390
1228
3092
2904
2705
2533
2757
2899
2935
2710
1697
2807
2346
1734
3115
2334
2388
2457
1358
1605
1499
1312
1559
1504
1405
1398
1439
1497
1253
1420
1449
1515
1219
1203
1332
1387
1324
1198
2610
3114
2900
3000
2634
3478
2905
3388
2743
3026
2685
2181
2346
1826
1565
1788
1531
1423
1099
1345
1139
1181
1386
1222
1172
1320
2065
1944
1998
1508
1848
1576
1362
1341
1776
1711
1689
1491
1552
1409
1433
1344
1226
1011
1202
1352
1257
1220
1370
1318
1163
1390
1378
1950
1687
1239
1385
1265
1383
1356
1177
1287
1197
1174
1372
1060
2311
1750
1383
1321
1365
1424
1445
1434
1201
2760
3265
3191
2861
2842
1947
2330
2375
2257
1796
1771
1406
1469
1338
1395
1386
1362
1346
1453
1437
1249
1386
1241
1416
1033
1227
1406
1454
1340
1335
1160
1372
1400
2134
3229
3071
3328
3125
1357
3098
2871
3147
3082
2029
2759
2652
2838
3117
3005
2717
2801
3312
3037
3378
2364
1744
1354
1234
1247
1281
1567
2457
2679
2668
2438
980
1498
1566
1365
1474
1356
1210
1471
1303
1615
1218
1200
906
1263
1218
1427
1177
1345
1140
