525
624
539
586
620
719
798
883
645
532
568
595
600
1046
887
774
743
921
792
612
825
845
991
1282
562
811
1564
1159
470
545
885
1042
948
773
944
1187
1298
480
602
532
538
783
1088
886
575
506
550
557
555
649
957
679
862
982
548
739
604
874
807
501
466
503
687
592
451
483
542
524
528
741
879
767
636
795
778
741
449
465
575
503
566
791
909
635
549
412
396
397
499
569
582
569
517
539
494
595
668
612
500
653
594
632
608
417
454
557
580
487
1060
1735
2203
2267
2260
2131
2485
1499
2407
2334
1873
1385
1506
931
949
2193
1979
1090
949
1105
1220
891
813
781
914
1315
1447
1162
1143
1161
765
666
628
618
562
531
549
508
520
510
568
501
582
593
1067
812
565
496
607
527
489
508
541
578
605
562
565
555
491
604
547
588
546
536
574
623
572
589
566
549
568
973
633
507
518
1106
1132
1299
1380
1321
365
1214
1127
1294
1377
1349
950
1192
1299
1405
1352
1437
2393
1645
1016
1580
983
1186
859
922
720
718
699
709
713
657
748
711
659
529
657
1086
879
499
561
604
572
525
705
722
1449
665
599
764
593
614
994
765
707
1049
901
391
1271
860
546
714
1347
1186
861
400
479
414
930
1177
1270
1856
2322
2353
2274
812
1821
1486
1504
1356
605
960
1268
1625
845
686
1208
843
579
483
516
620
553
665
1067
831
830
836
659
688
505
521
572
537
538
522
587
544
588
494
905
871
773
943
815
1056
1024
540
451
593
558
566
632
584
492
570
567
522
669
1036
899
655
506
1029
810
599
562
590
720
877
570
420
529
570
554
506
499
410
387
516
513
491
537
824
881
906
635
543
613
548
641
615
589
588
525
541
500
540
599
628
604
524
623
564
499
578
559
536
569
554
586
493
606
526
585
543
563
561
610
553
520
538
489
557
546
528
488
507
600
588
580
575
552
570
596
609
497
530
594
525
579
560
525
595
581
529
564
545
526
521
546
513
496
567
525
640
439
568
578
525
510
498
592
582
617
582
575
529
603
518
578
563
626
597
550
578
1036
1478
391
590
564
1316
1122
657
585
564
558
610
577
556
506
511
582
540
525
556
604
586
584
546
425
477
521
1034
1246
1207
1047
1221
994
1125
1106
886
817
885
1236
871
922
604
588
591
568
504
560
591
592
488
568
561
555
557
540
533
562
556
525
537
620
1207
1806
1758
1626
1933
723
1272
1613
2110
2042
1619
1478
1893
1352
1035
641
892
1893
942
519
1246
529
1220
1338
1366
1334
2015
857
563
462
419
773
1095
1157
1123
1337
1115
1206
972
950
977
934
1012
973
1243
1279
1296
1376
1362
1304
1299
1159
1403
999
671
454
500
382
410
368
597
622
504
776
607
921
574
575
629
914
887
550
523
784
716
428
682
731
416
605
882
771
840
832
748
755
621
682
676
702
634
641
637
632
566
551
522
552
719
540
389
495
456
593
576
555
586
554
598
556
581
598
487
548
548
585
592
602
596
496
588
632
505
483
1245
1263
1328
1101
1144
1314
1244
1349
1330
1154
1571
394
1107
1109
1269
1296
1336
1282
1277
1252
1133
1266
1602
2375
1996
1163
1311
1391
1194
1046
1068
983
1115
966
883
850
888
845
889
710
623
640
704
674
622
635
663
579
566
507
534
494
358
587
515
582
604
594
588
592
593
548
590
538
575
506
545
551
490
519
582
599
584
571
603
950
1889
1875
1336
1165
780
1918
1970
831
693
628
561
819
512
564
571
577
549
558
537
559
952
1036
521
619
789
800
893
648
662
662
706
663
893
861
1028
530
596
619
481
421
443
705
1058
1295
1305
1315
1175
1124
1267
1283
1259
1257
1401
1337
1280
1142
1347
1261
1339
1258
1118
1302
1155
1182
865
465
436
416
752
666
729
697
730
643
689
663
603
583
557
576
562
592
578
609
564
569
605
565
643
445
482
453
528
624
564
579
509
568
522
581
608
502
499
570
570
567
622
497
572
595
596
582
671
769
866
1013
568
583
617
575
543
565
553
582
548
563
565
621
519
564
576
544
539
569
530
805
412
418
492
1082
818
1111
412
435
574
556
577
578
620
493
535
614
566
574
559
568
565
585
691
384
386
506
520
548
524
567
632
611
570
567
575
605
598
605
512
562
596
572
565
603
505
537
539
647
529
567
568
579
569
557
562
535
489
566
579
539
566
559
551
551
533
519
557
525
493
549
511
606
589
514
501
515
511
529
591
494
588
600
593
589
596
568
612
595
557
530
593
576
628
556
575
586
674
605
719
607
481
541
568
500
581
502
541
516
567
577
579
510
585
525
558
553
502
570
541
593
608
507
460
586
580
611
613
591
579
572
539
499
492
572
568
521
605
577
577
570
510
592
618
583
568
657
498
1391
1767
1425
1892
1829
1546
2240
1613
2171
1734
690
766
1079
1411
671
1438
846
890
851
913
792
794
872
875
749
799
675
805
