868
993
1014
1099
824
921
1039
1043
1021
986
973
1339
1598
1470
1060
840
1378
1629
1566
1334
1782
828
1207
921
1026
1031
1030
1091
996
908
1029
1054
1099
1027
1002
917
821
983
906
1014
900
1021
893
953
1097
885
945
1011
1037
1110
1536
2242
2277
2081
2469
2067
2447
2145
2251
2428
2303
2162
2312
3882
2815
1929
1372
2105
2093
1018
1038
1072
1165
1093
1040
877
1049
1074
1026
1123
1018
1023
1352
1381
1124
1056
886
1113
1052
1042
985
957
965
947
1116
1147
782
1044
986
946
1012
1030
1015
1072
963
949
1053
1068
1049
1799
2937
2394
2579
2215
2388
2055
2366
2535
2054
2431
2622
2248
1146
2362
2617
2319
1273
2608
964
882
811
1070
1083
928
1057
1047
1057
1072
1147
927
807
830
1015
944
884
1100
911
1062
976
1038
1041
877
1066
892
872
949
1813
2263
2031
2479
2002
2055
971
927
722
983
1097
1004
1043
1064
1075
1167
1019
938
1000
1028
1016
1084
878
1028
1050
1074
989
1020
947
997
932
1100
990
1005
1039
1199
970
1044
978
942
1017
1026
986
1075
894
976
989
1004
1013
958
1871
1289
1067
942
937
938
947
1083
1095
1096
1039
944
966
1315
911
920
1092
1073
1022
1095
912
1056
915
917
877
1027
1035
1076
908
1174
851
935
897
954
1081
937
935
933
1068
1019
1104
1049
806
876
986
942
890
1035
1014
1035
1116
956
991
992
1032
979
949
831
1020
994
1032
1001
990
979
1012
1042
1035
1046
1050
996
1015
846
1009
894
951
927
933
1130
990
1133
1056
1075
1032
1045
920
839
1119
1004
937
994
1022
2313
2840
2158
2149
1715
937
941
1312
1617
2403
1794
1574
1534
2028
1936
1952
2450
1933
2051
2218
2054
2366
2038
973
801
1442
2142
2211
2345
2289
2057
2629
2105
2087
1711
1774
1802
2056
743
2290
2472
2164
2023
2116
2653
2141
2217
2475
2391
2348
2249
2357
2398
2192
2218
2306
2047
2327
2423
2270
2116
1992
2188
1441
1520
1578
1520
1004
1068
1017
1105
1094
910
920
1012
1103
1011
1148
759
906
755
1104
955
944
893
958
940
950
1041
1066
1022
1028
1013
1005
963
863
1070
1051
1124
1030
944
1034
990
1020
1022
964
1069
1110
1230
992
819
1188
1592
1389
1378
1533
965
896
1077
1314
2155
1526
1041
1161
1237
750
742
1116
1382
1255
1167
1231
1311
1212
932
886
1209
1057
854
1083
1054
1047
1046
1062
966
1049
1081
1030
920
993
1066
2241
3089
2488
2055
2357
2461
1412
1377
1314
925
727
857
897
1094
1209
1109
984
1051
1068
968
1061
964
1048
1026
1104
1072
971
935
984
1007
1045
909
1333
762
920
1336
762
1031
930
974
1051
1035
1027
1045
996
1122
1724
1535
2276
2003
2388
2357
2349
2114
1883
2182
1989
2385
2373
2371
703
1828
1854
1767
1425
1420
1382
1407
1129
1034
709
1147
1076
1026
945
1050
1137
1127
1060
1107
945
921
1031
1537
1396
909
1052
1095
1021
997
950
1003
1076
1016
914
893
992
892
1026
924
881
885
1003
940
1054
946
935
1017
958
927
1023
1077
1405
1202
968
1060
940
921
1675
925
2107
1862
2234
1623
2408
2464
2123
2341
2345
2251
2458
2434
2421
1011
1449
2257
1705
2077
2047
2082
1982
2461
1857
1637
1700
1631
1621
1421
1483
913
918
870
1066
1028
1005
1092
1092
912
968
1073
1034
909
1000
836
1004
976
882
890
857
1065
886
1018
963
983
936
1048
1027
1061
858
898
1019
1029
1039
1136
894
934
1084
987
992
986
1023
1015
1060
1098
986
1095
970
1122
961
906
1049
1032
924
996
948
1071
947
1022
2220
2259
2325
2128
2156
1208
1378
1885
1954
1809
1686
1858
1408
1318
2799
1215
1261
1043
953
1062
948
1072
924
1080
1023
1271
721
846
941
989
864
908
915
958
904
1051
890
1031
1042
1025
1034
818
1036
1088
1078
1056
1045
1052
891
1032
991
1035
1048
1031
1032
988
1202
1286
936
1053
1391
1307
835
1374
1666
1309
1510
3784
2551
2309
2640
757
705
2978
2289
2561
1999
1770
1586
1217
2011
2506
2317
2342
2221
939
1246
2104
2013
2168
2267
2074
2186
1471
2482
2025
1995
2044
2245
2108
1328
2210
2114
2015
2383
2243
2532
1196
1188
2570
2340
2474
1978
2251
1716
2064
1828
1056
1396
1408
898
907
925
1040
975
814
891
1061
1165
768
946
887
1017
950
1009
1031
1029
1145
1401
1558
1003
1046
1049
1057
1012
949
906
908
1114
1105
933
1008
879
1090
998
931
1070
981
971
1055
898
822
997
1074
1013
1016
1476
1658
1293
846
860
1585
1020
725
1067
1081
1091
900
1207
843
1156
1237
1457
1165
1521
994
1725
994
879
1091
1108
1022
951
1029
1047
978
977
1102
1211
1016
942
857
1326
1413
1191
1273
1257
1323
1075
1058
1088
1079
1058
2092
2343
3120
2466
2590
2501
2087
2030
2280
2380
2254
2307
2350
1841
1615
1685
1549
1271
1502
1352
1376
1029
2374
2098
2374
2350
2305
3203
4089
2008
2402
2185
3287
3856
2159
1890
1768
1652
1715
782
904
954
1030
980
1023
1038
892
1091
976
902
954
1014
1077
856
906
923
1012
958
978
1040
906
903
952
896
1038
996
966
3149
3765
2260
2220
1978
2439
2234
2097
2171
2338
2355
2564
2155
2288
2094
2134
1815
1925
2419
3698
1954
1512
1363
1127
1573
1027
1026
1039
1003
2475
2103
1691
1243
762
834
975
911
928
993
1049
1092
1192
1076
1058
1038
1078
1385
1143
725
1013
899
913
1028
965
997
1148
1016
1141
883
1117
1080
942
1001
972
