42
35
30
33
32
32
29
24
43
45
29
32
33
26
43
33
39
46
30
33
18
31
24
20
23
31
30
44
40
31
30
33
54
31
30
20
22
22
17
18
17
19
18
18
17
18
18
18
23
18
17
18
17
16
17
30
29
33
25
16
19
20
24
18
18
21
20
17
21
18
17
18
18
18
27
31
31
30
35
40
37
37
37
39
39
38
40
52
31
31
29
32
17
31
28
27
29
19
21
31
29
31
29
29
18
18
24
23
29
29
30
39
40
35
34
35
31
24
21
18
18
16
19
20
18
17
30
31
30
29
29
29
30
23
33
34
24
36
34
31
27
30
27
33
39
32
44
39
40
42
33
32
33
33
33
33
31
32
41
29
30
31
30
31
30
34
29
30
19
22
19
17
18
17
36
17
17
21
18
18
18
16
16
17
20
19
21
18
17
21
18
30
28
17
18
18
21
19
21
30
30
21
24
19
31
19
41
31
31
30
31
40
30
32
31
32
34
29
32
34
28
30
28
26
27
18
18
18
18
30
28
24
20
18
20
22
30
30
30
31
31
21
30
27
32
29
18
18
19
18
22
17
17
19
18
17
17
18
17
18
18
18
19
18
17
17
17
18
18
16
19
20
16
17
18
18
17
18
17
16
17
16
18
18
17
16
18
18
17
18
18
17
18
29
18
18
17
18
18
17
18
17
18
18
18
17
17
18
17
19
17
18
18
17
20
18
18
18
18
18
19
18
18
18
17
16
18
17
18
17
17
17
16
17
17
21
18
17
17
18
17
18
17
18
17
17
18
19
17
17
22
17
19
18
17
18
19
22
19
19
19
18
17
17
18
18
19
19
19
18
19
19
18
18
20
19
19
19
21
18
20
19
18
17
19
18
18
18
17
18
19
18
20
17
18
17
18
19
18
21
18
18
20
18
19
20
18
19
19
19
18
18
18
18
17
18
19
19
19
19
17
20
19
18
18
17
17
19
18
18
18
18
19
18
18
18
18
19
17
18
19
17
21
17
17
18
17
17
18
19
17
17
18
19
18
18
18
19
18
19
19
18
17
21
18
19
19
19
19
18
20
18
18
19
19
18
16
19
18
18
17
20
18
19
17
19
20
19
19
19
19
18
18
19
19
18
19
19
19
20
19
19
18
18
19
19
22
18
20
20
20
19
19
19
18
19
19
19
19
20
17
18
20
19
18
19
19
21
19
19
19
18
18
18
20
17
19
19
18
20
19
20
19
18
19
18
20
20
18
22
20
18
18
18
19
20
19
19
19
20
18
19
19
19
20
19
20
19
19
19
21
19
18
19
19
19
19
19
19
18
18
19
18
19
18
19
20
20
20
18
20
27
20
20
20
20
19
18
20
18
20
19
19
19
19
19
20
19
18
18
19
20
18
33
18
18
19
19
19
18
19
20
19
20
20
19
20
20
18
18
20
19
18
20
21
18
19
17
18
19
21
20
19
18
19
20
19
18
20
18
21
20
18
19
20
21
18
19
18
21
18
18
18
17
17
18
18
17
16
17
18
17
16
18
17
18
18
21
18
18
17
18
19
17
17
17
18
21
30
24
23
27
18
18
18
18
18
17
22
18
19
18
18
18
26
18
17
28
31
30
29
27
18
28
18
18
19
30
89
33
32
47
90
37
30
31
30
30
34
32
36
31
32
30
37
35
32
32
43
33
34
35
32
36
34
33
32
33
50
31
35
33
31
30
35
36
31
32
33
19
18
18
22
20
20
18
18
17
18
17
18
19
18
18
18
17
18
18
18
19
17
17
18
21
17
17
19
16
17
17
19
18
18
17
18
18
18
17
17
18
18
17
17
17
18
21
17
18
19
18
19
18
19
19
20
18
17
18
18
17
18
18
18
18
19
17
20
17
17
18
17
17
18
19
18
18
18
17
18
18
17
18
18
18
17
17
18
20
18
17
19
18
16
18
17
19
18
18
17
19
18
18
16
17
18
16
18
17
18
19
18
18
17
17
17
17
17
16
18
17
17
17
18
17
17
18
18
18
18
18
21
18
17
17
18
18
26
16
17
17
18
18
16
18
19
30
41
19
26
17
17
21
18
17
17
16
18
17
17
19
18
18
17
17
17
17
18
17
18
17
17
17
18
21
17
17
18
17
17
17
17
18
18
17
18
19
18
18
16
17
19
17
17
18
21
18
19
18
18
18
17
18
17
18
18
16
18
17
18
18
17
18
17
17
18
21
19
18
17
18
19
18
18
19
18
18
18
18
17
18
18
18
17
17
17
18
18
22
19
19
