4867
4511
3663
3115
2217
1579
1489
1267
1314
1384
1292
1409
1525
1546
1998
1206
1241
1426
1593
1573
1405
1458
1544
1436
1191
1436
1427
1387
1419
1541
1387
1225
1367
1215
1326
1363
1469
1557
1491
1468
1468
1045
1384
1544
2518
1251
1008
1190
1227
1253
1401
1492
1280
1773
2525
2754
2833
1755
1919
3219
3144
3080
3095
3183
3244
3242
2865
1971
2243
1556
1725
1097
1337
2251
1966
1338
1462
1358
1218
1367
1402
1366
1217
1455
1333
1583
1352
1313
1701
1242
1402
1510
1483
1178
1278
1450
1250
1484
1524
1241
1397
1302
1480
1406
1220
1432
1357
1433
1446
1896
1433
1346
1408
1394
1407
1296
1397
1521
1423
1240
1155
1441
1211
1475
1231
1357
1355
1317
1525
1441
1091
1290
1370
1497
1276
1294
1398
1383
1415
1568
2007
1628
1354
1417
1232
1427
1461
1496
1255
1379
1227
1885
2834
1701
3088
3117
1943
2951
3276
3287
3321
2275
1338
1812
1444
1500
1798
1206
1466
2336
2590
3244
1977
1020
2546
3120
2865
3954
1312
1243
1363
1809
1404
1267
1299
1115
1301
1263
1316
1188
1040
1149
1440
1135
1974
2150
2409
2608
1978
1293
1131
1218
1085
1516
1474
1448
1457
1167
1455
1217
1173
1294
1421
1512
1263
1374
1398
1453
1416
1537
1280
1408
1815
1563
1397
1343
1311
1623
1589
1272
1394
1233
1304
1389
1428
1306
1378
1249
1349
1335
1720
2782
3322
3281
2818
2620
3267
2940
2816
2970
2231
3204
2350
2371
1997
1821
2414
3206
1880
1857
2928
3069
3516
3085
2897
2916
3717
2573
1224
2062
1202
1584
1128
1302
1422
1226
1404
1207
1316
1286
1673
1653
1333
1469
1450
1176
1616
1631
1640
1246
1432
1566
1449
1535
1404
1262
1292
1494
1438
1408
1247
1272
926
1405
1413
1325
1306
1433
1432
1573
1209
1430
1549
2277
1299
1421
1507
1457
1248
1455
1523
1427
1351
1207
1431
1297
1235
1472
1228
1402
1473
1350
1447
1475
1485
1207
1434
1261
1990
2278
2880
3237
2178
2561
2881
2935
3082
1940
2730
2347
2071
1813
1699
1652
1581
1478
1474
1229
1380
1356
1405
1311
1321
1242
1492
1169
1218
1402
1392
1370
1501
1288
1426
1446
1217
1594
1498
1494
1434
1376
1207
1275
1421
1415
1254
1781
1094
1312
1552
1719
1576
1257
1250
1355
1393
1276
1464
1381
1378
1806
3303
3321
3466
3326
1344
1814
3239
2685
2246
2160
2206
1945
1506
1457
1586
1417
1458
1309
1496
1568
1324
1197
1433
1293
1534
1565
1198
1309
1312
1419
1299
1453
1389
1372
1551
1254
1402
1442
1452
1331
1327
1340
1409
1279
1185
1260
1373
1396
1286
1395
1504
1427
1283
1202
998
1351
1183
1369
1388
1385
1397
1244
1440
1508
1853
2177
1429
1281
1234
1348
1376
2338
1395
1363
1344
1441
1197
1229
1448
1456
1397
1449
1372
1411
1509
1386
1446
1471
1407
1516
1239
1250
1198
1405
1476
1313
2789
3238
3423
3448
3264
2883
3282
3312
2331
2129
1406
1453
1518
1702
1312
1007
2166
1987
2040
1710
2047
1086
1232
1473
1425
1311
1250
1498
1433
1437
1536
1545
1300
1279
1463
1361
1308
1419
1318
1464
1574
2343
1502
1341
1407
1265
1350
1378
1211
1477
1377
1307
2359
1569
1276
1419
1308
1400
1415
1407
1515
1559
1416
1194
1267
1453
1314
1493
1528
1210
1377
1538
1411
1579
2085
1434
1262
1225
1487
1454
1458
1281
1434
1471
1106
1404
1258
1412
1495
1421
1265
1289
1451
1420
1154
1214
1417
1317
1201
1380
1415
1321
1475
1436
1567
3344
3186
3235
3078
3130
3264
3070
3234
3483
1528
2999
2530
2831
2880
1636
2225
1657
1611
1498
1253
1522
1442
1431
2621
1471
1253
1502
1247
1520
1865
1227
2967
3061
2832
2251
1159
1194
1306
1482
1409
1460
1278
1421
1208
1531
1100
1252
1405
1235
1243
1390
1359
1479
1450
1388
1271
1480
1170
1447
1495
1470
1280
1393
1337
1381
1274
1169
1400
1348
1224
1485
1271
1209
1390
1388
1521
1296
1396
1297
1356
1379
1433
1391
1353
1462
1270
1270
1363
1201
1579
1890
1214
1377
1291
1238
1472
1459
1401
1524
2541
1437
1249
1425
1505
1187
1369
1176
1340
1365
1409
1319
1471
1458
1305
1420
1507
1238
1515
1197
1254
1137
1380
1418
1310
1527
1287
1207
1459
1435
1325
1533
1538
1560
1569
1463
1460
1325
1428
1558
1572
1112
1800
3047
2721
3242
2616
2176
2763
3344
3149
3241
1534
1263
1605
2087
1105
1406
2574
2405
2476
2434
1642
1330
1072
1242
1432
1413
1464
1473
1300
1379
1381
1320
1251
1577
2185
3148
3142
3194
2257
2417
3415
2760
3234
1838
1910
1992
2173
1850
1483
1460
1344
1256
1368
1333
1195
1121
1369
1294
1379
1413
1354
1408
1247
1523
1413
2582
3144
2980
2743
3320
1838
2710
3070
3149
3119
2761
3275
3376
2770
3572
5852
3845
3335
2008
3336
2145
1286
1294
1238
1099
1507
1609
1449
1547
1680
1507
1405
1335
1373
1402
1425
1173
1242
1343
1266
1532
1387
1315
1731
1932
1608
1248
1771
1190
1295
1555
1561
1054
2579
2599
1960
2215
2426
1563
1316
2292
1932
3183
3400
2778
1215
1605
3202
3031
2787
2609
1315
2772
3135
3446
2958
2377
1101
1124
3094
3222
1739
2745
2883
2039
1862
2099
1770
1303
1393
1444
1585
1410
2543
2164
2442
2327
1724
2351
1224
1463
1474
1222
1438
1474
1287
1173
1736
1320
1263
1322
1132
1266
1822
1394
1118
1450
1349
1688
1273
1309
1117
2050
1624
1929
1303
1090
1477
1881
1755
1258
1290
1252
1619
1258
1130
1309
1304
1248
1271
1045
1288
1227
1072
1467
1404
1476
1268
1301
2002
1704
1425
1540
1969
1021
1372
1362
1182
1257
1250
1359
1466
1298
1232
2052
2268
1370
1340
1458
1490
1349
1520
1417
1674
1280
1454
1302
1138
1268
1183
1378
1308
1285
1203
1436
1800
1193
1448
2177
2531
2623
1872
1523
