88
84
83
83
93
86
88
86
87
84
85
84
45
49
47
44
46
49
45
46
45
49
48
44
48
50
49
52
48
47
47
50
48
48
48
46
47
51
50
50
44
48
47
49
47
44
48
53
48
50
47
47
51
46
46
46
48
47
49
49
52
49
45
49
48
49
57
48
44
48
50
45
50
50
51
50
47
46
49
52
43
47
46
50
49
44
51
148
49
57
49
49
45
50
49
48
48
44
48
51
51
50
50
48
48
47
54
49
49
48
47
45
50
49
50
47
45
47
49
48
45
45
41
43
42
41
44
42
38
42
40
42
39
43
41
40
39
46
50
45
39
41
44
48
41
45
42
41
42
40
42
42
40
42
42
42
39
41
43
41
39
42
43
39
39
42
43
42
43
42
42
40
38
41
40
44
42
43
39
43
42
43
43
41
44
44
40
42
43
42
42
43
41
43
42
43
41
45
44
45
43
39
39
39
45
45
40
44
43
40
41
45
41
42
38
41
43
40
42
45
41
39
42
41
41
41
38
42
41
40
42
41
43
42
40
41
44
43
44
43
41
42
40
45
41
45
40
42
40
39
37
44
45
39
43
43
42
39
42
42
43
44
40
45
39
40
40
41
44
41
43
40
45
41
43
42
44
43
39
42
42
43
43
45
42
39
45
43
42
40
43
39
40
44
42
42
42
42
43
43
42
42
47
44
42
39
44
43
46
41
43
42
44
41
40
42
44
43
42
41
41
40
48
44
45
43
39
39
44
45
41
41
44
43
43
45
42
45
41
39
43
43
48
44
43
42
44
50
91
60
47
50
42
43
40
44
42
43
45
41
40
46
44
44
41
42
41
44
43
42
44
43
43
45
43
41
41
40
41
44
43
49
44
40
46
47
43
44
43
43
43
44
44
45
40
45
43
40
45
42
44
47
43
42
39
42
47
43
42
43
45
41
42
41
40
43
45
42
48
43
45
43
45
46
42
42
43
47
43
45
44
45
44
45
45
44
40
42
42
46
45
46
42
44
40
43
44
44
41
42
42
46
45
41
43
41
44
40
46
44
48
43
45
42
44
43
43
44
42
44
45
46
44
43
44
44
47
42
43
43
46
41
41
44
45
44
42
42
45
41
39
42
40
45
42
41
43
43
41
46
46
45
47
43
39
46
43
39
44
46
42
43
44
45
42
42
42
41
44
44
44
43
42
46
40
43
41
39
42
47
43
46
41
42
42
42
41
44
44
47
43
47
44
46
45
40
45
44
46
45
45
43
41
44
41
43
44
40
42
44
45
40
47
46
44
42
42
45
47
43
42
44
44
42
45
41
41
42
46
42
41
43
45
42
43
44
47
44
43
44
48
47
46
45
41
45
40
40
49
44
42
42
41
42
42
96
93
50
44
47
50
44
46
41
46
45
44
47
48
46
47
42
44
49
48
46
48
47
47
47
48
43
45
48
41
48
49
51
46
47
46
44
46
45
42
45
40
44
46
42
50
46
45
42
43
44
45
49
46
45
42
44
44
45
48
45
45
44
43
41
40
47
43
47
46
49
46
49
46
46
44
43
46
49
48
48
46
42
41
48
50
47
48
44
48
41
48
46
47
47
50
43
48
49
44
46
48
45
42
46
44
45
40
40
50
46
46
48
44
45
50
45
45
48
44
43
46
46
44
47
47
46
43
47
46
50
46
42
45
48
41
41
41
45
47
48
40
47
44
44
44
42
46
46
46
48
44
47
40
41
46
43
46
49
47
47
45
47
43
43
46
49
45
47
45
49
45
42
46
41
46
43
49
45
48
42
47
47
48
45
42
48
46
49
45
50
49
48
46
47
46
43
41
46
42
41
43
41
43
47
50
46
47
49
47
46
48
43
47
46
45
44
45
41
47
41
48
44
49
42
42
43
47
47
48
44
47
43
48
47
41
47
41
46
44
44
47
44
49
46
46
47
48
92
70
47
47
45
46
45
47
44
46
44
45
41
42
46
48
46
47
43
44
48
45
46
45
46
46
48
47
48
41
45
40
45
49
44
44
42
46
45
44
46
43
47
45
44
40
45
43
42
43
46
46
44
45
45
42
46
44
46
46
47
47
47
47
47
47
46
46
43
48
43
46
44
42
43
46
43
45
41
44
45
43
45
45
49
40
45
47
44
41
41
46
42
47
45
48
44
46
46
49
41
42
43
45
40
40
45
44
43
41
47
44
47
47
45
45
43
44
46
44
45
42
47
41
42
43
44
42
42
48
46
45
46
47
45
44
42
48
41
45
44
45
43
44
46
47
48
