480
722
1655
625
1246
1073
1417
1430
1239
401
707
1158
1175
1436
1373
1468
1027
932
1304
1501
1326
1307
1104
1116
1051
1052
939
725
887
623
666
638
754
720
664
733
693
642
634
630
626
636
640
652
564
641
579
606
552
792
501
476
504
561
603
685
471
564
468
479
543
662
620
589
640
711
562
682
589
516
612
621
568
721
525
648
552
566
595
640
668
664
596
632
666
641
669
677
656
661
662
671
576
627
587
772
721
675
624
644
559
672
704
662
611
626
632
612
569
662
662
607
559
617
681
606
628
639
673
455
520
603
635
587
623
673
636
620
576
643
632
674
598
650
657
630
613
555
637
692
600
665
646
714
620
525
693
684
655
673
632
644
648
644
622
561
655
639
618
678
724
558
656
557
559
662
641
650
668
688
678
689
648
709
654
590
659
638
613
603
624
630
1046
893
941
1381
1161
716
951
677
761
791
603
1264
2338
1410
780
1108
855
1301
1496
1138
1258
1570
504
1018
969
1570
1514
1476
1508
1547
1634
1405
1121
1531
1970
1270
1511
1325
1471
1347
1453
1495
900
760
492
407
722
791
744
722
819
836
819
611
555
644
574
664
559
625
555
560
606
660
771
477
742
493
979
1736
2416
1539
1482
1271
1437
1374
602
601
975
710
526
580
1028
984
926
1005
547
789
823
766
830
715
790
877
497
549
850
750
790
1125
680
593
619
989
907
923
719
612
601
561
559
640
571
618
649
554
675
638
628
643
624
667
646
672
660
643
659
638
657
674
637
668
626
705
720
668
477
561
642
871
755
796
472
612
559
517
792
531
757
491
469
602
601
518
768
783
717
575
526
518
524
645
857
476
681
720
920
575
648
512
598
605
903
527
586
534
544
697
739
715
548
606
472
742
861
786
542
775
929
989
631
468
562
876
787
621
970
723
997
836
491
763
677
583
516
550
532
891
606
652
584
562
950
587
733
551
567
621
591
792
659
600
786
747
716
705
675
1407
1047
852
905
969
562
520
552
575
603
635
674
637
698
571
633
606
645
696
614
904
961
927
1013
624
629
570
684
543
674
618
637
665
651
614
673
581
628
553
634
638
999
535
488
719
578
563
574
627
968
1276
1402
1580
1454
1478
1356
911
583
517
601
584
873
785
1234
1320
1198
1314
1306
764
793
721
757
801
803
651
640
457
546
659
664
639
636
551
694
558
628
647
622
577
625
619
630
602
599
631
600
661
517
569
650
550
572
641
555
563
566
713
556
652
558
674
588
680
639
714
605
644
687
1832
2656
2015
1318
1473
1369
1353
1380
1441
1505
1260
1440
1319
1509
1366
1462
1484
1282
1521
1271
1258
1331
1337
1493
1259
988
1134
1160
1131
1171
888
846
952
955
913
751
601
588
605
664
690
694
582
663
626
617
659
624
594
681
676
640
667
669
652
695
638
572
615
587
646
603
677
709
613
557
653
575
583
685
710
603
663
648
650
642
572
672
582
694
637
618
577
565
633
633
652
641
585
572
559
650
805
881
1013
852
662
578
620
613
684
628
653
629
619
620
667
651
656
627
602
607
646
749
851
664
696
710
614
1247
1534
761
1119
2026
1152
671
640
635
558
651
635
634
564
562
558
582
656
695
704
781
842
801
691
541
629
1678
1381
1291
1269
1331
1485
1694
1787
2619
1462
1404
1468
1508
1480
1232
1329
1386
1075
1066
1362
1305
1506
1484
1437
1460
1276
1359
1990
1378
1516
1429
1476
1544
1418
1258
1406
1636
1419
1284
1551
1580
1436
1255
1280
1420
1552
1377
1474
1106
1070
1548
1303
1445
958
1600
1096
837
846
957
724
1506
880
1226
1826
1554
1505
1938
1462
1796
770
596
727
591
585
640
468
518
924
548
632
641
587
483
605
561
487
606
589
584
553
555
1564
5894
1063
926
1162
794
564
540
615
1059
623
565
568
544
1306
946
583
528
797
1012
968
1149
1113
853
510
574
569
613
687
596
628
588
758
576
755
582
551
496
619
609
632
570
818
586
431
852
644
541
567
654
645
693
585
526
624
955
900
958
836
920
1224
1366
617
884
1184
590
493
612
681
746
526
810
542
539
1001
888
590
715
832
1856
2184
2218
1519
1095
1129
977
805
564
692
711
582
1201
559
1510
1527
2858
1857
1616
1756
882
775
1396
1356
1453
1416
1640
1449
1456
1354
981
2207
1991
1377
1651
1612
1512
1360
1842
1791
663
469
1225
1968
1306
984
1271
1035
627
724
470
779
837
790
1429
733
510
936
918
725
597
699
658
568
685
636
582
653
654
639
637
628
640
674
958
648
885
551
1344
1449
921
825
697
1468
1576
1556
1714
2524
2675
1512
1382
1431
2137
1570
873
1110
1097
754
2381
756
1604
1454
1473
751
739
1585
1584
1710
2558
2190
2104
1225
1570
1386
703
684
891
746
630
626
555
442
559
567
583
662
683
596
1229
2554
596
554
1448
1077
1812
826
712
655
1219
844
1475
805
1578
1117
703
1149
1241
1356
1110
1088
1075
1307
873
1194
773
1222
1308
1331
