412
585
415
506
437
522
426
754
655
545
532
660
432
707
786
411
406
413
513
485
509
434
431
539
472
516
546
444
510
529
503
528
552
488
415
514
527
456
418
498
471
478
484
465
450
495
522
513
441
704
403
501
430
418
447
500
510
482
444
584
502
419
414
381
477
448
762
495
475
425
389
461
488
500
403
487
428
475
483
383
434
366
422
474
502
448
497
455
457
461
623
765
753
415
402
418
470
456
505
518
494
451
470
495
510
495
536
538
443
484
497
520
508
743
417
639
542
405
436
478
610
507
357
441
475
466
481
419
385
467
428
470
442
475
474
456
501
440
515
518
494
488
514
502
483
479
433
538
527
502
509
484
492
467
460
522
525
441
460
448
445
457
822
421
672
447
416
422
461
475
422
455
444
631
436
385
495
496
521
462
503
492
450
424
461
472
508
462
519
432
454
482
434
515
482
491
442
430
484
526
517
576
501
444
496
442
477
452
523
515
446
477
485
500
477
486
440
461
485
430
453
429
533
485
507
479
502
490
488
531
493
690
632
632
676
567
676
816
526
559
564
628
741
789
920
403
363
447
458
470
472
513
736
930
509
503
475
492
513
428
433
492
533
511
488
514
478
577
672
1220
606
1174
1229
964
939
718
643
694
625
723
611
778
987
914
1317
443
527
870
870
881
846
834
881
819
872
724
758
708
649
645
704
586
946
873
654
561
424
398
397
1003
1188
1174
1109
1196
1141
1007
1092
1010
1296
425
827
382
585
1298
424
653
753
592
412
418
389
453
430
616
454
537
466
435
392
433
452
480
478
502
480
447
785
429
458
421
656
735
924
869
830
883
895
750
868
838
910
724
638
626
780
1381
1870
1850
1040
985
989
1034
1029
953
918
936
1075
434
382
396
945
851
950
819
1018
962
699
760
655
812
707
679
681
665
672
337
583
490
542
554
603
375
447
521
466
445
468
515
487
473
486
496
436
532
490
423
469
441
504
489
463
432
495
542
430
502
463
504
501
493
486
437
432
441
506
469
476
531
447
479
513
471
482
482
449
482
424
462
525
484
495
654
451
511
511
438
424
504
485
531
516
515
535
539
520
451
539
508
515
506
443
451
482
489
514
520
514
505
466
422
874
918
1071
1074
1073
1164
1135
1049
1145
920
988
950
1066
435
404
393
378
392
1052
1000
1024
920
351
1041
989
929
1048
1059
1051
1186
760
727
891
973
726
567
1056
778
787
601
756
768
715
446
428
788
1078
1144
916
1045
1007
1256
700
662
743
764
1129
752
455
476
377
410
468
438
376
709
576
426
467
481
428
489
467
560
377
488
524
432
472
493
497
482
470
706
437
445
418
383
555
511
439
472
503
455
576
513
531
478
502
440
646
420
422
367
373
413
728
709
784
711
609
377
554
728
698
750
707
755
738
735
694
733
747
741
695
692
638
694
652
720
827
433
438
412
485
462
635
366
1242
450
999
615
581
441
452
493
528
385
467
469
446
420
414
462
455
452
477
482
564
374
440
455
468
477
392
476
414
539
514
676
740
612
548
449
437
446
383
412
818
1058
1138
1139
743
810
686
724
760
714
758
762
770
776
779
741
726
700
782
823
649
658
860
742
768
751
727
719
733
715
767
739
711
717
715
708
745
712
729
721
665
779
771
719
587
610
432
638
606
384
398
538
844
1021
1007
1123
1144
1058
1038
1833
776
770
494
486
906
527
730
450
416
1210
442
438
985
1096
1044
1144
971
776
776
753
751
726
761
773
764
641
666
624
624
403
446
581
727
775
475
502
492
573
976
805
483
587
527
387
502
456
359
465
615
625
673
373
416
423
446
476
445
508
457
516
497
436
480
502
411
476
540
503
450
536
435
494
504
476
427
489
494
503
409
454
479
474
530
468
442
435
495
453
484
519
534
617
433
497
628
761
527
688
486
865
700
785
743
750
662
696
671
659
689
727
688
734
650
676
703
720
729
769
810
928
691
1201
1204
1650
1348
420
975
1120
1130
1176
1113
688
1006
1134
1147
1443
894
385
509
713
736
618
525
446
407
449
436
485
1225
509
680
497
359
473
387
423
392
617
601
780
870
431
653
502
408
410
389
472
824
423
529
481
450
406
537
483
470
497
581
617
514
408
428
473
500
428
386
404
440
438
474
652
534
633
579
451
379
784
744
759
610
490
440
496
672
572
594
439
387
416
424
532
452
432
577
452
430
410
444
509
512
513
433
488
487
528
522
474
479
443
496
504
430
519
492
499
504
499
484
443
508
645
522
466
446
449
381
421
351
363
367
437
434
415
506
429
504
524
541
425
399
428
438
860
755
764
790
684
627
1043
841
441
479
449
593
625
499
368
617
364
629
822
