2227
2357
1538
1715
1704
1495
1539
1615
1534
1679
1657
1414
1638
1444
1636
1701
1920
3576
2274
3071
3097
2923
3517
3724
3501
2922
3462
2634
2716
2432
2061
2012
1359
1432
1553
1523
1577
1606
1740
1555
1413
1560
1602
1591
1629
1396
1624
1432
1471
1610
1652
1452
1565
1547
1479
1482
1483
1419
1604
1585
1673
1243
1885
1965
3109
2690
3928
2388
1883
1464
1651
1431
1458
1526
1617
1849
1659
1755
1606
1704
1527
1575
1554
1843
1281
1221
1378
1422
1363
1592
1578
1635
1678
1463
1553
1536
1348
1662
3285
3027
2222
1360
1761
1850
1729
1461
1717
1628
1583
1480
1333
1387
1548
1597
1650
1518
1371
1437
1556
1462
1462
1612
1342
1641
1568
1355
1679
1346
1365
1371
1467
1752
1403
1662
1474
1626
1630
1509
1374
1259
1621
1541
1220
1579
1370
1553
1526
1546
1524
986
1598
1482
1503
1566
1578
1556
1765
1507
2308
1870
1378
1711
2276
1369
1324
1414
1646
1332
1382
1374
1584
1384
1616
1674
1505
1398
1554
1724
1450
1553
1658
1413
1548
1458
1655
1942
1812
2256
1889
1970
1317
2220
2460
2331
1757
1821
1753
1802
1585
1659
1611
1420
1408
1608
1599
1606
2450
4082
3794
1546
3417
2207
1347
3350
2003
1824
2201
2209
1566
1425
2525
3363
2326
3142
1683
1186
1263
1131
2508
2277
2441
2124
1213
1397
3350
3662
3442
3041
2733
2749
2520
2278
2308
1812
1494
1380
1506
1582
1688
1352
1629
1634
1519
1721
1615
1587
1549
1494
1609
1521
1635
1502
1060
1694
1534
1257
1338
1640
1354
1563
1557
1484
1413
1564
1465
1545
1373
1538
1616
1705
1768
1444
1449
2111
1980
2192
1894
1635
1655
1682
1471
1585
1383
1410
1811
1287
2836
2447
3669
2528
2728
2538
2908
1474
1792
2499
2203
2568
1305
1511
1607
1659
1693
1618
2541
2669
3224
3887
3939
2731
2383
2616
2584
2153
1754
3266
5408
3130
1539
1673
1570
4253
2422
2853
2738
2744
1289
1616
1537
1637
1523
1561
1357
1463
1638
1327
1468
1709
1573
1761
1544
1386
1561
2187
1799
1452
1565
1379
2042
1406
1405
1603
1365
1432
1363
1378
1612
1464
1321
1645
1639
1626
1520
1323
1471
1541
1596
1372
1553
1526
1620
1671
1620
1905
1753
1603
2250
1375
4165
3813
3719
3136
2403
2634
2051
2282
1793
1378
2109
1837
1325
1436
1586
1509
1427
1650
1501
2066
1479
1250
1363
3340
3464
2939
1799
1340
1697
2175
2040
1543
1530
1543
1467
2791
2021
3144
3201
3204
3068
1820
2598
2472
2423
1639
1635
1326
1476
1498
1583
1456
1530
1410
1593
3660
2138
1192
2712
2583
2086
2874
1808
1463
1245
1311
1616
1310
1805
1799
5287
3549
3203
2939
1759
1157
2126
2096
1066
1609
1595
1512
1372
1511
1472
1806
1410
1580
1509
1600
1331
2287
1851
5296
1869
3036
2020
1524
1322
1616
1844
2228
2567
2784
3329
3511
3502
3249
3692
3663
3725
3759
2946
2817
2413
2131
1802
1461
1664
1577
1558
1557
1467
1586
1514
1530
1351
1588
1601
1561
1626
1653
1735
1546
1810
2742
3290
3507
3351
4046
2723
2221
1467
1542
1561
1627
1446
1588
1655
1560
1678
1329
1636
1567
1829
1949
1418
2426
1469
1669
1489
1603
1385
1730
1248
2325
1732
1743
1553
1889
2398
2030
1582
2201
1493
1374
1795
1551
1407
1454
1324
1337
1936
1833
1495
1814
1287
1296
1534
1413
1303
1406
1462
1644
1513
1430
1984
1611
1322
1378
1757
1396
1445
1403
1566
1568
2205
1364
1485
1477
1697
1428
1497
1326
1701
1251
1336
1345
1229
1552
1655
1658
1369
1898
2299
1510
1608
1104
1297
1611
1866
1948
1969
2212
1469
3037
3173
2887
3607
1661
1725
2470
2197
2298
1552
1788
1594
1573
1472
1343
1594
1268
1539
1479
1449
1583
1653
1732
1458
1553
1572
1366
1435
1565
1617
1625
1436
1631
1566
1622
1660
1655
1578
1602
2303
1835
1552
1339
1436
1482
1631
1506
1596
1388
1535
1634
1360
1735
1563
1585
1622
1308
3476
2963
3842
3581
2663
1138
1425
1620
3910
2190
3263
4953
2833
4207
2725
2336
2093
2082
1858
2908
2774
3836
2244
2875
3257
3697
3412
3792
2585
2959
2901
2002
2499
1831
2042
1317
1404
1425
1637
1639
1604
1446
1511
1369
1413
1419
1514
1533
1559
1493
1344
1396
1544
1439
1321
1548
1584
1555
1601
1558
1327
1615
1354
1560
1521
3101
3558
3428
2973
2537
2888
3037
3550
4251
3514
3201
2981
2854
3723
3104
3269
3612
3626
3369
3425
3510
3664
2705
1689
2823
5342
3283
3574
4175
3674
3597
3344
4077
3484
3702
3234
3481
3030
2342
2436
2161
1774
1719
1683
1500
1590
1532
1541
1557
1429
1675
1415
1477
1557
1699
1564
1645
1568
1579
1395
1683
1377
1347
1680
1544
1596
1587
1581
1398
1551
1381
1585
1649
1599
1305
1642
1558
1581
1686
1594
1519
1559
3263
3473
3522
2235
3340
3727
3057
3968
3463
3587
3399
3735
3476
3605
3374
3392
3056
2411
2792
2105
2033
2109
1574
1423
1736
1330
2329
1587
1916
2160
1675
1816
3706
3571
1402
2597
3622
3697
4034
5695
3796
3369
3881
3561
3687
3542
3401
2578
2668
2213
2052
2072
1765
1473
1543
1328
1439
1497
1657
1637
1620
2858
3584
1459
1536
1659
1557
1662
1943
1394
1455
1648
1740
1364
1570
1538
1501
1565
1703
1707
1695
1660
1441
1561
1420
1483
1534
1942
3064
3209
3679
3706
3016
3437
2306
2630
1924
2356
2123
1425
1821
1678
1493
1340
1433
1637
1572
1533
1334
1601
1548
1371
1548
1597
1442
1467
1723
2007
1962
3422
3548
1939
1496
3792
3607
2405
2608
3636
3253
3741
1973
3666
3600
3541
3597
3565
3929
3418
3210
3528
3594
3472
3935
3708
3450
3136
3454
3397
3160
3285
3535
2692
3133
2823
2571
2162
3571
3578
3049
3616
3326
3564
3634
3492
3718
3151
2900
2815
2484
2546
1908
1679
1572
