6287
3445
2409
1494
3638
2724
1902
1649
1509
1714
1478
2193
1674
1209
1594
1548
1567
1688
1593
1594
1387
1938
1291
1635
1559
1584
1568
1554
1406
1562
2014
1378
1625
1600
1673
1704
1675
1664
1356
1427
1342
1161
1408
1523
1467
1405
1432
1539
1558
1458
1605
1441
3911
3654
3232
3727
3060
3641
3577
3744
3490
3417
3591
3570
3460
3497
3302
3914
3032
3424
3465
3700
2672
3064
2976
2426
2422
1989
1478
1594
1472
1548
1498
1596
1611
1381
1266
1509
1639
1654
1599
1645
1690
1385
1620
1991
2283
2211
2191
4159
1939
1598
2017
3649
3405
1418
1360
1769
2057
1907
1772
1704
1577
1622
1503
1475
1259
1434
1616
1333
1243
997
1319
1448
3519
6706
3979
2498
3274
1722
3648
2760
3059
1096
1823
1569
1739
1626
1795
1216
1547
1878
2451
2373
3054
1873
4749
3720
3301
3848
3308
3869
3025
3307
2605
2588
2328
2025
2146
1550
1475
1395
1498
1344
1399
1485
1530
1497
1657
1649
1550
1384
6352
3747
3530
3798
2921
2944
2949
3598
1612
1617
1397
1586
2675
3196
1821
2223
2550
3715
3820
2461
3587
3056
3450
1224
3442
3217
3559
3101
2220
3633
3549
3363
2495
1663
2221
2066
1528
1555
1554
1572
2251
3174
4024
3630
3294
3389
3652
3051
3659
3584
3491
2748
2568
2613
2274
1936
1746
1556
1467
1535
1595
1537
1455
1439
1520
1662
1511
1424
1350
1536
1629
1631
1240
1463
1335
1685
1611
1561
1582
1543
1728
3631
3395
3421
3380
2989
3053
3034
3353
3096
4048
1341
3603
2480
1918
3196
1855
1400
1515
1852
2007
1144
1436
1631
1500
1509
1559
1647
1580
1831
1730
1856
1804
1841
1362
1569
1424
1394
1490
1516
1913
2372
2653
2230
2240
2044
1927
2187
1685
1579
1688
1538
1669
1476
1545
1277
1577
1642
1658
1577
1387
1569
1674
1607
1707
1289
1598
1347
1673
1575
1567
1419
1561
1863
2364
1467
1417
1712
1703
1709
1662
1674
4073
2366
1654
3650
3522
2456
3118
3286
3077
2771
3238
2663
2362
2342
1966
1638
1555
1551
1446
1675
1416
1592
1547
1519
1442
1483
1719
1582
1476
1583
1555
1521
1377
1637
1340
1482
3848
3472
3358
4039
3105
1918
1748
1200
3733
4385
3456
3776
3732
3591
2652
3339
1596
2087
2048
1830
1780
1579
1621
2018
2401
1558
1582
1551
1703
1499
1344
1406
1365
1104
1398
1359
1374
1649
1640
1500
1320
1437
1538
2048
3496
3644
2656
1815
1750
3470
3793
3566
2869
3027
3567
3288
3269
2750
3684
3269
3288
3497
4639
3262
3689
2666
3027
2342
2121
2325
1516
2299
2797
3466
3575
3319
1793
3282
2764
3837
4795
2298
3496
3684
3643
3190
3740
2967
2839
3108
2726
2754
1924
2118
1673
1662
1575
1475
1464
1589
1627
1628
1651
1258
1369
1568
1511
1391
1628
1612
1571
4644
4890
5885
6799
5435
2493
3189
4560
2652
2339
2132
2381
2672
2415
2357
2137
2193
2183
2131
2216
2067
1418
1818
1330
2086
1718
1664
2044
1920
1669
2521
2028
2069
1871
1805
1977
2126
2283
2434
1427
1422
1528
2309
1703
1197
1226
1472
1770
2400
2349
3493
2601
3350
1691
1926
1285
1550
1294
1490
2001
1573
1413
1444
1425
1561
1397
1408
1382
1864
2185
2349
1707
1557
1299
1169
1576
1925
1376
1923
1411
1609
1539
1598
1546
1945
1291
1851
1595
1526
1501
1659
1583
1326
1777
1975
1579
1366
1510
2118
1442
1449
1397
1533
1438
1374
1602
1205
1717
1467
1602
1611
1429
1537
1580
1454
2075
3180
1665
1420
2777
3532
2221
3996
3142
1608
2283
2956
2632
2708
2167
2095
1214
1926
2171
2889
1575
1397
1879
2869
2278
1558
2202
3615
2022
1292
3300
1547
2206
2682
1882
2065
4858
4858
3004
1870
1267
1498
1549
2187
3787
3231
3174
2578
2009
2136
1858
1595
2339
3938
2048
3566
3318
1975
2972
3088
3219
3374
2919
2715
2483
2479
2226
1852
1574
1484
1562
1646
1558
1551
1622
1636
1549
1419
1418
1681
1544
1585
1270
1605
1550
1667
1505
1325
1287
1637
1606
1600
1574
1356
1718
1603
1224
1501
1586
1457
1572
1581
1764
1368
1357
1595
3593
3244
3206
3817
2096
2949
2917
1249
1348
1385
1325
1567
1264
1458
1854
3261
3351
2930
1645
2969
1283
2382
2340
1690
1923
1281
1453
1512
1838
2372
2553
1607
1426
1994
2221
2132
1744
1689
1642
1233
1741
1666
1457
1619
1707
1745
1476
1493
1101
1318
1676
1551
1615
1385
1550
1718
1655
1700
1395
3122
3935
3575
2976
1560
1318
1787
1161
2491
2054
2984
2045
1986
3292
3050
2432
2170
1897
2146
1913
1680
1805
1688
1520
1730
1319
1592
1338
1456
1411
1398
1640
1583
1687
1635
2225
3733
3383
3610
3407
3680
3446
3611
3022
2650
3067
3013
2091
2293
2031
1259
1807
2055
1936
2397
1917
4978
1843
1651
2385
3942
3661
4494
3941
3302
3224
3212
3591
3313
3384
4083
3372
1484
3593
3482
3330
2700
1176
1631
1892
1916
1670
1596
1638
1649
1400
1309
1451
1564
1592
1447
1523
1577
1688
2532
3726
3680
3260
3682
3687
3634
3569
3683
3550
3631
3458
2788
3280
2677
1684
1601
1607
1588
1456
1672
1175
1486
1528
1668
1715
1454
1415
1587
1574
2360
3570
3333
2515
3620
1545
4721
2963
4057
3927
2072
2738
4509
1951
1903
1915
1772
1441
1696
4346
1031
3041
3585
2447
2066
2961
2961
2815
2232
2597
2430
2729
1812
1657
3195
3089
3637
1597
2663
2394
2161
2220
2042
1354
1553
1631
1739
1431
1465
1364
1560
1687
1793
2227
1399
1355
1584
1377
1564
1352
1346
1656
1171
1552
1735
1607
1277
1385
1400
1591
1698
1811
1499
1669
1382
1370
1383
1419
1367
1486
1641
1327
1753
1252
1473
1349
3750
3985
3658
3776
3604
2831
1413
2611
3820
1310
3600
2351
2097
1486
1777
1643
1507
1575
1460
1415
2898
1163
1248
1818
2048
1709
1807
1837
1525
