103
96
90
94
85
86
98
98
95
95
101
92
85
97
97
90
144
157
103
103
104
102
92
97
103
101
95
101
107
92
95
104
94
108
105
103
99
87
85
95
93
95
87
93
87
94
90
95
101
85
96
98
101
98
93
88
97
96
93
92
85
93
93
87
92
97
96
100
99
92
97
90
90
87
100
90
93
106
101
99
96
98
97
88
95
98
95
88
93
96
103
95
96
102
93
106
97
89
100
103
92
87
99
95
98
94
97
101
103
101
103
111
92
91
95
106
108
89
91
100
94
92
102
99
104
92
86
102
97
100
105
93
103
96
98
99
89
102
100
95
101
102
91
93
106
99
135
103
107
93
96
110
101
96
100
108
105
108
94
98
97
90
100
92
98
104
107
100
99
100
88
92
99
109
103
102
104
90
92
98
100
86
101
95
99
103
97
96
95
91
100
95
99
98
96
101
104
101
98
97
110
104
96
101
104
101
103
103
100
104
97
105
111
103
104
104
105
99
106
106
101
106
104
102
102
105
103
102
97
105
106
104
101
102
97
91
101
91
95
104
101
98
94
87
97
93
87
97
94
94
93
90
104
85
96
85
92
90
91
98
99
87
90
99
100
86
86
91
90
99
142
96
101
106
105
107
110
87
100
105
99
87
104
97
99
94
89
102
105
108
105
104
87
104
106
98
91
103
97
93
106
102
106
103
86
97
88
104
100
100
102
103
92
96
101
108
90
99
97
88
98
108
106
101
98
100
100
88
98
102
105
100
89
101
104
93
89
99
101
101
87
97
88
99
107
101
91
100
99
105
99
101
100
105
98
96
90
93
100
99
92
98
103
97
89
94
105
93
92
107
99
111
96
95
91
96
101
94
99
87
95
97
94
104
93
90
102
95
96
95
104
91
95
95
122
102
105
102
92
102
100
97
102
106
99
93
100
102
93
109
98
92
85
92
100
93
95
87
91
97
94
96
98
89
87
100
97
96
95
99
95
94
99
98
97
99
97
95
89
99
101
96
90
93
91
99
104
92
98
91
91
104
86
90
96
93
99
100
101
97
91
104
87
89
92
104
102
93
97
87
97
100
93
99
97
100
101
93
95
86
91
103
104
96
88
97
98
95
101
99
94
94
95
97
96
96
89
95
97
99
87
95
93
90
99
101
100
92
101
104
94
103
103
93
95
92
95
100
92
107
130
155
115
112
105
107
107
99
103
98
130
128
111
102
99
96
101
101
94
183
132
156
170
123
107
132
106
98
112
97
96
102
93
104
103
174
135
106
103
116
94
104
102
103
108
137
148
126
149
133
95
134
98
112
127
103
119
116
105
116
106
111
99
101
102
96
110
106
101
94
97
110
109
106
106
97
106
100
96
103
109
106
105
102
95
102
104
96
107
102
107
97
103
102
95
91
93
97
102
106
112
106
92
116
96
100
96
109
127
108
110
91
103
99
106
102
106
107
87
88
81
92
93
83
88
82
94
95
97
88
98
89
92
84
85
91
87
97
98
96
100
94
92
98
94
99
84
87
98
98
86
86
93
100
92
96
92
102
88
86
100
100
92
99
101
103
95
97
95
98
87
93
98
100
86
94
92
89
94
101
102
91
106
98
85
86
95
87
95
86
94
93
87
86
96
96
93
101
97
95
95
97
89
87
96
94
93
89
94
89
88
93
84
94
92
100
98
97
93
89
91
89
100
100
97
92
96
98
99
91
96
101
95
188
143
125
90
94
106
100
100
95
100
97
99
99
95
104
88
105
99
85
94
85
101
89
85
91
99
83
83
91
91
93
91
83
90
101
87
91
83
92
99
93
82
92
89
92
87
88
89
94
91
91
82
83
93
97
87
91
98
96
92
89
84
93
87
93
84
95
86
91
89
101
94
92
84
98
87
92
94
93
87
96
94
93
106
100
167
99
114
107
100
130
119
111
97
107
100
96
102
95
89
99
93
92
96
91
90
92
91
97
92
99
99
95
96
92
97
92
90
95
91
95
93
86
93
92
91
94
93
93
94
97
94
99
91
88
94
87
90
96
89
95
87
85
100
98
93
98
95
90
107
102
91
88
95
98
99
84
104
90
88
95
94
93
100
105
89
95
86
95
87
104
97
101
101
95
92
103
88
105
97
93
106
98
100
103
86
86
101
108
101
100
89
98
103
87
99
96
94
98
101
100
101
93
99
102
98
93
98
105
88
91
102
96
105
92
104
95
91
110
143
106
111
109
103
110
103
104
108
105
88
93
100
96
101
96
96
95
93
87
85
94
102
96
96
100
93
92
