64
43
32
34
41
35
35
34
33
35
36
37
34
33
37
34
35
37
32
36
29
30
31
33
31
31
30
29
29
30
29
31
30
30
30
31
28
30
31
29
29
28
30
33
29
31
30
30
32
30
28
30
28
30
31
29
29
30
30
31
31
29
30
34
30
30
29
32
30
32
29
31
30
30
31
34
36
35
30
31
30
30
32
30
30
29
32
29
29
32
30
30
29
28
28
31
29
29
31
29
29
32
33
28
30
27
31
30
27
29
30
32
29
32
27
31
30
29
28
29
30
27
34
30
31
31
28
30
29
28
28
32
28
30
31
31
38
35
32
34
31
32
28
31
31
32
28
31
30
32
30
32
32
28
29
28
30
27
28
33
30
36
29
31
32
30
30
29
32
30
30
32
31
30
31
32
31
30
29
30
31
35
30
28
33
31
31
32
84
60
49
32
33
31
30
28
29
29
28
30
31
29
28
31
35
32
36
31
32
34
35
34
34
31
34
34
36
32
30
28
34
30
31
29
31
29
27
29
33
30
31
29
31
30
31
29
30
29
30
37
39
32
32
31
32
30
31
32
28
32
31
31
32
31
31
32
30
32
31
33
31
31
31
31
31
28
30
30
31
32
32
30
31
30
31
28
36
31
29
34
30
34
30
31
29
29
31
31
31
32
33
28
33
28
29
32
31
32
32
32
29
28
29
28
30
28
29
29
29
31
32
31
30
31
30
28
32
32
32
32
31
32
32
29
30
32
30
31
32
31
31
31
31
28
31
32
30
31
35
32
28
31
29
32
32
29
33
29
28
29
33
32
31
33
34
28
30
32
34
31
32
29
31
32
32
33
32
32
28
29
30
28
31
31
30
32
32
38
32
37
36
34
38
33
30
29
29
32
29
31
31
29
30
32
32
31
30
35
29
28
33
31
34
31
30
33
30
31
30
29
30
31
32
30
31
30
32
34
30
31
33
34
32
31
32
32
34
31
30
31
32
32
32
33
31
34
34
36
32
32
32
35
32
38
31
31
31
31
31
33
36
29
34
32
34
31
40
35
31
29
32
29
33
31
32
31
33
34
32
32
29
32
31
34
31
30
34
33
29
38
32
36
33
32
29
29
29
32
34
29
32
28
29
32
31
31
36
30
33
33
30
32
32
32
33
29
31
32
33
33
29
33
30
32
33
38
30
30
33
37
31
30
34
32
30
33
32
31
33
32
33
33
76
58
68
62
33
36
36
32
36
34
35
36
33
33
37
33
33
35
34
36
32
35
32
37
31
34
32
36
34
32
34
32
32
34
33
32
31
34
36
33
34
36
37
32
33
32
32
35
34
32
34
36
35
33
34
33
33
34
35
33
32
32
38
34
35
34
31
34
34
34
31
32
34
34
35
32
39
35
33
32
35
32
38
35
34
36
34
33
36
36
31
36
33
34
34
32
32
36
32
33
35
37
35
34
36
35
35
36
35
31
33
35
34
33
37
31
34
34
32
28
29
31
31
30
30
28
31
30
29
27
30
31
29
28
30
30
31
30
31
31
30
34
32
28
30
30
31
32
31
28
30
28
28
29
30
30
31
31
30
30
30
32
32
29
30
30
31
28
32
32
32
28
32
31
31
29
32
31
31
30
34
34
33
35
34
31
32
29
28
31
30
28
29
28
28
30
31
31
33
32
34
30
31
32
29
31
28
32
31
29
33
30
31
31
33
31
31
31
32
32
34
33
32
30
29
30
33
30
32
32
30
31
32
29
31
31
29
37
34
39
31
30
29
32
33
30
31
31
33
33
31
32
31
31
28
32
29
32
32
36
32
31
29
32
28
31
30
31
30
33
29
31
30
29
29
32
31
33
30
34
29
31
34
30
29
30
28
29
29
32
33
29
29
32
30
28
29
29
34
31
30
31
29
31
29
29
30
32
30
29
32
28
31
30
33
32
29
29
35
32
32
32
31
32
30
29
29
31
33
32
30
31
33
30
32
28
33
36
69
62
58
59
60
58
57
61
71
59
66
59
58
56
59
59
59
59
56
69
49
53
55
58
52
47
52
56
52
53
50
54
56
51
50
56
57
51
51
71
65
59
52
53
56
52
54
50
48
64
53
54
53
53
57
49
55
54
51
56
59
58
54
53
37
32
35
34
34
34
49
35
35
36
33
32
35
35
32
37
35
34
35
32
35
37
34
31
31
33
33
33
36
31
29
33
32
29
36
30
33
32
33
29
31
30
32
31
32
31
31
30
29
30
28
30
31
29
36
28
31
31
31
31
32
31
29
31
32
29
