67
64
65
53
51
57
59
57
58
59
58
59
59
55
56
56
57
55
59
56
54
56
59
58
58
60
61
56
54
55
58
57
52
62
56
55
56
57
55
57
54
59
56
58
51
57
51
56
55
53
53
57
52
53
53
57
57
57
55
55
53
55
60
56
53
59
56
57
51
59
56
56
58
52
61
53
50
58
56
58
57
52
56
54
50
56
59
50
52
56
53
56
57
53
56
60
57
56
54
57
56
52
55
57
59
56
58
56
60
51
56
55
59
56
53
51
60
54
57
56
59
64
58
58
58
51
52
52
60
60
55
58
57
56
60
59
60
56
59
57
60
61
58
60
59
52
59
55
55
54
55
54
62
62
58
53
63
59
57
53
57
57
56
57
53
57
60
57
61
56
57
59
56
61
60
60
62
56
58
59
57
58
56
54
72
70
71
61
63
68
60
62
58
63
57
61
63
58
62
63
60
61
60
57
58
64
60
58
58
61
58
62
59
55
59
57
54
56
63
55
58
62
58
60
66
61
67
54
61
61
63
55
58
58
62
64
62
57
66
62
58
58
60
65
64
56
56
56
54
64
56
66
63
63
54
61
65
56
61
64
63
64
61
59
64
61
60
59
66
65
56
62
62
63
63
58
57
61
60
64
59
58
64
61
63
57
64
62
55
58
54
59
55
56
61
61
63
55
62
62
56
55
57
56
61
62
63
60
62
56
64
62
62
62
57
65
56
58
58
58
54
56
63
61
59
56
57
64
55
64
60
60
60
53
59
59
62
53
60
53
56
60
63
61
62
62
57
56
54
58
57
61
60
63
61
58
60
59
61
54
55
55
57
54
59
61
55
62
63
60
63
56
65
59
62
57
60
61
54
63
83
71
66
58
66
60
69
64
63
62
61
62
62
59
61
72
60
62
62
65
67
59
65
69
58
59
71
62
67
68
57
62
64
63
68
65
92
74
81
62
55
59
66
64
107
87
67
66
62
56
66
68
66
59
70
68
63
76
59
61
64
91
81
80
86
70
75
59
57
69
101
67
92
170
70
132
120
122
129
123
154
135
131
139
142
104
132
64
67
61
67
66
57
62
66
109
64
72
65
85
108
113
87
106
62
70
66
66
63
59
66
73
66
68
66
69
59
66
60
63
71
64
66
60
65
67
63
59
61
58
69
65
57
63
63
63
67
65
65
68
69
64
59
60
62
63
63
59
65
64
65
64
63
63
64
59
64
63
68
58
65
62
67
59
66
66
67
64
63
65
65
63
65
70
68
68
67
67
51
58
53
60
53
56
51
54
59
56
54
53
56
57
54
56
52
54
57
57
59
50
56
56
57
57
56
59
57
51
57
52
58
59
60
60
54
53
58
58
57
56
61
58
60
58
60
62
56
64
61
55
60
57
57
62
60
59
54
62
54
57
57
58
65
56
63
55
59
61
60
58
63
77
73
245
191
122
120
121
120
129
126
137
121
108
120
138
105
115
105
136
124
114
63
60
52
57
53
55
57
61
56
60
56
52
55
59
52
61
58
55
56
56
57
53
53
58
56
60
59
57
57
54
53
61
59
51
59
65
54
61
56
50
56
53
57
56
56
58
50
56
57
63
56
56
56
57
56
54
51
58
58
60
56
57
56
61
51
55
56
61
56
51
57
58
52
59
58
52
58
61
54
59
58
58
56
53
57
59
65
53
58
54
63
61
56
58
56
55
58
59
55
56
62
57
58
60
60
58
54
54
62
55
58
56
56
52
62
59
55
61
58
58
55
60
57
61
60
64
59
56
59
62
58
54
54
58
53
61
54
58
57
64
61
62
56
60
60
58
57
59
56
59
62
63
58
61
56
59
62
62
56
62
63
61
153
59
61
61
55
62
57
68
64
78
82
66
59
67
65
74
69
70
59
54
60
59
64
63
62
58
62
58
59
57
66
60
55
61
66
58
55
57
57
55
62
59
59
60
53
57
63
66
57
64
64
59
61
64
64
68
61
61
55
64
62
54
53
61
59
59
64
62
59
62
65
62
60
58
59
58
60
59
59
60
55
54
60
56
65
57
57
56
58
60
61
62
59
61
58
60
66
61
64
58
60
58
54
58
65
58
56
66
57
62
61
63
57
59
60
62
59
62
65
61
64
64
64
61
62
68
64
57
62
56
60
55
62
54
57
60
61
60
63
56
56
62
64
63
59
53
59
58
60
62
61
54
60
60
57
60
62
59
56
62
61
61
62
59
54
61
54
60
62
61
60
63
58
58
63
57
62
59
62
58
63
56
59
65
63
65
