274
205
230
237
263
249
222
220
244
207
237
246
265
244
222
241
221
243
253
274
264
254
225
249
248
257
251
214
253
218
267
244
245
230
255
233
264
232
251
239
256
247
245
240
238
217
247
213
252
249
268
249
222
243
270
245
244
247
243
223
271
270
259
249
253
253
254
246
228
259
242
253
264
250
261
237
264
258
242
459
1147
615
508
267
286
247
241
406
337
481
303
304
308
423
237
346
292
252
335
479
361
283
262
281
563
502
516
452
257
224
251
270
248
236
210
224
224
226
229
223
223
216
245
228
232
206
227
237
255
254
255
242
246
247
264
244
231
222
256
258
222
217
246
220
257
243
226
291
241
325
537
387
269
265
255
263
242
241
249
225
249
246
224
208
235
213
204
211
198
223
210
227
213
225
214
224
210
202
226
220
209
222
233
225
215
224
231
227
241
240
212
230
229
227
230
210
223
222
207
210
206
216
213
240
246
226
296
208
246
267
248
223
248
255
239
231
232
247
220
211
234
214
248
238
250
234
208
254
244
222
241
222
250
211
225
226
253
260
243
213
242
215
261
256
245
241
218
244
251
271
242
242
261
268
244
240
235
234
265
331
216
263
230
234
251
252
227
263
231
243
252
219
244
249
239
241
253
242
243
226
235
221
240
228
225
221
247
264
259
240
217
228
267
247
225
226
238
233
259
237
229
265
246
253
242
257
240
228
248
228
249
263
235
282
259
255
223
239
241
251
235
242
240
250
246
252
239
215
242
233
244
232
238
253
239
230
249
242
251
239
244
218
247
239
251
245
244
221
242
248
242
243
240
243
237
244
242
253
236
246
233
258
235
240
238
267
219
243
223
264
253
248
248
248
245
260
225
228
313
263
257
266
225
219
244
263
231
245
257
255
223
236
238
254
255
217
270
221
245
243
247
251
266
266
270
240
242
268
280
248
251
267
272
230
256
235
242
266
244
218
219
248
237
240
220
241
259
236
223
235
236
246
258
251
222
240
250
252
230
266
255
266
249
252
259
234
241
248
223
251
232
255
254
255
248
217
238
229
242
263
248
254
238
243
250
226
239
247
233
233
261
259
238
222
262
251
259
245
240
252
218
252
279
255
270
293
239
282
252
225
250
249
245
251
222
260
224
221
245
229
258
247
251
253
260
250
252
253
224
221
250
241
251
233
233
263
251
256
248
227
221
248
258
231
221
240
267
226
250
237
242
242
230
258
268
232
252
234
232
249
329
446
412
399
428
414
376
391
424
422
418
434
255
265
259
229
248
254
241
238
229
222
248
237
242
224
230
251
262
228
254
256
263
273
239
230
254
251
248
245
263
257
228
248
254
240
284
282
270
289
247
249
240
217
234
264
235
257
224
219
244
254
255
236
237
252
245
238
229
256
262
264
224
252
246
277
250
263
221
228
247
248
246
242
258
229
270
261
261
272
270
246
257
262
264
272
269
246
218
355
267
244
272
245
263
242
241
226
243
240
217
243
248
243
229
234
244
250
226
260
254
219
254
222
224
248
224
257
251
252
252
234
235
253
271
229
227
257
261
264
267
235
232
225
230
253
246
237
263
226
252
243
303
270
257
248
220
230
254
268
246
241
260
248
250
250
269
215
240
215
231
225
267
257
242
221
261
244
240
266
250
259
263
274
257
265
260
253
219
249
245
259
246
249
256
222
252
257
266
258
231
226
247
269
246
241
256
306
232
269
256
233
246
245
248
236
240
229
264
257
248
250
223
246
247
267
237
245
249
247
240
248
239
228
258
262
260
244
249
252
247
248
241
237
228
245
236
227
233
243
246
242
253
220
232
249
245
256
245
263
246
250
266
277
255
280
335
281
423
444
425
256
276
303
268
314
285
307
270
345
281
531
352
381
301
329
287
271
230
263
288
251
263
263
204
232
236
213
233
225
216
200
198
220
230
219
224
220
219
198
239
203
202
206
238
243
201
237
231
222
213
201
209
228
224
202
236
240
228
228
202
236
222
230
239
245
210
214
231
241
262
299
262
214
241
256
241
257
212
296
237
254
258
229
231
245
222
235
234
234
228
199
201
222
227
209
229
218
234
232
208
226
197
248
239
225
233
228
238
248
204
228
228
234
225
210
237
235
223
210
239
222
229
255
241
238
238
215
237
249
263
403
281
320
246
248
239
248
248
245
243
254
237
217
241
220
260
248
246
215
219
246
244
244
218
246
229
238
241
245
250
213
218
229
247
247
230
241
225
231
249
249
269
254
270
261
258
249
243
241
275
255
251
278
241
668
565
786
461
286
