93
95
90
92
102
94
96
95
96
102
93
92
102
97
97
98
97
91
91
96
96
98
94
100
96
89
83
85
80
76
82
86
80
79
79
80
82
80
84
81
84
80
83
87
81
86
75
77
73
82
83
88
81
86
80
77
73
83
79
74
86
80
77
75
77
88
88
81
81
89
81
80
78
82
83
84
82
75
80
87
85
83
81
81
83
81
81
80
73
86
83
90
80
78
85
86
78
84
84
87
83
83
81
81
84
87
161
111
92
91
91
100
101
93
93
94
85
93
93
122
85
91
87
95
96
87
73
83
74
88
86
83
81
82
78
83
82
85
79
88
81
88
88
84
76
92
88
86
91
90
76
91
86
90
85
79
80
85
80
75
91
86
76
87
81
80
85
93
88
85
88
91
92
80
90
80
85
83
91
89
86
91
89
79
86
82
84
77
93
84
83
85
91
84
83
80
90
81
87
84
79
91
90
87
80
87
86
82
90
85
86
85
85
92
81
80
77
81
88
85
88
84
84
89
87
78
85
88
83
80
85
84
91
88
78
89
82
80
81
82
87
90
87
90
87
88
210
105
92
85
96
80
88
87
89
84
92
88
92
94
91
94
81
81
86
86
92
88
92
85
89
93
84
80
92
82
88
87
88
88
88
79
91
87
94
79
80
91
93
92
89
87
82
96
89
88
89
94
78
87
90
93
86
82
84
90
90
87
93
92
91
87
82
92
89
97
87
95
88
90
87
87
83
79
93
91
93
88
91
83
79
87
81
89
91
91
88
97
87
90
87
89
84
82
78
84
79
84
82
80
77
87
83
79
86
90
82
84
97
95
80
93
82
89
85
86
79
86
90
89
91
84
83
81
92
86
88
94
91
81
82
89
85
92
80
86
90
89
85
96
93
86
85
90
89
89
89
92
86
86
79
92
93
92
93
91
89
91
96
83
83
88
83
91
87
91
87
90
86
83
83
81
92
90
80
91
88
97
83
87
93
94
94
95
97
94
91
80
92
94
91
90
98
94
92
90
89
90
95
92
91
88
89
93
95
87
86
87
88
90
90
82
79
91
80
77
86
83
83
82
77
92
88
87
91
87
88
78
90
81
91
87
90
93
90
88
88
89
87
93
88
85
90
93
79
90
88
91
86
80
91
90
83
90
90
87
94
81
91
84
87
89
88
87
89
88
83
90
80
90
84
86
93
85
91
83
98
89
97
95
91
91
94
91
82
81
93
94
85
91
92
85
87
94
83
86
79
80
81
86
81
85
79
94
81
92
84
90
82
92
88
90
82
89
82
87
93
91
90
87
90
81
84
81
93
79
88
81
88
89
94
94
81
89
85
80
89
92
79
87
88
82
92
88
86
91
92
96
87
92
88
97
80
86
90
86
88
87
79
89
87
82
82
88
87
88
86
88
89
93
94
80
91
87
85
89
91
89
83
87
92
91
93
88
91
93
87
86
89
91
90
89
82
79
80
97
79
90
85
87
92
78
91
93
85
80
87
84
91
83
85
86
95
115
91
94
88
84
85
84
84
85
99
85
87
87
88
87
85
92
81
91
90
85
86
92
86
80
82
89
96
83
89
93
86
94
93
92
86
92
88
90
91
82
89
88
80
96
91
92
89
88
86
87
90
91
94
79
82
86
90
90
87
89
87
89
87
89
79
85
83
84
86
81
91
88
88
79
88
86
88
86
90
88
90
86
89
84
86
87
93
81
87
89
81
87
90
94
89
91
86
78
86
90
89
85
82
86
89
77
86
81
88
91
86
87
88
85
88
88
86
84
89
86
86
92
86
84
85
86
86
92
89
80
82
82
87
89
92
85
92
114
97
89
85
79
88
84
93
87
89
90
84
84
80
78
87
86
84
85
80
79
84
83
87
83
78
83
87
86
90
90
82
88
93
89
91
85
89
90
82
92
84
89
82
86
88
86
89
84
81
85
78
85
78
87
90
84
85
80
80
90
88
93
93
89
86
88
84
89
93
87
95
86
80
83
90
87
91
94
86
87
86
87
89
91
95
88
80
90
92
90
88
86
91
84
87
81
88
86
87
91
89
81
82
85
79
94
86
89
84
80
80
87
86
86
91
90
87
88
87
78
81
87
86
87
83
87
94
86
86
87
93
87
83
88
90
81
93
93
138
90
89
89
91
86
84
85
89
88
91
88
83
88
90
82
80
87
92
79
80
88
87
99
82
96
92
98
89
92
89
95
99
94
90
88
85
83
83
78
92
91
82
91
96
86
91
88
86
89
85
89
87
90
92
99
86
95
96
96
