461
441
427
442
466
447
430
303
257
229
253
212
235
227
247
271
264
244
212
211
250
246
264
215
240
207
187
214
208
204
203
206
185
178
211
227
238
206
183
205
223
218
206
181
221
212
205
187
209
216
218
218
209
203
227
216
212
241
252
209
245
247
242
220
225
239
217
254
234
196
201
198
222
236
244
229
187
219
191
205
223
216
212
223
212
203
221
205
226
231
228
197
237
238
216
212
220
200
226
245
210
216
224
229
219
209
222
199
214
214
218
237
215
196
204
215
201
238
235
268
238
221
241
230
356
236
241
409
261
265
240
250
431
415
292
274
268
247
267
268
285
289
235
256
276
243
346
420
440
257
305
225
239
227
240
219
253
238
219
203
210
214
182
186
192
275
207
194
192
245
182
222
207
234
198
210
203
198
224
191
205
221
199
208
224
215
183
220
229
219
195
187
194
235
266
387
291
273
239
247
230
239
226
199
202
203
221
233
214
184
207
188
219
189
205
236
217
230
203
213
205
231
213
211
236
216
214
215
222
242
236
228
245
203
217
232
217
204
227
220
220
198
226
220
207
219
213
220
231
219
214
286
627
481
312
234
253
233
218
238
238
209
189
224
230
207
211
195
212
199
210
206
190
206
200
214
195
195
220
191
191
231
219
248
196
212
201
198
196
210
215
187
217
211
213
223
223
235
236
193
234
238
221
229
238
236
215
194
280
341
247
279
221
204
195
216
227
228
229
234
208
208
215
208
218
226
222
236
219
200
207
226
203
216
228
206
215
233
237
252
233
220
239
198
234
219
232
210
240
237
240
230
241
261
230
224
211
248
213
204
197
227
212
225
225
316
223
220
257
202
234
218
258
238
215
237
252
224
235
210
233
217
209
229
231
231
200
235
232
241
198
226
238
228
216
213
205
207
196
198
232
222
237
232
200
229
197
212
231
220
233
226
246
213
221
224
221
215
207
228
236
244
223
257
233
241
220
239
244
215
223
231
226
215
212
212
244
233
201
224
229
215
235
237
231
202
237
221
244
227
238
206
224
242
224
200
212
227
222
203
235
240
237
237
204
214
236
237
226
216
214
230
233
229
236
204
239
204
224
206
237
202
221
245
225
210
244
202
260
258
231
240
230
211
228
214
219
241
210
518
455
440
449
456
407
353
402
421
400
253
248
242
244
236
210
241
240
220
235
245
248
237
239
243
251
239
219
237
257
242
257
236
240
207
244
204
241
225
251
236
244
221
223
250
235
218
236
284
267
227
240
211
224
221
226
237
230
241
233
230
226
236
234
250
236
231
234
237
221
246
237
227
211
228
221
246
242
228
240
212
268
241
213
225
201
213
213
226
213
227
209
215
195
187
216
235
217
241
227
239
209
220
216
211
224
362
232
211
238
239
229
198
210
207
232
256
235
228
221
219
238
237
219
231
218
236
243
215
253
214
248
242
207
232
236
247
248
221
239
241
209
223
244
213
252
224
203
244
218
231
253
227
238
252
240
250
249
252
230
214
238
237
242
210
227
230
231
232
223
236
222
241
222
227
232
242
258
243
242
225
237
206
230
254
259
238
229
222
245
261
262
251
211
229
211
247
215
216
217
194
223
224
204
232
219
194
219
244
232
219
208
227
230
226
243
227
222
216
307
414
416
393
416
409
486
214
219
225
218
189
231
181
206
208
211
204
209
198
210
226
220
201
210
185
187
207
207
185
188
206
180
200
198
207
208
214
204
216
188
222
207
199
201
213
207
212
216
211
211
193
214
189
191
210
190
214
201
254
215
220
217
196
193
209
209
210
206
203
202
212
218
209
193
204
211
226
197
200
216
219
220
210
224
218
195
207
197
201
219
217
202
201
225
225
195
192
217
234
229
227
217
217
207
224
217
229
202
211
206
223
232
209
218
210
215
207
227
230
682
215
203
198
218
198
211
240
220
217
238
220
221
218
221
213
217
230
212
229
218
239
222
199
222
230
226
198
195
219
228
225
221
225
218
280
245
227
232
221
238
230
228
204
224
214
219
202
209
182
229
213
204
201
202
202
204
212
323
212
240
243
217
242
247
231
222
305
236
256
237
212
261
247
306
221
226
252
337
420
211
217
427
260
240
279
379
266
278
245
216
263
268
266
220
237
236
233
205
210
244
267
243
239
227
206
234
199
189
197
199
219
196
209
188
187
211
189
210
185
227
234
193
218
217
225
226
191
251
211
202
212
210
224
223
191
221
324
305
221
200
245
229
231
208
205
227
205
191
191
215
203
187
225
192
186
210
203
218
191
211
196
