413
407
393
452
426
380
365
337
450
465
497
378
430
379
423
443
418
340
316
338
349
302
348
366
376
360
374
308
340
363
340
365
399
360
343
380
319
428
347
439
364
392
315
384
376
345
383
399
339
407
404
349
494
381
798
1002
1209
1155
1164
1102
1035
344
1022
974
1059
914
1045
994
915
879
709
660
692
596
506
434
498
530
535
448
369
353
372
342
348
368
346
339
304
348
355
335
348
348
354
296
348
374
376
358
358
336
361
371
337
373
339
342
353
360
343
389
381
392
334
377
362
318
334
339
393
374
322
364
367
366
484
849
329
916
934
978
950
956
963
864
931
911
943
982
715
742
820
398
306
1074
1021
953
925
1159
1046
1119
1155
1087
1089
861
703
881
785
565
448
491
496
481
456
420
345
325
384
333
330
346
350
347
361
348
340
358
331
339
344
339
345
343
363
330
350
352
314
316
387
360
428
315
356
354
315
372
332
368
342
341
384
380
378
380
314
370
395
321
361
313
367
365
375
340
320
377
374
368
354
363
365
324
359
374
372
394
347
643
1105
906
1068
1075
888
1030
1082
1056
1089
1152
955
1063
914
814
764
764
632
546
564
578
476
402
397
358
403
400
381
372
375
383
314
295
356
363
343
313
343
355
350
347
332
312
385
354
357
431
416
430
352
341
306
356
368
317
349
366
353
312
338
315
321
319
350
336
358
349
362
354
321
348
372
352
392
384
325
376
375
358
406
376
384
407
377
403
389
392
429
350
434
440
444
395
435
429
362
465
649
433
358
417
456
660
559
446
414
396
433
395
446
519
550
460
423
426
397
412
387
433
387
294
340
313
341
331
335
312
362
328
301
332
391
810
631
376
436
314
341
334
321
467
433
402
375
407
391
397
344
383
556
397
428
380
415
358
414
338
394
363
374
407
413
399
439
339
583
728
636
405
374
414
382
366
377
385
411
361
368
398
404
391
424
347
400
406
407
352
395
378
402
353
393
405
326
326
355
313
299
360
339
657
698
713
525
364
393
372
371
393
341
379
365
351
388
361
381
393
368
345
390
384
395
352
376
379
363
407
361
393
331
388
370
434
380
381
356
383
657
446
344
319
345
387
342
372
388
387
334
357
415
404
380
424
368
380
387
383
402
398
339
388
331
394
334
380
332
395
403
406
440
398
398
362
356
378
421
375
382
322
399
395
383
371
375
412
382
334
342
382
407
384
382
386
384
367
368
375
408
351
378
378
386
379
378
344
418
390
391
439
406
330
436
416
404
548
560
395
387
386
399
352
379
361
401
390
379
412
385
353
387
416
383
349
378
397
382
397
354
372
336
399
349
382
332
381
615
710
1249
1013
954
1076
1071
960
928
1083
1040
1005
898
648
708
569
429
471
486
505
507
512
455
302
368
340
342
349
333
314
354
355
340
302
345
354
308
348
317
307
330
360
297
335
347
354
343
333
360
313
312
348
362
401
357
370
351
374
340
342
343
323
337
362
340
376
324
315
399
316
357
350
325
354
371
385
396
403
375
340
384
397
387
361
355
371
394
340
376
355
525
459
342
399
392
382
359
363
380
342
387
381
378
372
377
403
375
338
323
348
354
393
376
403
337
364
351
359
322
364
413
333
351
389
677
1013
882
582
939
942
989
1004
966
1078
1079
1085
1037
928
803
876
346
480
566
564
594
514
456
392
379
383
353
333
382
372
305
330
308
301
355
330
341
348
359
331
340
299
328
349
341
322
362
340
322
333
405
718
851
904
370
440
472
408
472
417
481
410
456
433
688
446
413
347
389
404
363
408
388
383
404
369
414
369
387
309
359
337
312
296
342
308
363
303
366
322
373
359
352
895
418
432
397
411
526
722
681
649
367
372
398
416
468
638
404
433
620
645
522
548
535
386
397
428
437
411
417
348
404
383
352
363
357
305
370
356
429
443
429
425
387
317
320
304
337
372
398
362
310
363
328
360
336
348
392
367
355
398
347
405
374
392
365
401
321
359
382
410
320
371
368
378
371
423
408
382
329
336
343
387
342
364
370
373
366
351
363
389
373
395
367
342
395
340
368
342
364
363
378
364
367
363
408
395
347
369
343
377
373
373
374
400
372
351
397
424
378
363
369
391
335
398
384
372
393
366
359
419
399
406
346
384
384
383
373
358
358
397
376
369
354
389
385
354
372
338
345
434
422
387
392
399
350
393
342
416
380
336
394
340
408
382
391
404
404
402
340
396
431
333
394
403
394
404
404
402
336
337
347
402
362
407
435
383
352
373
404
384
380
337
376
1003
503
770
1024
952
1025
1100
339
343
329
353
294
331
344
304
337
303
