291
278
248
250
284
279
285
287
251
247
283
279
282
287
282
301
269
300
276
259
290
300
292
309
351
338
275
277
267
292
303
299
309
289
306
320
265
305
318
301
320
320
320
306
327
315
316
311
289
306
317
294
293
307
270
322
310
356
300
296
314
321
294
278
290
273
276
269
323
309
600
526
539
513
585
314
277
325
329
306
321
290
279
317
303
339
303
302
272
307
322
333
324
336
304
304
291
311
289
300
294
300
316
324
291
305
338
296
307
348
549
594
476
313
308
287
304
306
320
274
310
336
323
280
279
326
329
316
333
315
313
324
300
325
294
311
341
294
319
283
306
278
342
294
306
339
347
305
277
336
304
330
295
305
272
300
307
325
325
327
289
315
329
281
327
337
336
292
317
311
320
316
305
324
317
277
312
305
318
314
276
323
295
321
315
315
321
290
323
302
283
312
375
310
327
340
337
293
345
325
315
324
332
339
294
320
306
274
317
317
332
286
315
327
319
298
281
295
280
286
324
322
327
303
330
341
324
313
334
341
344
325
337
275
340
374
334
331
337
320
323
283
321
283
283
315
339
307
276
282
323
310
333
278
309
305
324
274
286
330
335
288
317
274
320
297
317
307
282
305
308
275
327
307
306
300
328
345
456
592
605
585
400
314
334
361
354
330
277
318
306
312
284
292
314
296
326
333
287
342
330
316
272
317
283
299
276
275
275
305
300
332
298
294
321
329
286
291
429
312
372
322
334
323
334
769
591
582
432
305
527
452
457
437
370
369
376
584
350
336
341
713
338
290
317
308
297
318
318
290
276
306
310
249
257
304
256
252
311
293
280
288
279
309
266
301
255
298
306
268
287
284
293
259
319
294
348
341
370
531
539
309
286
264
318
312
304
291
301
262
288
310
281
297
256
285
293
299
271
287
276
335
308
287
299
261
306
280
326
262
312
268
332
298
284
305
311
276
353
272
321
530
448
344
329
363
323
308
303
299
295
296
306
296
313
283
288
258
285
264
289
319
262
290
264
288
300
318
276
270
301
293
265
276
319
295
301
277
317
323
308
296
397
348
299
316
320
285
342
318
343
298
319
311
264
294
307
299
285
329
325
278
345
271
274
329
330
292
312
310
273
300
269
271
326
300
319
318
292
326
282
305
311
322
422
357
488
361
577
359
289
280
300
296
297
266
287
297
297
315
297
396
303
261
303
309
299
251
275
283
279
284
289
243
264
281
269
268
247
310
298
263
285
288
263
296
303
283
282
315
291
277
298
290
323
297
256
301
300
291
257
283
282
332
280
284
315
275
398
326
333
284
291
304
260
270
272
315
305
310
262
301
321
261
287
304
263
338
309
304
302
332
305
318
321
326
289
319
317
318
288
308
298
304
325
322
308
318
309
318
315
285
319
377
313
325
289
326
311
266
320
269
330
306
308
315
306
289
313
297
308
317
323
319
319
321
324
308
301
323
312
328
316
292
304
306
326
322
315
290
290
293
274
304
317
279
306
333
330
287
337
306
287
295
311
327
319
312
301
273
334
321
328
337
325
279
311
318
313
325
301
322
302
289
326
313
311
280
301
317
304
314
280
311
302
323
298
330
286
364
332
351
341
279
277
291
349
320
330
315
271
321
275
325
318
309
320
303
350
294
321
318
318
326
325
320
285
272
292
309
306
277
278
280
272
324
318
291
352
319
281
281
369
318
330
335
351
345
333
338
318
327
305
315
303
322
314
318
287
268
298
308
307
288
330
299
307
311
282
311
305
288
326
317
316
300
281
313
327
313
307
323
308
312
282
276
379
335
336
297
315
277
288
324
293
332
292
306
288
334
301
284
323
312
321
287
315
320
309
319
285
311
310
331
314
275
299
318
299
313
275
324
283
319
329
314
349
314
280
408
337
317
320
323
321
295
314
319
335
321
298
343
348
322
309
454
480
350
333
285
365
479
327
282
295
320
320
329
335
342
327
282
320
349
320
270
301
300
273
270
552
619
295
410
326
485
491
314
755
625
615
349
336
351
300
338
283
346
348
409
331
398
290
321
320
335
348
291
307
276
305
267
277
304
312
267
446
358
306
338
306
282
296
299
293
304
303
301
304
261
445
321
325
260
364
309
422
354
322
313
292
290
290
284
275
298
307
314
254
295
290
285
288
285
257
300
273
267
262
305
304
297
290
267
301
308
318
297
290
279
263
280
308
312
274
264
315
370
605
515
342
301
320
262
271
304
304
331
346
280
314
325
322
309
284
268
307
279
275
303
300
310
343
273
274
284
273
290
304
311
