51
43
37
40
42
42
39
40
36
41
42
44
43
38
38
41
42
41
38
41
41
43
40
41
41
36
39
42
41
42
41
42
42
41
37
40
40
38
40
40
39
38
40
39
38
38
42
40
39
43
40
43
39
40
37
37
40
38
40
42
40
38
38
40
38
43
40
40
39
42
40
42
40
40
36
41
38
42
40
39
40
41
39
40
37
41
43
42
42
41
41
40
42
41
39
37
40
43
41
43
40
38
39
41
40
43
41
39
39
40
46
39
41
39
41
40
41
39
39
38
41
40
39
41
39
41
40
40
37
41
45
37
41
40
42
42
40
39
37
42
39
41
38
42
37
41
37
42
43
42
39
37
38
41
42
39
38
42
40
40
42
43
42
37
43
42
39
43
40
45
39
36
39
38
41
42
37
42
39
41
42
43
38
41
39
300
77
60
61
55
53
48
59
70
65
73
48
43
41
45
43
41
42
42
42
42
42
37
41
39
40
41
42
41
39
42
43
41
40
41
41
41
45
42
43
45
37
44
61
47
49
43
55
51
70
52
48
49
61
58
53
47
82
50
65
59
61
74
53
49
68
50
51
47
39
38
40
41
38
41
39
41
36
42
40
38
43
39
40
39
41
42
40
36
42
38
37
38
40
40
40
40
40
43
43
43
40
43
43
39
39
38
40
41
38
44
43
38
43
40
38
40
42
41
42
41
40
42
39
40
42
38
40
41
38
40
41
39
40
38
40
41
43
43
41
40
42
40
40
37
41
39
40
38
42
38
41
39
42
38
36
37
37
37
38
43
44
41
39
43
43
42
40
40
42
42
42
39
40
38
38
40
40
40
42
36
43
40
43
39
38
38
41
40
37
39
40
39
37
42
41
37
39
41
42
43
43
40
44
42
43
38
41
41
43
41
40
43
38
41
43
41
41
43
41
45
40
40
40
41
42
42
43
39
43
42
42
38
40
43
42
39
42
42
38
41
38
40
40
44
42
38
41
38
43
44
38
43
39
41
41
42
83
78
60
49
47
48
47
46
48
47
49
45
41
42
44
41
42
43
43
42
42
38
45
43
41
45
42
38
41
38
40
42
41
42
41
39
38
39
42
41
38
40
44
42
43
39
42
37
41
43
38
43
38
43
37
42
44
41
45
43
42
42
45
39
41
42
39
43
39
44
42
38
42
39
41
42
39
44
40
41
39
45
41
42
42
40
41
38
41
44
42
44
39
40
42
44
42
45
40
43
43
44
44
43
42
43
42
42
40
40
41
41
42
39
42
38
39
39
40
41
38
46
41
42
41
44
43
39
43
43
42
42
40
40
42
43
45
42
42
42
43
42
45
44
40
43
43
41
45
43
44
42
40
43
39
43
43
45
42
42
43
43
42
42
45
39
42
42
43
41
42
44
42
43
42
39
42
45
39
45
50
43
40
43
44
41
40
42
40
42
40
39
44
44
45
43
42
45
39
42
47
39
43
43
41
42
45
43
42
42
44
45
46
45
42
42
40
44
43
44
39
41
45
40
42
41
44
42
43
42
43
41
40
45
42
45
45
44
43
45
39
45
39
41
42
41
39
44
44
43
42
45
45
42
45
43
42
44
43
48
40
41
45
82
48
48
45
46
45
44
44
41
40
46
45
43
43
45
42
42
45
44
45
43
45
43
44
45
43
41
45
43
45
43
45
40
41
42
45
41
43
44
40
45
42
44
44
43
45
43
39
41
43
42
44
45
43
42
47
44
42
42
44
44
45
44
44
47
44
44
44
39
39
44
43
44
46
43
41
44
46
43
45
41
39
42
46
39
43
42
45
45
45
43
44
43
45
46
45
44
47
46
43
44
44
43
45
45
42
40
43
44
40
45
45
45
42
48
43
45
43
43
43
46
42
40
43
42
42
41
46
46
39
41
44
43
40
45
45
44
41
44
42
40
42
45
40
44
43
41
44
42
43
41
43
44
47
45
43
45
41
46
43
43
43
45
44
43
42
45
39
41
42
45
44
44
42
41
44
43
39
41
40
42
43
43
45
40
45
45
41
43
39
45
45
40
46
44
44
45
43
40
46
45
43
42
43
41
43
40
40
45
43
40
42
45
44
41
42
42
43
42
44
44
45
41
43
43
41
45
40
43
46
42
41
43
46
42
46
44
41
42
42
46
43
42
43
44
44
45
41
42
39
42
42
49
42
45
43
44
40
41
44
45
94
89
45
46
46
58
45
46
50
50
50
43
49
50
44
49
50
48
48
50
48
49
48
51
48
49
43
45
48
51
46
48
51
52
