84
89
86
95
89
82
94
97
84
85
89
93
75
74
75
77
76
71
75
76
76
78
79
70
77
84
79
77
71
74
71
77
82
76
81
82
75
74
76
92
94
69
90
95
83
74
77
71
73
71
79
81
76
80
77
78
75
76
77
73
75
80
74
75
72
75
78
76
89
83
69
76
70
78
78
75
79
80
71
81
83
76
77
77
83
76
79
80
76
73
70
80
72
81
85
80
79
78
88
81
84
81
78
77
73
74
73
81
87
87
80
75
73
76
78
79
75
72
74
82
70
88
157
160
163
145
148
169
170
166
165
170
166
160
95
85
89
95
85
81
74
79
83
77
82
78
77
84
73
79
85
91
71
75
78
79
91
72
83
85
78
79
78
81
82
72
84
72
83
77
73
77
78
81
75
74
84
73
82
76
92
83
74
78
86
79
85
79
77
83
80
76
77
80
77
75
76
73
78
81
85
80
79
72
87
80
85
87
78
75
75
87
79
72
82
86
74
78
78
72
74
77
85
78
78
88
78
81
79
80
79
77
81
83
79
74
80
74
79
81
78
81
72
86
86
85
84
72
75
87
83
88
90
80
86
75
82
81
79
77
94
176
93
80
88
83
87
83
80
85
74
79
84
84
89
91
79
85
83
79
89
89
78
74
82
87
86
75
86
83
89
81
76
90
84
84
84
84
75
86
85
82
75
76
82
86
83
76
83
85
74
75
77
84
78
74
74
88
84
84
80
72
73
73
82
80
79
76
82
75
89
88
87
75
73
89
81
82
87
87
79
90
88
88
89
84
83
83
81
92
82
89
87
83
86
79
82
83
87
77
84
75
83
83
77
79
76
82
86
82
82
83
86
82
83
96
79
77
84
78
86
80
81
78
84
81
87
86
84
82
92
82
88
83
81
94
86
79
83
83
81
82
85
85
82
83
86
86
90
76
83
86
79
74
83
86
90
94
85
86
83
89
88
79
87
82
81
79
86
73
80
85
81
76
86
83
80
85
85
84
80
82
81
74
81
77
83
74
79
82
86
84
80
80
84
83
83
84
82
83
78
85
75
81
85
85
83
81
80
83
85
83
83
81
79
81
86
88
91
86
83
92
89
89
87
77
86
91
75
78
92
76
74
88
83
89
76
85
73
81
86
77
84
84
81
85
81
83
78
86
83
87
89
85
88
79
87
80
83
83
86
84
78
84
78
80
77
75
76
77
85
75
78
85
88
91
84
86
84
80
79
81
90
77
79
82
76
81
86
88
81
90
79
84
86
93
81
92
86
91
81
76
96
84
89
76
91
91
90
84
83
86
83
87
85
77
90
81
84
79
84
80
73
86
74
82
76
82
83
85
82
76
74
88
84
80
91
78
96
93
82
90
82
90
83
85
86
88
86
78
82
82
78
79
91
77
76
87
84
94
82
84
81
84
88
83
85
90
85
87
84
85
94
77
92
94
91
88
86
86
78
85
85
89
86
86
87
83
84
80
84
89
90
80
76
85
86
79
81
79
79
81
85
87
85
79
84
75
76
81
81
82
77
84
76
87
94
87
86
87
85
79
85
93
89
84
90
85
79
84
89
87
93
88
77
85
86
87
83
83
124
174
119
89
85
88
92
88
93
83
83
95
84
91
89
94
94
87
91
85
81
85
96
84
73
78
84
97
79
75
81
84
82
80
80
82
79
81
78
81
79
88
85
83
76
73
74
80
79
85
80
83
89
85
74
78
82
80
81
81
79
84
81
83
89
81
81
82
86
87
81
80
81
73
87
85
76
77
86
83
85
76
78
78
83
80
88
87
93
83
85
82
90
85
82
81
84
84
82
86
75
75
87
81
83
85
80
87
83
86
86
87
77
78
90
84
82
80
86
76
75
84
89
79
81
85
76
78
82
87
86
83
81
88
88
81
87
79
86
82
84
84
84
92
115
81
80
92
88
86
76
83
88
76
86
86
74
85
79
77
84
88
84
81
87
85
87
78
81
79
90
91
89
75
84
88
84
75
81
82
81
80
84
78
85
83
84
89
89
85
74
86
82
87
81
89
77
81
88
85
80
85
81
82
77
86
88
86
89
84
81
83
83
83
86
78
85
84
85
84
78
88
87
79
85
81
82
87
87
90
86
90
84
82
85
81
90
86
81
95
86
89
84
78
87
85
98
82
80
85
93
77
90
88
93
91
79
78
77
84
80
83
82
87
80
86
85
86
79
75
85
83
77
83
85
84
81
89
89
83
78
84
86
83
84
85
75
84
137
80
97
78
86
90
82
83
82
79
79
82
