1178
2086
3033
3124
2373
2249
975
2556
2443
2094
2174
2040
1834
1321
1070
1268
1233
1278
1200
1323
1226
1348
1294
1846
5145
2547
2835
2844
2278
2560
2619
2648
3366
3358
3538
1171
2369
2387
1767
1732
1082
1363
1301
1104
1216
1288
1305
1295
1162
1235
1681
1932
1548
1529
1830
3532
3217
3105
3201
2377
1606
3087
3104
2848
2986
2357
3025
2544
2663
3146
2502
1464
787
2321
2151
3096
2268
3313
1376
2242
1172
1748
1416
1129
1987
1814
2582
3725
1187
1206
1143
1150
1200
2018
2110
1879
1131
1507
1551
1352
1528
1327
1130
1199
1160
1236
1608
2509
3016
3257
3006
2684
1802
2915
2441
2482
2906
1060
2123
2032
1994
1555
1608
1660
1359
1627
2938
3009
2611
2857
2435
1880
2925
1256
2459
2383
2849
4596
2608
2839
3388
2401
3378
1506
1352
1620
4065
2675
2313
2652
2688
1673
2449
1657
1542
2045
1616
1680
2027
1003
1081
1067
1193
1249
1311
1305
1335
1297
1275
1353
1332
2723
4073
3168
3040
3013
3654
2971
3027
2511
5094
3111
2525
2103
2444
3273
2832
2615
2810
3119
2022
980
2370
2376
2767
2749
2472
2626
2555
2638
2468
1785
3048
2577
2950
2937
2265
1443
1971
2042
1843
1815
1727
1664
1534
1308
1112
1284
1226
1368
1092
1184
1146
1256
1187
1252
1414
1411
1208
1606
1278
1455
1354
1531
1038
1239
1383
1446
1725
3011
1395
2092
971
1799
2081
1943
1944
1592
1837
1382
1133
2267
2649
2905
2735
2648
2851
4868
4620
3155
2513
2292
2488
1988
1826
1879
1468
1518
1252
1314
1270
1103
1307
1160
1100
1149
1128
1342
1260
1131
923
1395
1372
1210
1258
1384
1226
1226
1346
1420
1300
1783
1657
1997
2928
1109
1381
1287
1300
1326
1862
1202
999
1248
1447
1165
1004
1343
1102
1124
1941
2019
1808
2092
2051
2307
2008
1922
2710
4736
4764
5445
5186
5063
4710
3442
2517
1423
1794
1639
1462
2605
2038
1976
2327
2167
1061
1003
1242
1272
1276
1264
1377
1336
1175
1059
1084
1399
1867
1377
1087
1415
1282
1426
1155
1003
1252
1205
1275
964
1410
1252
2412
3368
2899
2993
2613
3060
3055
3180
3047
2460
2695
2035
1788
1900
1776
1565
1362
1384
1200
1391
1130
1368
2810
2105
1112
1190
1205
1752
1981
2642
2962
3115
2910
2489
3193
2802
2975
2629
1861
2039
1589
1749
1590
1503
1128
1309
1317
1161
1142
1281
1340
1284
1212
1424
1140
1134
1111
1125
1303
1207
1206
1231
1567
1338
1390
1309
1329
1357
1105
1227
1260
1332
1281
1705
1376
1021
1203
1237
1080
1152
1251
1192
1092
1225
1512
3378
1865
2453
1715
2321
3975
4006
2745
3158
3104
2622
2394
2792
2322
2349
2615
2711
3159
2935
1695
1141
2744
3102
3252
2918
1975
2586
2767
3259
2902
2892
2962
2815
2608
2605
2791
2659
2842
2406
1995
1990
1631
1565
1631
1579
1383
1249
1153
1326
1145
1097
1371
1003
1236
1226
1279
1287
1240
1246
1153
1263
1121
1550
2398
2443
1645
1548
2671
2698
2034
2546
2673
2206
2431
2911
1794
2688
2601
2523
2426
2230
904
1636
1401
1719
1511
1353
1275
1110
1282
1443
1733
1296
1560
1800
3801
1853
2338
2924
1128
2651
1251
1272
1353
1273
1762
2130
1696
897
2810
1908
2941
1793
1232
1090
1304
1237
1338
1137
1290
1395
1684
1734
2189
2857
2706
2656
2904
2831
1601
2637
2372
2949
3146
1265
2531
2725
2970
2673
3138
1531
1896
2067
1998
2115
1669
1557
1546
1437
1346
1135
1318
1381
1079
1355
1282
1280
1293
1335
1119
1081
1232
1289
1339
1273
1352
1326
1122
1119
1190
1811
2090
2376
2753
2573
2637
2943
2966
2716
2672
3037
2988
2610
2197
1753
1997
1930
2034
2572
1469
1463
3209
1340
1025
1534
1461
1121
1241
1130
1297
1114
1398
1627
1331
1079
1157
1177
1116
1276
1100
1274
1291
1317
1120
1389
987
1953
3033
3066
3073
2894
2591
2675
2927
2958
2920
2491
2478
2929
2947
2669
3872
3664
3103
2909
2646
1726
2106
2231
1399
1609
1589
1450
1330
994
1175
1319
1019
1271
1116
1110
1326
1372
1391
1172
1396
1026
1254
1214
1325
1213
1214
1238
1169
1242
1096
1284
1163
1361
1281
1216
1285
1107
1401
1305
1118
1213
1272
1263
984
1282
1287
1182
1141
1192
1364
1157
1191
1240
1189
1227
1318
996
924
1200
1263
928
1299
1336
1154
1298
1259
1380
983
1216
1316
1177
1196
1308
1270
1174
1083
1113
1318
2138
2524
3516
2726
1912
1424
1181
1115
2380
2804
2893
3191
2978
3191
2666
3502
1482
2669
3177
3230
3302
2164
2824
2860
2646
2501
2523
2165
3192
2969
2816
2873
2835
2660
2523
2459
2731
2509
4818
2743
2032
1902
2019
1541
1335
1724
1045
1085
1129
1297
1123
1291
1320
2038
4557
3548
2874
2951
4381
3150
2488
2901
2858
1593
2799
2593
2079
2255
1647
1524
1030
1079
1229
1374
1282
1249
1171
1367
1304
1346
1686
1095
1181
1288
1102
1277
1310
1301
1209
1103
1369
1094
1068
3739
3324
2843
2381
3034
1692
2378
1948
2243
1330
2975
2877
2472
2362
1876
3064
2644
2857
3032
2880
2626
2491
2729
2531
2930
2684
2396
2824
1950
2155
1921
1907
2003
1094
1306
1314
1161
1222
1266
1161
1445
1373
1323
1296
1274
1127
1386
1193
1273
1233
1318
1105
1306
1355
1353
1099
1244
1243
1278
1189
1355
1261
1405
1253
1247
1219
1258
1264
1220
1308
1359
1259
1239
1263
1297
1267
1228
1166
1314
1285
1198
1380
1166
1321
1276
1161
1285
1223
1002
2733
2471
2950
3124
3194
5394
2905
3099
2762
2825
2484
1701
1390
1621
1537
1353
1353
2038
2347
2088
1345
1917
1625
1710
1353
2426
2852
2612
2607
2079
1904
1872
1586
1662
1619
1754
1416
1080
1139
1309
1589
1517
1567
1516
1683
1883
2136
1895
1423
1590
1793
1541
1514
1589
1356
1446
1512
