575
743
759
726
795
628
742
691
695
698
660
620
700
752
662
682
713
693
714
738
619
632
732
497
769
711
705
693
734
707
716
705
659
682
605
702
667
723
685
608
665
559
520
591
610
603
594
706
670
746
707
665
710
624
638
633
711
646
605
625
709
808
506
551
529
642
619
714
693
532
698
648
764
602
778
615
768
755
678
772
713
604
673
1126
1411
1434
1432
1673
1435
1503
1590
1695
2507
890
849
648
795
598
591
579
630
627
886
560
522
660
590
1053
1442
1329
1380
1425
850
698
653
629
737
577
516
945
978
940
1000
882
869
989
988
956
854
753
775
684
1115
893
548
760
1567
1379
1564
1406
1361
1368
1565
1727
536
1120
1559
1628
1413
1573
1484
1407
1263
1321
1834
1054
1857
1592
1573
1584
1642
1683
1494
811
692
956
674
1221
1533
1480
1737
1435
1378
1398
1381
1691
1119
1601
1401
1651
1452
1562
1629
1505
1465
705
606
1409
1545
1653
1597
1657
1657
1644
1665
968
1622
1604
1770
1734
1730
1708
1579
1514
1542
1616
1469
1568
1420
1571
1581
1552
1759
1111
1617
1711
1637
1650
1537
1598
1500
1303
1560
1873
1664
1483
1767
1495
1837
1741
991
623
1707
1501
1541
1049
1151
1291
1196
1661
1565
1462
585
773
541
645
564
657
615
645
606
705
699
534
745
655
573
648
619
711
1302
1201
1293
1458
1366
1169
804
721
568
1371
1533
1549
1511
1424
1594
1615
1454
1090
538
1697
1599
1759
1750
1613
1727
1327
1131
962
1234
576
535
1291
1664
724
1015
808
603
867
679
570
957
739
873
883
1042
1111
1158
1607
1674
1570
1438
1264
1372
1298
1162
1228
591
1413
1594
1640
1621
1761
1742
1600
1512
2114
2839
2818
3192
2457
2659
2582
2791
2208
1420
1514
1644
3284
1635
1440
1317
1132
1299
1164
1222
2005
878
898
919
745
703
732
666
727
662
1179
1077
623
659
739
678
660
769
650
624
704
700
612
700
723
683
624
761
707
710
697
757
762
748
716
753
690
1033
970
1193
655
723
701
753
727
606
732
716
707
774
776
733
768
728
711
832
1156
704
1002
1128
580
656
625
720
973
928
762
1022
832
522
502
459
764
714
586
613
716
625
685
637
770
650
535
993
1012
1030
1487
499
698
1177
978
1019
652
1002
1004
1051
893
876
1100
891
748
625
524
1230
1332
1330
1477
1534
1361
1183
1239
1095
541
516
615
702
733
652
744
684
676
611
768
699
760
699
729
622
612
687
705
682
586
2075
951
786
770
608
568
747
1611
2482
1117
1237
1646
1650
1054
1515
913
857
827
938
775
787
804
894
891
762
716
630
1258
1124
1112
985
694
476
637
693
650
762
705
562
517
609
741
705
683
693
688
670
765
933
1150
734
732
618
655
783
785
607
768
767
714
686
703
731
743
612
687
781
572
740
666
747
715
929
1215
1055
1035
811
560
801
790
978
1177
752
518
711
678
679
692
652
2134
2391
2484
2604
1623
1574
1629
1560
1430
1548
941
1294
928
1065
1196
659
636
2128
1401
1597
1048
1083
1459
1583
1892
2476
2079
2120
1200
1117
1288
1148
1207
1341
1085
529
710
814
743
742
717
823
771
621
697
660
721
711
618
629
696
677
890
622
627
704
600
1078
646
771
653
884
1119
751
989
852
1038
525
529
839
739
790
773
739
727
800
792
706
660
690
631
953
585
583
568
997
1541
1112
985
1499
1383
977
1236
1237
1100
576
666
841
1627
1683
1708
1833
596
440
1066
1588
1563
1090
849
845
918
889
489
713
704
606
744
739
596
641
738
748
1053
1088
686
614
675
749
649
638
694
719
622
729
694
693
624
712
725
711
732
705
757
613
702
630
701
1047
731
811
968
1701
1033
1498
1694
1886
1596
1732
599
1032
1732
1563
1445
1645
1706
1633
1584
1399
749
1348
1325
1241
1355
922
1024
1028
996
989
683
783
1063
1703
557
493
540
646
653
679
674
699
618
698
616
710
653
700
610
694
690
763
572
672
1079
606
751
768
724
755
647
609
615
644
733
699
715
638
730
662
718
654
616
787
761
727
703
716
742
778
705
700
625
737
683
619
716
634
753
697
677
850
1346
1713
1542
1478
721
608
700
707
616
741
771
712
750
737
926
933
1535
1401
820
524
584
819
850
1015
1050
991
886
635
747
1028
640
656
656
500
672
686
746
789
663
697
690
638
536
563
836
583
547
602
713
642
672
738
633
699
703
641
712
616
649
679
821
560
729
519
1052
1629
1441
1556
1627
1637
1578
1457
1430
565
625
1237
1414
1389
1330
1090
1177
1072
1088
1023
803
698
842
747
660
737
620
674
728
715
761
648
630
602
701
613
630
614
678
729
2293
2970
1591
974
994
971
1041
963
1174
607
632
647
719
695
741
837
2102
1602
1374
1281
689
704
812
1548
1326
1082
1104
1235
898
1890
1750
1533
1887
1806
1637
1850
1103
1046
675
1621
1518
1693
1720
1793
1843
1308
457
868
1013
926
1528
1738
1754
1875
1797
1803
1219
598
1535
540
1358
1620
1412
1629
1289
660
945
1160
674
620
812
710
1057
897
599
504
643
713
786
637
759
724
793
669
765
692
710
691
580
