256
255
212
251
254
239
242
210
245
211
240
216
251
242
249
231
239
242
242
248
224
236
229
252
226
245
231
240
251
249
234
258
191
216
213
219
225
208
183
206
226
187
188
223
202
211
219
206
185
187
209
202
216
211
224
210
206
207
202
216
199
202
212
195
226
212
220
193
228
219
197
216
223
218
206
215
229
233
241
229
213
236
209
224
219
282
259
241
211
209
239
418
223
221
225
190
192
208
187
213
226
203
231
226
204
215
210
212
211
222
209
210
202
218
213
206
224
225
215
222
217
214
205
192
212
229
216
240
227
226
197
196
206
211
225
203
219
228
242
210
229
227
224
207
232
232
385
417
431
464
256
234
223
225
243
210
237
215
223
211
243
226
211
221
216
244
223
226
226
226
230
206
220
207
206
226
220
225
213
207
241
193
230
200
230
238
222
214
200
231
246
202
240
245
212
228
241
236
225
216
210
300
231
225
233
235
213
206
210
231
227
223
211
229
223
242
212
236
222
229
235
230
230
229
233
210
225
199
232
208
239
215
224
210
319
216
225
209
228
203
240
228
198
216
204
212
194
184
214
206
217
212
217
209
206
191
209
209
223
200
262
227
206
232
203
220
219
208
195
228
224
223
204
203
193
217
226
193
218
235
202
217
220
203
217
200
216
226
227
208
233
221
199
219
224
196
198
207
208
216
219
209
217
213
211
233
233
213
230
224
198
219
240
227
221
222
223
226
236
226
319
435
267
304
239
469
809
285
290
250
350
432
255
287
348
258
249
275
236
240
235
291
308
262
323
347
242
262
243
276
232
260
219
197
226
216
234
215
218
210
217
208
220
201
199
213
217
210
212
192
222
222
210
218
205
228
215
193
217
226
224
221
195
211
218
221
221
221
225
197
224
243
222
237
238
275
223
235
229
245
246
215
240
206
242
230
253
251
254
251
392
386
245
271
280
276
234
200
222
239
213
234
204
244
209
238
202
239
205
226
233
203
218
236
203
227
236
247
233
200
240
238
202
218
231
224
227
239
233
205
216
204
205
215
249
266
249
291
239
247
228
237
237
216
225
219
201
216
210
225
227
243
225
234
220
221
221
224
231
207
231
233
217
215
231
240
219
212
238
204
229
246
227
229
241
216
215
230
240
241
230
226
226
236
243
249
208
219
227
228
215
237
234
232
263
399
444
435
435
385
435
216
217
212
216
192
209
212
186
201
214
194
193
184
191
195
214
200
217
196
211
214
214
196
211
210
224
217
202
197
199
209
189
206
229
212
193
190
199
205
199
230
229
208
193
218
193
227
213
193
254
247
238
237
225
245
234
196
224
221
228
236
233
205
200
212
247
197
228
240
228
227
206
222
199
236
199
247
218
225
209
244
234
195
226
200
232
223
237
248
199
208
238
226
237
243
232
244
200
239
253
210
207
242
247
236
202
253
215
282
264
240
229
255
235
235
217
235
231
218
239
201
224
209
225
234
210
237
229
246
253
225
234
239
215
230
215
224
246
231
239
245
215
211
230
217
229
224
234
227
220
201
202
230
237
239
213
197
225
231
236
248
219
207
234
235
211
241
229
232
215
226
223
243
234
225
227
221
223
230
221
223
234
251
224
234
235
225
226
257
238
220
240
233
209
251
227
225
206
201
240
200
226
213
223
221
243
243
206
233
242
210
226
214
226
220
234
223
223
236
247
241
216
223
229
233
226
206
220
230
245
223
249
231
243
246
226
227
246
221
261
241
215
238
251
217
238
239
216
229
237
214
226
248
234
220
235
238
209
206
257
219
236
244
211
214
230
246
236
243
216
247
220
227
229
209
242
241
236
207
237
230
228
230
214
236
233
232
255
242
206
242
223
256
230
211
213
241
231
241
235
224
215
243
242
232
239
233
237
208
237
250
237
246
244
245
236
242
245
233
240
238
233
222
258
213
236
249
205
240
235
239
237
228
233
255
244
234
235
232
239
237
241
235
240
221
269
229
252
237
252
229
240
249
245
211
226
230
244
206
237
223
234
231
232
203
236
202
212
229
236
235
236
245
235
241
248
243
229
212
219
218
229
201
223
230
230
238
248
242
243
218
205
245
236
214
231
203
240
231
224
211
209
222
240
212
207
235
232
215
242
233
298
384
233
221
234
224
250
226
224
205
238
245
245
241
235
232
248
232
235
233
203
212
239
221
228
248
234
243
239
239
209
236
207
242
209
235
209
232
234
232
237
220
235
235
255
256
243
239
216
251
220
225
240
252
230
237
272
210
224
219
239
216
225
216
229
236
245
230
