42
41
42
40
35
37
41
35
37
36
36
37
37
36
33
38
37
37
36
35
35
36
37
36
34
38
33
36
36
34
37
35
66
69
64
51
42
42
41
44
41
41
36
37
38
40
40
41
43
40
40
41
41
43
43
42
42
43
41
40
47
43
40
40
42
38
37
33
35
36
38
39
43
40
40
41
40
35
36
34
35
32
39
41
46
40
38
42
41
40
34
36
33
36
37
38
36
36
39
34
37
35
36
33
39
36
34
37
33
33
37
42
37
41
39
43
43
42
40
41
37
37
36
39
34
38
37
36
33
37
35
38
37
33
33
36
38
39
40
37
32
38
34
37
37
35
36
36
36
34
33
34
34
36
34
35
33
35
36
36
34
36
33
40
33
37
36
37
36
33
34
34
33
37
36
34
33
35
34
33
34
32
36
35
32
37
37
35
37
34
37
34
35
37
36
40
38
36
37
38
37
35
40
36
36
35
39
34
37
37
36
36
36
39
36
37
38
38
38
36
38
37
40
35
35
36
36
36
36
36
34
38
37
39
38
35
38
36
37
36
38
38
39
37
34
37
33
36
37
37
34
33
34
36
38
37
39
37
36
39
37
41
37
35
40
34
34
35
36
35
38
37
38
38
34
35
35
39
37
39
37
37
40
33
38
35
38
37
36
38
38
37
38
37
35
36
39
40
37
39
36
40
36
38
35
37
35
35
39
38
38
36
38
38
34
34
37
38
39
35
40
34
36
40
37
37
39
35
39
113
70
64
94
77
49
56
38
77
41
43
45
45
47
44
77
84
46
64
88
68
80
70
42
54
58
64
66
62
72
75
69
68
53
44
72
47
55
39
40
40
40
46
47
56
44
80
69
38
84
90
74
44
69
102
48
51
42
57
49
42
41
51
48
66
85
103
73
110
82
70
54
70
79
69
66
90
48
62
60
59
69
44
50
40
40
73
112
44
64
48
39
43
44
43
39
46
40
51
60
45
38
41
74
45
40
67
46
79
99
88
78
39
49
40
43
42
45
72
117
95
102
82
42
43
45
38
43
42
47
41
45
55
42
42
40
41
59
45
43
41
43
42
41
37
36
34
36
37
41
36
38
39
36
35
32
36
36
36
34
39
40
39
39
40
42
44
57
43
40
40
33
38
36
36
35
37
33
32
36
36
36
38
35
37
36
34
37
39
37
36
37
40
33
37
37
36
34
37
35
36
33
37
34
36
34
33
36
39
34
36
36
35
35
38
36
35
36
39
36
36
39
34
33
37
35
36
38
40
39
36
37
37
37
35
36
38
38
37
37
36
34
38
34
38
35
38
41
37
36
38
36
35
36
36
36
38
38
38
36
37
37
36
33
34
37
38
41
36
37
36
36
36
36
36
34
36
36
35
36
36
33
36
38
35
36
37
39
34
37
36
36
34
35
36
38
36
34
36
36
35
36
36
36
36
34
40
36
38
37
35
33
37
39
36
37
36
37
35
38
35
40
37
36
38
36
38
33
37
35
38
35
37
37
37
36
36
37
36
38
37
37
37
37
38
34
36
34
42
41
44
42
44
81
123
84
69
56
55
46
41
56
64
41
46
43
46
45
44
38
39
38
38
37
35
37
36
33
36
38
34
37
34
37
37
41
36
34
33
37
32
38
36
33
36
38
36
36
33
33
35
35
38
36
35
39
36
36
36
36
35
38
38
35
33
38
33
33
39
38
38
36
36
37
40
36
37
38
37
36
37
34
35
35
35
36
36
36
36
34
38
33
35
36
40
37
34
36
38
36
35
37
38
36
36
36
35
36
35
37
35
35
33
36
37
32
36
33
39
39
33
34
37
39
33
33
37
35
37
36
38
38
37
33
37
35
35
36
36
38
36
33
36
36
33
32
34
34
33
33
34
34
38
38
35
33
33
36
33
34
37
38
37
37
37
35
34
38
35
38
33
34
36
41
35
34
39
35
34
34
33
35
33
39
37
33
34
34
38
36
38
36
36
40
36
37
33
37
33
35
37
33
35
40
35
35
39
36
38
35
36
33
41
36
38
35
37
38
39
33
38
37
37
35
38
38
35
39
37
38
34
35
40
33
36
39
36
37
33
37
38
37
35
36
38
39
35
37
37
38
38
34
37
36
38
36
34
39
39
37
34
38
40
37
39
37
40
36
41
39
39
37
39
38
37
38
38
37
39
39
36
39
37
39
39
38
39
38
39
34
37
44
35
36
40
39
37
38
35
37
39
39
39
38
37
42
38
38
49
70
41
42
43
45
42
56
50
39
75
51
40
