1027
1634
1452
1608
1357
1924
1185
1186
1162
1280
1151
1290
1192
1290
1245
1763
3621
1302
2822
2681
2859
3133
1710
1279
1372
2159
2041
1996
1820
1362
1861
1065
1189
1261
1200
1199
1244
1589
1812
1280
1290
1302
1637
1737
2915
2248
1980
2682
1251
3045
3420
2932
2503
2432
1249
2052
1779
1725
1494
1524
1526
1271
1778
2763
1602
1074
1231
1006
1973
3021
4117
3960
2450
2506
2384
2537
2255
1763
1726
1787
1676
1429
1632
1140
2919
2852
2792
2517
2973
1083
2319
2797
2518
2835
2528
3209
3068
2699
2831
3387
3792
3158
1541
2425
3072
2421
2501
4644
2724
2945
2372
2488
2487
2628
2098
2721
3112
2380
3201
3046
3026
2846
2959
3146
2402
2946
2543
2997
3104
2702
2591
2797
2897
2600
3067
3108
2481
3116
2672
1340
2452
1967
2145
1947
1839
1511
1975
957
1210
1356
1250
1289
1173
1280
1254
1107
1230
1248
1125
1182
1223
1063
1094
1234
1216
1213
1303
1084
1282
1093
1165
928
1692
1325
1194
1230
1219
1223
1194
1225
1091
1439
926
1086
1283
1274
1198
1387
1254
1278
1073
1161
1234
2308
4132
2656
2875
2710
3624
3045
2485
917
1920
3059
2820
2930
2653
1336
1844
1875
1603
1458
1466
1258
1246
1305
2295
1287
1095
1224
1311
1229
1235
1263
1128
1094
1150
1223
3211
2857
2431
2842
2672
5130
3978
2527
3200
1386
2827
2499
2732
2380
2841
2955
2616
2847
2904
3158
3294
3454
3562
2461
2718
3115
3212
3010
3078
2967
3004
3054
2418
2539
2095
2417
2737
2666
2607
2466
1399
2130
2231
1430
1555
1565
1524
1170
1316
1713
1416
1206
1575
1593
3341
3462
3764
3196
3001
2043
2662
2827
2853
2797
3649
3714
2916
2671
2858
3101
2406
1767
1141
1325
1518
2525
2763
2896
2025
2668
2505
2813
2451
2774
2813
2849
3113
2793
2844
2192
2612
2755
2761
2110
2482
2453
2462
2320
2602
2451
3134
2544
2857
2485
2716
2805
2866
2492
2335
2615
2321
3306
3226
2939
2847
2729
2392
2496
2496
2169
1774
1943
1586
1328
1438
1252
1478
2518
3233
1268
1257
1617
1408
1816
1603
2384
2877
3176
3387
2316
2281
1297
1246
2140
2421
2569
1701
1731
1948
1982
2048
1629
1455
2628
1286
2950
2923
3056
2758
2742
2423
2903
2949
2573
3009
2918
2164
2403
1789
1782
1898
1563
1397
1175
1331
1229
1304
1106
1250
1089
1338
1383
1367
1309
1271
1095
1276
1104
1303
1095
1238
1252
1249
1405
1307
1317
1305
1272
1315
1122
1371
1243
1117
1254
1238
1029
1271
1069
1171
1262
1262
1339
1109
1075
1082
1139
2376
4203
1354
1106
1272
1240
1224
1230
1268
1061
2251
2135
2019
2711
3046
2795
4212
2893
1901
2091
1443
2179
3163
1397
2279
2313
2464
2220
1453
1337
1415
1382
1165
1659
1161
1087
1326
1261
1273
1243
1246
1186
1086
1169
1239
1889
1123
1014
1195
1062
1205
1132
1207
1284
1199
1224
1073
1308
1174
1079
1240
1098
1277
1213
1298
1217
1229
1077
1266
1318
1157
1232
1287
1357
1298
1150
1209
1213
1279
1332
1376
1188
1232
1254
1262
1239
1229
1235
1102
1274
1139
1065
1520
1936
1251
1243
1184
1211
1295
1260
1124
1209
1247
1327
2606
3055
2626
3012
2931
2707
4217
2840
2821
2745
2012
2168
2268
2215
1911
1496
1795
1182
1224
1409
1230
1258
1165
1114
1214
1215
1271
1254
1784
1662
1156
1081
1093
976
1328
1150
1304
1215
1271
1276
1846
3392
2343
1411
1226
2178
1313
2466
3139
2736
2897
2553
2812
2928
2902
2043
1836
2750
1445
1286
1286
1397
1143
1104
1331
1792
2741
2547
2807
2573
2470
2868
2533
3062
2431
2896
2507
2636
2115
2276
1966
1648
1603
1669
1097
1395
2543
2901
2430
2842
3796
2937
2627
2957
2919
2453
2742
2525
2790
2359
2616
2875
2709
2834
2772
3680
4498
3130
2548
2728
2188
2159
1955
1898
1563
1557
1537
1059
1584
3017
3285
1463
2508
1294
1065
1499
1658
1810
1645
1088
1321
1854
1928
2415
2715
3499
1911
2874
2242
2333
1932
1831
1696
1440
5018
3699
2626
2612
3111
3017
2493
2559
2494
3013
3163
3075
3664
3725
3166
3418
4118
3018
3013
2909
2937
2526
2308
2152
1467
1683
1709
1321
1299
1240
1230
1112
1217
1246
1250
1204
1312
1236
1072
1092
1295
1265
1308
1106
1367
2664
3075
2399
2541
2891
2170
2750
2929
2969
2459
4533
3372
2372
2345
2442
2713
2485
1467
1801
1401
1828
1256
2692
2943
3159
2474
3286
2459
2981
2912
2833
2424
3028
3096
2941
2916
2215
1042
1985
2263
2026
1638
1677
1775
1406
1600
1316
1320
1228
1118
1306
1092
1284
1232
1268
1271
1338
1012
999
1187
1207
1229
1217
1308
1185
1224
1091
1228
1511
1377
2881
2490
2757
2966
2004
2379
3036
2742
2919
2706
2736
2844
2465
2757
3039
2636
2686
3026
2684
2492
1945
2765
2934
2241
2245
2303
1267
1563
1424
1516
1506
1152
1387
1124
1091
1103
1274
1040
981
1164
1210
1311
1073
1108
1398
1346
1366
1250
1309
909
1284
1312
1289
1220
1148
1239
1068
1071
1276
1238
1220
1088
1028
1305
1407
1812
2308
3993
3690
1437
1243
1276
1419
1194
1623
2260
1033
1586
1350
926
1268
1127
1180
1234
1239
1870
1150
1312
1318
1232
1061
1222
1235
1072
1272
1235
1337
3278
3798
2906
2683
2970
2596
2932
2786
2435
2613
2639
2560
2947
2900
2897
3599
3394
2772
2761
2959
2548
2754
2877
2811
2776
1647
2589
2951
3025
2922
3068
2778
2662
2422
3025
2783
2807
2859
3170
2985
2827
2655
2362
2518
2422
2289
1702
1698
1564
1349
1458
1426
1150
1247
1313
1229
1601
1890
1580
3181
1668
4027
2622
2361
1305
1164
1160
1853
1249
1548
1552
1621
1547
1435
1358
1070
1166
1393
1394
1155
1344
1277
1257
1112
1228
1244
1255
1248
1055
1221
1157
1332
1092
1132
1223
1072
