31
28
25
24
23
24
23
24
24
25
33
31
28
29
49
36
30
30
28
26
29
29
29
28
28
25
25
24
23
24
24
28
25
24
26
24
24
29
23
24
27
26
26
28
27
28
25
27
27
24
25
23
25
27
24
25
25
25
25
24
25
24
24
24
24
23
24
24
25
25
23
24
23
24
26
24
26
25
25
22
24
24
25
24
24
24
25
25
24
24
24
24
24
24
24
25
22
24
24
25
24
23
23
22
25
24
23
25
23
24
25
23
23
23
25
24
25
27
25
24
24
24
24
23
25
23
24
24
23
23
24
24
26
24
24
23
25
22
27
24
25
24
26
23
22
25
23
23
22
25
25
22
25
24
22
23
24
24
24
26
22
24
24
24
25
24
24
25
24
24
26
25
24
24
25
25
22
24
23
25
24
27
24
24
25
24
25
25
25
26
25
24
22
24
24
24
24
23
26
25
25
23
27
22
22
23
24
23
24
22
23
22
24
23
24
25
24
25
25
22
23
23
24
26
24
24
23
24
25
25
25
24
25
25
23
24
24
23
23
25
25
23
24
24
24
25
24
25
24
23
23
23
23
23
23
22
24
25
23
25
25
26
26
24
24
24
28
24
25
23
25
25
24
25
25
24
24
25
24
24
25
25
25
25
22
27
26
26
26
26
26
23
24
23
25
26
25
26
23
25
25
28
24
25
25
23
23
24
26
29
25
26
23
24
23
26
24
23
26
24
24
25
22
24
22
23
24
24
25
25
26
24
28
24
24
25
24
25
25
24
25
24
37
43
49
61
48
46
44
44
45
49
48
49
44
44
47
49
48
49
44
45
45
46
47
50
44
49
44
44
44
46
44
45
43
44
43
51
51
51
49
50
50
48
41
25
24
22
23
24
25
25
25
22
27
25
25
23
24
24
23
26
24
25
24
24
24
24
23
24
24
25
25
24
25
27
25
25
24
25
22
23
24
25
24
24
25
24
24
24
25
25
25
23
23
24
25
28
25
24
25
25
25
22
25
23
25
26
24
22
25
23
26
23
24
24
24
25
27
22
26
26
24
22
23
24
26
24
25
25
25
23
23
24
25
25
25
27
24
27
25
25
22
26
24
25
24
26
24
26
25
24
23
26
24
25
24
25
25
25
26
28
26
26
24
25
24
25
26
25
24
24
24
25
23
24
24
24
26
24
23
24
27
24
25
24
26
26
26
25
23
23
24
24
25
23
22
23
22
25
24
23
24
26
25
24
22
25
25
24
25
25
25
23
24
23
24
22
24
24
22
24
25
23
25
27
25
24
26
24
26
23
23
24
22
23
22
24
25
23
26
25
22
24
24
25
26
23
26
24
24
24
22
23
24
24
25
23
24
25
25
26
26
24
26
23
25
28
24
25
25
25
24
25
23
25
25
25
22
24
24
24
23
24
23
24
23
24
24
27
24
25
23
24
24
25
24
25
24
23
24
24
25
23
25
27
23
26
24
25
28
25
26
26
25
23
25
26
23
26
23
26
22
25
26
24
25
26
25
24
26
27
24
25
24
26
23
25
25
23
26
23
24
23
25
23
26
25
24
24
26
26
25
28
25
22
24
24
27
24
24
25
25
26
23
23
26
23
26
27
26
27
25
24
28
23
26
25
24
26
26
24
25
25
25
24
24
24
24
23
24
25
25
23
24
28
23
23
23
24
23
26
26
25
26
25
26
23
24
25
25
26
24
25
25
97
49
34
27
28
25
26
28
26
23
23
25
24
28
29
28
25
25
26
24
25
28
27
31
29
28
27
27
28
30
28
27
30
26
28
28
30
26
29
26
29
29
27
30
32
27
27
28
28
26
27
23
24
27
61
44
29
27
28
27
28
28
28
31
29
30
33
30
25
28
29
26
30
24
27
28
29
26
25
24
25
22
24
24
25
22
29
33
27
25
23
23
24
24
24
22
24
24
24
22
24
23
24
24
25
25
25
24
29
22
24
23
24
24
23
23
25
25
27
26
25
26
25
25
24
25
25
25
25
24
26
23
23
26
25
25
26
23
23
24
23
26
25
24
24
24
25
23
25
25
25
27
23
24
25
24
25
28
25
25
25
26
25
25
24
25
24
23
28
28
140
28
30
25
26
25
23
22
24
25
23
24
24
24
25
24
24
23
26
27
23
25
26
25
28
26
22
25
24
25
23
25
24
25
23
25
24
25
24
24
25
24
23
23
24
28
23
25
25
24
25
23
25
25
23
24
23
23
24
24
23
24
24
24
23
24
27
24
24
24
23
23
23
22
24
