339
410
355
379
386
351
381
363
340
320
290
302
280
278
315
359
386
321
350
323
344
337
322
315
317
354
352
367
302
313
341
338
352
373
333
371
372
352
392
387
380
383
351
364
290
340
336
301
302
308
316
301
302
347
359
388
329
341
313
365
312
340
349
368
324
363
372
352
319
364
326
365
363
358
372
350
341
383
326
376
358
349
374
327
339
336
366
331
312
365
327
328
367
375
379
379
378
357
330
351
371
352
361
325
328
325
308
309
317
369
356
319
334
340
351
390
390
397
401
397
381
394
500
617
688
677
593
402
328
376
327
388
400
381
349
356
415
370
369
319
390
372
374
322
387
365
369
368
575
584
396
365
362
327
396
362
359
325
347
385
407
419
418
460
455
599
538
623
448
360
327
393
369
375
378
383
399
431
400
445
385
492
463
651
505
318
338
330
375
375
330
302
316
372
421
342
325
364
337
355
296
341
334
340
340
340
368
321
355
325
336
349
347
363
386
380
398
351
405
383
369
366
339
384
313
365
348
323
374
352
375
351
369
409
325
368
364
319
338
386
341
370
398
328
339
360
367
349
365
326
382
372
395
387
377
475
404
342
370
337
317
329
325
327
375
380
332
369
389
385
365
343
371
370
393
332
358
371
344
377
391
324
331
377
373
392
391
375
327
367
398
377
351
449
368
381
392
407
453
443
370
398
641
500
550
681
389
485
360
440
416
410
368
371
393
350
331
374
383
358
382
390
347
388
369
343
326
343
381
382
324
321
374
332
351
319
366
371
390
375
569
640
619
360
329
382
600
410
326
414
357
359
318
360
331
352
340
324
288
288
296
327
330
324
306
312
337
337
316
299
360
362
346
366
328
403
347
304
359
390
393
313
346
361
668
517
563
393
386
304
355
348
380
381
442
342
311
328
288
315
299
305
361
302
315
331
354
342
338
313
364
312
359
338
331
329
369
354
366
346
359
347
364
387
515
352
403
401
410
381
386
384
412
356
395
342
346
312
324
320
360
346
324
341
322
304
333
308
331
302
338
303
375
351
294
323
342
324
308
346
306
305
402
384
335
432
347
364
307
346
352
354
384
367
341
344
372
374
310
358
329
373
348
326
325
344
317
367
359
349
356
329
357
326
383
336
346
339
321
525
623
341
399
460
395
414
320
391
342
332
383
378
378
318
377
371
360
336
383
421
404
315
344
345
369
365
353
376
380
325
382
366
371
378
339
344
370
362
373
356
368
383
355
357
360
700
373
384
377
362
358
394
382
385
330
365
377
368
342
372
319
359
392
337
365
381
351
342
325
356
360
357
361
366
341
343
374
315
329
322
392
418
383
347
409
352
378
332
314
410
378
366
401
312
405
410
370
374
398
408
400
323
402
359
373
406
399
332
373
364
332
392
319
364
344
365
349
488
676
394
384
374
370
367
348
381
347
393
367
310
371
380
390
324
333
370
358
368
352
362
377
357
343
337
362
389
351
351
373
375
391
337
372
318
353
373
330
332
402
375
376
391
314
341
372
347
409
391
362
379
326
350
325
349
382
366
338
315
371
364
358
397
384
338
337
376
327
371
400
360
330
350
462
378
372
370
348
353
326
357
335
313
353
322
381
367
357
371
352
372
386
356
340
358
324
369
365
358
359
362
357
387
377
362
340
362
400
369
361
411
369
335
414
385
383
353
358
335
523
661
383
367
366
392
332
370
366
328
360
368
361
358
348
366
375
356
386
366
355
376
353
355
382
342
341
415
369
369
331
321
329
374
316
389
369
406
369
397
368
386
368
343
346
377
386
373
374
388
337
330
372
362
325
374
365
349
354
343
360
397
326
365
499
385
468
441
384
488
602
756
505
412
457
454
441
395
423
372
377
467
407
425
350
373
417
358
410
333
341
387
324
387
383
325
398
378
369
351
378
374
351
336
338
301
319
325
339
304
368
381
332
389
600
420
344
348
380
376
370
333
390
360
334
303
315
292
376
354
421
311
307
341
420
358
390
415
369
353
359
322
388
337
329
330
292
297
352
317
342
337
427
527
440
385
414
462
378
365
378
370
358
366
364
327
375
356
335
375
312
341
336
359
346
368
359
406
370
372
306
323
354
328
345
380
315
380
309
389
352
303
353
360
369
360
348
378
379
382
342
362
379
354
356
370
351
355
345
346
364
309
312
351
341
377
332
385
369
313
367
350
370
384
310
357
358
313
370
379
375
380
319
372
405
362
326
328
377
378
312
365
377
350
365
360
368
337
365
371
317
368
368
321
383
382
321
340
344
334
349
336
