57
49
55
46
48
43
47
45
47
46
46
44
48
47
46
44
46
43
44
45
47
48
47
48
48
44
49
48
46
43
46
45
49
42
43
43
46
43
41
44
48
45
50
45
46
48
47
48
42
47
43
44
46
45
50
42
46
45
46
45
45
45
51
43
46
47
44
47
46
48
42
43
46
46
46
47
45
47
46
47
47
48
46
45
47
46
49
44
46
41
44
46
45
41
43
81
83
89
97
91
94
95
98
95
95
96
88
86
83
80
84
88
83
74
78
78
92
90
90
90
63
47
40
41
42
41
41
46
43
41
42
44
44
43
40
43
43
43
44
45
45
44
43
44
39
45
45
43
42
43
41
42
42
44
40
43
45
44
42
46
43
43
43
46
40
43
41
41
44
47
44
42
40
46
43
43
47
45
43
43
46
45
41
44
43
43
43
42
41
46
45
47
44
45
43
45
43
44
43
43
49
43
48
46
42
44
42
44
44
47
43
45
47
42
44
45
44
44
45
45
46
48
43
46
47
48
43
44
48
44
47
46
43
45
43
45
45
46
44
47
45
47
45
45
43
43
46
43
45
45
47
47
41
48
44
43
47
43
46
48
43
42
45
49
44
46
46
43
42
46
47
47
44
42
41
44
47
48
48
43
44
44
45
46
48
46
45
43
45
45
47
44
44
45
46
43
49
41
49
46
46
46
43
42
46
47
46
46
42
44
41
46
47
43
41
47
46
41
49
47
46
44
44
45
45
41
44
87
58
51
46
52
46
45
47
48
46
49
47
43
51
43
49
48
48
44
45
43
41
47
46
48
46
46
46
49
50
49
44
45
47
44
46
49
50
45
50
49
47
49
43
46
48
48
49
48
47
51
48
49
45
51
49
49
50
49
51
47
44
50
48
46
50
51
50
49
54
48
50
47
44
50
47
44
52
45
48
46
44
42
44
42
42
47
46
51
47
44
43
42
49
45
51
45
51
50
49
50
46
43
49
49
50
47
43
50
48
48
49
44
49
50
45
49
44
43
50
47
50
48
46
47
45
51
50
51
49
46
43
50
44
48
45
42
50
44
46
51
49
46
48
49
47
45
48
52
52
49
47
45
48
47
49
48
49
50
46
48
48
43
44
48
51
44
45
48
46
47
50
43
47
44
43
47
48
47
46
43
47
45
43
51
46
49
44
52
45
46
52
50
46
44
46
50
42
49
47
50
50
49
47
50
47
46
46
44
52
42
44
51
47
50
49
47
47
47
50
52
47
42
46
52
49
43
48
49
49
45
47
48
48
49
47
43
46
44
59
88
52
51
54
53
48
54
53
46
48
44
44
50
42
47
47
44
48
45
44
44
50
47
48
43
44
53
42
46
46
49
47
42
43
46
46
49
47
47
44
47
48
45
43
48
47
50
44
45
49
46
43
48
47
45
47
48
48
44
47
45
43
47
46
46
44
50
47
47
44
44
48
46
44
50
44
49
43
47
48
45
49
45
44
45
48
49
47
48
49
51
47
45
52
47
46
50
49
43
46
44
47
51
43
45
50
44
46
49
48
48
45
47
43
46
43
44
43
42
43
42
50
45
43
45
49
42
43
47
49
47
45
48
46
48
48
44
43
49
50
44
45
43
49
46
46
44
47
49
46
47
45
48
47
48
44
50
44
47
48
46
44
49
47
51
44
48
47
46
46
49
47
46
45
46
46
47
50
43
47
47
42
44
43
45
44
49
44
47
49
47
44
48
47
47
47
47
48
45
47
44
48
44
48
50
48
48
47
47
46
49
43
48
45
45
46
51
44
45
45
47
46
45
52
47
47
47
46
49
47
48
46
43
46
44
44
49
45
48
44
47
49
49
51
46
44
45
46
65
47
59
51
44
47
47
48
46
46
46
48
45
42
42
49
49
50
47
48
42
47
49
47
45
46
44
43
44
43
47
49
45
43
47
46
44
44
48
47
47
44
47
47
45
47
46
48
47
43
46
46
45
48
48
50
49
44
48
46
43
46
43
47
48
46
47
42
48
43
43
44
46
49
50
49
49
51
45
44
48
42
46
48
45
50
43
50
46
44
48
42
48
49
47
44
44
50
44
48
48
44
47
48
47
46
48
46
46
44
49
44
47
52
49
47
48
43
47
44
43
45
46
47
49
44
48
43
46
51
45
47
47
49
45
47
48
47
45
50
44
48
51
49
48
49
49
50
46
44
46
47
49
46
48
50
49
48
45
45
49
44
52
51
48
48
46
51
50
49
48
47
52
48
52
46
47
46
46
48
43
49
46
48
48
