1184
3023
4467
2700
1166
2716
1821
1764
1858
1454
1362
1510
1633
2615
2161
1545
2053
2054
2576
2943
1793
2541
3174
3078
3232
3824
3216
3649
4833
2660
2692
5177
2700
2848
2917
3891
4414
3051
2590
2180
2971
2856
2988
2736
2948
3037
2847
2552
2918
2916
2738
2862
2829
2301
2322
2091
1529
1687
1461
1302
1288
1352
1124
1177
1158
1336
2194
1788
1274
1326
1287
1170
1326
1375
1222
1312
2141
1717
1278
1290
1197
1103
1351
1287
1117
1309
1753
2757
2900
2968
2958
3538
2690
3003
3222
3121
2971
2774
3066
2858
2700
2515
1896
1810
1886
1381
1447
1471
1446
1286
2122
2667
3373
1928
1436
1176
1146
1260
1284
1298
1506
2057
1654
2251
1466
1611
1552
1514
1544
1549
1535
1439
1742
1140
1014
1349
1478
1591
1606
1339
1891
2550
2959
2888
2818
2709
2614
3404
2830
2932
2527
2755
2377
2788
2889
3040
2866
2575
3099
1973
2012
1865
1703
1613
1702
1233
1286
1316
1277
1255
1323
1098
1811
2565
3544
2779
2915
2568
2538
4598
3625
2020
3103
1840
2442
2732
1746
1904
1655
1573
1804
1952
1120
1300
1255
1036
1317
1338
1226
1190
1170
1390
1122
1216
1142
1337
1412
1059
1172
1296
1302
1358
1248
3768
4503
4124
1031
1153
1231
1279
1324
1349
2584
2715
1002
1717
2151
2066
1577
1458
1532
1347
1383
1314
1232
1350
1302
1114
1287
1007
1343
1414
1241
1372
1366
1117
1269
2965
2431
2940
2699
1878
1365
2588
2579
2821
2442
2158
1410
1844
1735
1620
1431
1299
1238
1381
1378
1029
1141
1292
1179
1244
1380
1378
1344
1267
1319
1481
1198
1323
1328
1314
1424
1335
1161
1131
1283
1197
1367
4881
1699
2535
2677
2917
2563
2640
3083
3074
2513
1885
2691
2485
3174
2742
2568
2465
2730
2819
2730
1471
2283
5179
2924
2979
3402
3955
1613
1006
1172
1460
1529
2846
2796
2861
2848
3669
3350
3065
2912
2983
1954
2889
3065
2972
2807
2283
1493
2537
2579
2947
2550
1868
2651
2556
2599
2540
2897
2684
1046
959
1064
1131
1262
1333
1417
1280
1166
959
1398
1007
937
1388
1058
1188
1343
1252
1230
1083
1295
1016
1243
1028
1283
1338
1283
1380
1285
1114
1316
1194
1371
2057
1525
2591
2594
2537
2737
2085
2506
2587
3024
3065
3156
2466
2749
2550
2019
2301
2879
3479
2752
2646
2989
4757
3097
2930
2985
2681
3651
2326
1705
1760
3221
1651
1566
3127
3327
1806
2191
2430
2951
3079
3001
1897
1672
1622
1263
1469
1354
1505
1316
1114
2359
1605
2489
2025
3125
3235
5275
5813
4104
1849
1917
1722
1587
1855
1489
1137
1369
1123
1164
1196
1304
1287
1264
1264
1207
1321
1310
1262
1132
1117
1272
1095
1243
1308
1316
1286
1280
1309
1258
1292
1181
1328
1013
1263
1310
1294
1155
1107
1268
1220
1322
1311
1278
1235
1132
1264
1272
1336
1255
1189
1107
1096
1344
1108
1382
1319
1329
1347
1126
1251
1316
1174
1357
1181
1230
1359
1508
1171
1056
1310
1115
1262
1321
1411
1371
1357
1221
1307
1178
1118
1270
1116
1279
1160
1170
1284
1242
1244
1804
973
952
1118
1586
1698
1557
3330
2044
2942
2979
2520
2707
3485
2040
2557
2848
2945
1345
1042
2221
1771
2830
3213
3077
1071
1521
3009
3065
2610
2279
1690
1403
1616
2770
2856
2714
3085
2162
2956
2389
2869
2788
2547
1290
2188
1666
2700
2349
1784
1943
1086
1288
1471
1478
1173
1346
1279
1259
1251
1231
1842
1279
1316
1113
1333
1281
1261
1262
1336
1247
1319
1314
1392
1295
1261
1279
1150
1384
1256
1382
1295
1464
1811
1693
1453
1017
1130
1304
1199
1107
1108
1203
1227
1343
1153
1367
1350
1353
1215
1296
1315
1087
1103
1409
1131
1101
1255
1116
1239
1106
1417
990
1304
1237
1283
1304
1044
1134
1383
1305
1878
1606
1786
1942
1131
1310
1356
1260
1269
1192
1355
1298
2667
1459
1128
1422
1319
1356
1260
1180
1245
1374
1198
975
2984
2288
3141
2314
1287
2967
3151
3242
2783
2315
2446
1522
3001
3009
2958
3066
2704
3009
2488
2628
2963
2652
2140
2092
1897
1567
1550
1343
1402
1247
1312
1436
1399
1360
1206
1319
1384
1287
1122
1243
1271
1358
1346
1351
1239
1174
1260
1153
1258
1091
1325
1024
1323
1271
1305
1292
1143
1313
1126
1317
1403
1410
2218
3201
2858
2577
3027
2108
2550
2874
2472
2916
3009
2493
2587
2627
2327
1962
2390
1762
1437
1473
1854
2545
1232
2134
1480
2479
2329
2140
2851
1026
2068
1268
1810
1817
1604
1487
1297
1192
1756
2289
2665
2951
2529
2912
1517
1018
2577
2924
2893
2505
4514
3097
3053
3111
2632
3352
2172
2013
1796
1991
1592
1500
1246
1273
1306
1266
1331
1158
1263
1312
1159
1335
1302
1307
1089
1238
1144
1240
1285
1287
1284
1280
1251
1294
1286
2667
2499
1347
1428
1371
1381
1429
1674
1777
2697
2710
2653
2966
2815
2675
2787
2873
2805
2635
2495
2939
2899
2402
2504
4295
3919
2235
4115
4183
1350
1089
2096
1508
1302
1433
1429
1527
1343
2647
2558
1566
1059
1588
1393
1862
1485
1705
1705
1599
1337
1263
2803
2764
1771
1425
1351
1806
2219
2757
4761
3529
2766
2708
1529
2078
2070
1921
1695
1577
1699
1322
1049
1273
1130
1242
1345
1270
1334
1192
1122
1291
1272
1235
1180
1353
1132
1284
1147
1341
1157
1278
1135
1368
1134
1376
1334
1206
1339
1363
1209
1195
1179
1368
1135
1495
1998
1256
1322
1332
1317
1321
1359
1406
1304
1359
1276
1332
1307
1331
1145
1345
1187
1199
1325
1292
1497
1182
1026
1292
1375
1337
1311
1265
1225
1338
1280
1282
1220
910
1299
1182
1299
1171
1097
1508
1289
1161
1212
1359
1018
1356
1374
1224
1900
1691
1455
1710
1177
1390
1103
1187
1294
1357
1359
1370
1405
1226
1187
1233
1343
1253
1210
1249
1357
2862
3882
2728
2956
