230
262
261
226
266
248
249
238
264
231
245
220
248
247
249
223
241
245
240
239
225
227
242
241
231
203
219
215
241
247
273
193
231
210
210
299
216
201
250
246
197
219
226
232
201
197
222
240
235
227
224
200
224
224
227
237
222
225
232
230
240
225
231
213
230
250
230
225
198
238
237
225
248
232
238
210
252
235
202
228
233
242
244
239
235
252
221
235
227
240
210
257
219
215
222
205
233
258
249
286
276
277
248
236
236
239
218
209
226
215
207
233
220
241
253
240
222
233
243
231
247
246
207
241
238
253
233
237
243
247
242
221
221
244
229
207
212
209
239
215
224
244
249
253
243
218
237
232
289
237
239
251
246
238
210
225
219
204
234
241
257
211
241
235
230
244
209
212
216
256
233
240
238
241
219
245
207
239
221
244
237
250
249
237
241
242
217
244
222
256
248
230
233
211
232
229
232
211
241
245
239
208
208
208
248
214
212
241
211
207
206
236
244
225
232
211
240
251
243
241
290
285
233
237
242
236
226
237
248
247
242
245
225
234
243
211
207
250
265
214
260
214
227
251
233
216
232
251
237
234
217
234
230
238
252
208
238
233
224
239
220
243
246
215
232
229
241
244
221
259
208
235
247
240
237
239
289
216
255
246
241
233
233
247
251
227
246
225
273
229
231
211
237
226
212
226
253
219
238
224
252
218
240
243
239
251
243
243
254
253
225
243
249
251
223
261
246
259
239
244
247
232
239
217
256
254
261
234
249
253
254
271
238
215
207
234
233
248
233
225
239
255
234
237
237
243
219
223
216
247
230
243
224
243
248
272
238
228
217
229
210
211
246
211
254
244
230
257
221
238
261
235
263
251
241
231
225
220
236
214
218
255
266
242
209
250
246
222
240
245
243
244
247
250
248
262
242
244
213
223
218
237
245
235
230
252
242
240
220
241
238
217
252
238
241
248
221
240
256
211
234
228
241
243
237
217
246
255
253
225
254
231
249
211
259
229
221
242
249
251
219
247
219
240
223
222
241
269
236
246
219
262
233
261
216
212
209
245
247
217
250
263
237
217
226
225
243
213
245
262
236
211
221
225
251
223
246
251
213
216
213
252
234
242
253
236
238
257
247
215
228
228
233
226
237
225
286
261
251
264
225
252
218
258
262
219
268
256
254
231
243
265
252
278
254
215
250
217
259
214
258
236
248
243
243
257
246
224
210
245
223
244
244
236
246
217
234
243
242
250
233
243
213
218
215
240
236
256
251
225
252
227
385
246
234
266
246
244
255
256
245
248
234
216
241
229
241
251
231
246
222
241
245
222
237
265
217
254
250
255
247
241
225
252
250
254
227
227
252
249
245
237
227
219
229
239
246
242
219
241
215
231
243
229
221
213
314
260
228
244
276
265
233
230
313
329
274
236
274
280
298
221
266
342
273
464
371
293
281
277
263
336
304
315
335
252
239
232
397
289
228
246
247
274
240
280
248
267
232
243
261
232
251
245
255
253
253
252
242
219
248
270
254
243
246
228
231
227
237
220
229
218
224
213
220
192
196
192
242
226
214
244
224
256
247
421
469
281
262
257
236
248
210
221
227
221
277
199
211
226
201
240
196
221
232
194
209
194
233
232
214
225
220
220
211
202
217
221
226
202
220
209
237
223
220
220
233
228
235
240
262
237
216
241
203
230
222
249
225
251
397
502
438
461
451
235
212
272
237
263
211
240
211
199
230
223
237
214
251
238
224
229
234
209
234
239
245
239
220
224
207
245
220
239
227
220
219
229
228
223
241
228
200
222
238
226
222
253
226
230
247
360
228
243
252
270
285
311
228
225
225
250
212
244
218
250
240
233
232
234
210
210
221
225
243
260
255
248
259
215
225
238
243
215
226
234
255
237
230
221
238
259
239
248
242
239
202
244
236
234
220
232
251
244
247
230
217
241
238
243
241
300
249
252
245
243
239
215
231
240
224
238
235
216
226
251
262
253
206
249
249
240
216
226
253
209
222
272
262
267
239
208
212
245
243
257
213
240
239
216
214
234
247
226
239
246
249
250
212
242
223
252
251
240
224
232
245
241
212
233
246
219
247
304
216
271
246
261
244
258
255
248
238
248
207
251
237
246
224
222
237
228
236
234
242
215
211
217
212
247
244
214
213
244
238
253
221
243
224
235
244
250
242
241
256
228
215
216
231
254
214
215
212
244
240
227
211
227
241
232
278
259
247
266
217
237
245
218
230
245
219
224
229
261
251
245
243
225
225
210
242
227
234
263
221
228
257
224
253
240
