188
196
357
213
211
164
169
184
189
180
180
219
330
300
345
332
182
181
283
288
319
188
296
317
244
202
162
188
176
197
188
204
162
180
194
195
158
162
153
191
207
164
166
175
163
145
158
150
167
137
169
139
154
150
170
153
159
149
157
140
154
169
152
155
173
153
170
162
156
161
165
155
139
144
172
159
174
148
160
160
213
227
182
168
159
169
151
155
168
160
167
167
180
183
175
177
152
169
171
151
168
148
163
159
151
171
163
163
159
164
150
163
165
160
180
168
152
166
149
177
167
167
154
171
172
166
163
154
153
160
153
181
176
155
165
169
166
165
162
168
149
175
153
172
177
172
176
172
160
165
153
163
173
171
148
163
183
151
154
168
170
182
167
176
165
177
185
174
174
165
182
152
217
175
166
173
173
181
150
158
166
170
177
186
155
155
169
175
178
152
150
166
182
174
163
169
172
167
180
182
154
158
174
177
165
188
160
171
182
177
173
156
172
178
152
173
180
184
169
170
163
171
183
162
185
176
173
151
161
160
169
175
175
173
170
175
184
179
175
176
170
173
161
154
158
177
161
152
180
172
171
170
176
154
154
184
156
183
160
157
172
171
157
155
172
177
164
169
168
168
164
163
166
168
171
175
181
154
175
169
167
171
169
164
161
162
182
174
175
171
156
175
164
178
171
181
166
169
153
153
165
164
173
172
180
154
151
158
172
177
180
170
178
172
176
185
175
171
177
161
165
157
169
168
187
172
238
178
191
402
465
497
463
455
432
415
505
453
376
281
290
286
308
313
333
323
247
184
192
188
192
172
183
186
188
190
184
166
174
164
169
149
168
164
161
148
158
162
141
158
157
164
150
156
144
150
152
151
155
156
164
169
168
159
162
170
176
157
165
173
159
153
156
143
167
178
157
166
169
161
163
148
166
155
174
165
161
170
145
148
171
171
175
174
164
176
161
178
180
158
148
151
159
168
175
174
152
171
185
175
154
172
172
156
164
181
170
181
173
179
175
161
152
177
162
176
153
158
172
175
172
173
184
159
153
190
174
168
333
173
169
158
176
149
168
150
154
170
157
152
167
155
165
168
151
162
158
166
145
157
156
152
144
144
140
165
166
163
159
153
167
142
155
149
152
143
166
156
155
141
162
137
161
156
144
160
156
167
144
152
139
171
157
158
150
157
148
156
159
153
159
165
171
147
149
243
159
163
179
159
171
148
166
158
157
149
153
145
250
176
180
151
167
170
147
168
170
173
167
166
155
149
155
145
146
169
156
159
162
172
168
170
161
177
182
172
177
170
180
171
173
174
168
168
177
147
174
171
179
171
162
172
169
156
163
159
161
164
170
179
155
155
165
153
164
182
175
178
170
183
153
167
173
174
175
177
172
188
174
185
178
172
151
190
285
212
241
172
160
171
185
164
162
172
168
154
178
172
178
166
175
172
159
172
152
160
160
152
169
167
175
182
154
179
169
157
160
156
180
165
179
167
154
168
154
160
173
166
163
164
158
180
183
174
172
160
157
176
160
157
167
163
175
164
175
165
167
173
176
160
160
157
168
175
161
155
176
173
169
197
157
182
162
173
175
183
178
184
180
179
150
187
231
212
171
194
157
179
175
165
222
200
226
276
314
207
322
271
195
182
229
201
308
188
227
219
223
212
297
259
173
180
186
166
186
189
181
182
193
188
186
185
195
193
170
181
181
164
184
187
194
189
164
179
189
188
162
191
194
184
185
154
138
150
159
141
143
155
163
149
141
165
143
152
168
166
163
141
161
161
161
159
165
166
155
216
273
185
184
271
341
343
276
246
190
171
157
169
165
160
189
171
163
142
141
147
170
155
144
167
169
155
171
165
143
145
167
161
172
160
162
167
162
164
166
141
161
180
175
160
186
167
165
171
165
171
170
181
151
174
172
189
171
179
172
150
147
175
179
177
167
162
159
170
172
185
185
171
158
177
177
187
177
156
172
184
185
176
172
176
227
293
319
330
320
316
312
304
343
189
163
181
184
181
156
154
165
159
165
166
178
163
189
175
158
164
173
183
178
176
161
171
191
173
158
165
179
177
170
173
183
173
178
173
172
177
174
168
187
175
167
156
176
174
180
195
172
170
180
168
183
185
170
195
170
178
256
163
160
193
188
263
266
289
256
155
166
169
168
173
161
160
187
174
167
170
178
179
177
175
179
189
191
191
169
179
180
179
173
171
175
171
169
176
169
167
157
161
178
164
150
176
176
177
179
184
182
173
179
177
186
182
175
177
175
173
153
180
177
182
