78
85
77
75
75
74
73
74
70
74
65
74
66
71
74
67
69
72
79
74
70
69
74
70
71
69
71
75
73
73
70
74
71
74
70
68
78
73
73
64
70
65
65
72
70
70
71
74
66
68
79
73
65
70
71
76
72
76
73
65
71
70
78
72
79
76
73
74
77
69
75
67
74
80
82
139
127
76
98
77
68
77
77
67
68
72
74
70
71
70
67
74
68
74
75
74
73
77
75
78
78
73
74
68
69
76
70
72
79
71
81
69
80
70
82
83
78
86
80
70
78
75
82
75
69
78
84
76
79
72
79
78
75
79
76
78
81
83
82
76
80
74
67
79
76
72
71
74
78
73
78
72
77
76
78
72
77
69
68
74
74
70
70
77
77
83
82
79
68
75
83
69
78
80
77
78
79
81
73
72
81
79
86
82
78
70
80
82
74
86
81
76
88
85
74
82
79
73
83
86
68
78
73
79
78
70
80
77
69
82
81
82
72
74
78
77
74
78
73
80
80
69
76
79
78
80
80
79
85
87
87
81
140
76
78
78
77
75
86
81
78
79
75
76
82
80
73
80
74
71
84
78
73
80
70
84
81
83
74
77
79
72
76
71
79
75
76
75
70
73
67
70
76
76
79
75
69
71
78
75
78
70
79
76
78
79
75
73
70
76
69
77
78
68
69
74
76
76
76
76
75
75
78
72
69
81
73
76
73
79
84
72
80
78
80
71
80
76
80
78
80
71
78
81
82
77
79
72
74
85
74
77
76
75
73
79
69
70
76
75
69
73
78
78
74
81
78
83
79
72
82
77
76
80
73
77
79
81
78
76
72
69
75
77
75
78
78
75
75
74
76
77
76
75
71
75
75
69
77
75
71
72
80
70
79
76
77
77
114
98
75
75
73
75
75
77
81
81
83
81
84
85
88
85
82
81
78
76
78
76
80
73
76
75
74
75
75
77
71
75
80
76
74
70
76
70
73
75
75
79
76
76
75
78
76
73
79
73
81
75
75
82
74
75
71
67
76
75
71
67
69
75
78
79
81
74
68
84
72
80
78
76
72
73
70
70
74
71
69
74
70
80
78
70
77
74
77
80
78
77
82
71
82
71
80
75
73
79
74
74
78
80
71
79
78
79
77
72
77
72
79
80
78
76
80
70
72
69
76
77
70
82
73
78
72
82
77
79
77
79
77
74
76
74
79
73
67
74
73
79
73
81
74
81
70
69
76
70
71
81
76
79
72
74
82
112
85
104
88
84
89
77
88
85
90
79
73
73
81
83
89
78
74
88
71
80
84
81
82
128
110
75
76
108
85
129
78
84
83
74
86
78
73
76
91
81
79
76
110
88
140
167
141
132
91
91
149
141
126
95
143
79
95
124
86
82
78
90
87
91
79
77
83
98
91
116
114
82
86
144
86
87
88
83
75
86
84
79
84
81
85
91
81
84
88
84
90
85
88
80
77
85
76
84
78
80
103
76
76
86
80
80
83
85
80
74
77
85
88
82
79
87
80
79
77
82
89
81
76
80
75
80
78
73
80
83
76
83
85
82
85
72
70
72
72
74
71
71
74
65
68
74
67
71
75
70
67
71
71
76
64
71
75
70
74
74
67
74
66
66
73
70
73
73
75
71
68
73
74
72
65
71
73
71
72
75
73
80
72
78
70
80
74
73
74
75
69
74
103
101
81
81
75
116
100
87
107
80
78
78
74
83
72
74
86
108
81
86
101
128
82
94
88
92
86
83
101
118
85
79
90
67
72
74
73
72
81
81
84
75
70
73
79
70
71
73
76
74
71
72
68
69
67
68
77
72
83
68
73
67
77
73
66
76
72
72
66
72
67
76
70
74
73
80
73
78
78
74
73
79
75
79
77
74
79
80
72
71
73
77
70
78
76
78
74
78
71
71
74
74
74
79
76
77
78
74
72
75
75
80
72
69
71
75
78
72
68
75
70
72
76
77
75
79
76
83
73
70
75
76
74
77
69
69
72
70
75
78
77
83
75
83
74
77
78
77
76
76
71
75
76
75
72
80
74
80
80
74
79
75
81
70
76
79
71
77
76
79
76
72
72
77
83
78
78
80
82
79
84
79
69
76
104
115
81
76
82
79
82
81
122
85
78
77
76
81
84
79
83
77
79
77
76
74
76
84
79
84
81
71
82
74
80
76
81
70
78
77
74
78
87
80
84
76
82
84
86
75
73
79
85
79
86
73
80
73
76
77
85
75
80
74
77
74
84
79
77
75
70
79
78
79
75
71
78
75
75
80
76
81
