1029
985
1049
947
1042
1043
997
1108
1098
1085
1233
1175
935
1011
936
988
1054
959
901
1028
958
1038
1370
1580
1307
925
902
1041
1163
972
1042
1181
1111
1084
1106
873
1455
2555
1220
2376
2140
2398
2114
1988
2256
2419
2366
1996
2176
1948
1533
1647
1614
1405
1157
1292
1343
1178
975
1301
945
1067
1076
953
1071
1086
892
996
999
958
992
1002
1052
1145
1539
1639
1343
912
1102
1019
1020
1052
1024
1097
948
1169
1081
1054
962
959
964
1052
903
1126
1048
1027
1061
1031
1104
1219
1140
1004
1847
2760
2089
3245
2650
1667
1132
938
986
1045
1041
1778
3697
2157
2407
2234
2485
1612
1972
2484
2519
2431
2035
2578
2013
1286
2371
2450
2504
2268
2489
1247
2154
2439
2341
2377
1991
2321
2069
2119
1825
1699
2379
2232
2716
2211
2412
2238
2483
2035
2205
2152
2016
2051
2551
2163
2632
2046
2162
2075
2287
2275
2708
4229
2917
2035
1904
1754
2574
1437
1170
1048
932
1145
785
1029
1048
1055
914
886
932
2088
1641
1544
2074
1021
1103
1112
1058
906
967
1037
860
946
928
1020
982
917
979
1173
1411
1466
954
1093
1273
1315
1387
1546
1308
1311
1596
1590
1190
862
1093
1045
951
1051
894
1025
981
1038
900
990
1450
1771
936
1436
2370
2110
2250
2136
1552
972
1131
1534
1785
1796
1746
1589
898
945
1122
1028
747
904
1029
882
905
1052
941
952
1056
959
1058
1034
1082
1060
1197
1607
929
1033
988
1058
961
1038
1054
993
1001
957
995
938
832
993
936
1052
988
884
1129
1100
1038
1062
902
1083
1022
1025
1126
1086
1132
969
1108
1086
911
1012
1119
1055
1087
1106
946
1090
935
1067
1041
926
1130
1103
1051
1044
1111
1010
1090
1049
1034
1006
887
1065
1015
1024
950
1015
1027
1000
1014
1039
1105
923
1743
884
1070
919
949
887
896
884
1097
1051
1085
918
1142
1067
1081
1013
1057
944
964
1052
945
1086
992
1062
1083
967
1014
1058
1180
1083
1074
1046
1063
954
1111
1093
1011
1104
996
1055
961
1126
920
974
917
1004
1086
992
883
1018
1048
1070
942
1089
1021
1021
860
1191
1114
1247
1384
1052
3358
1704
997
1051
1045
952
1112
1083
1135
2104
2425
3129
2339
1995
1846
1656
1592
1388
1392
2347
2695
2488
2200
2211
1685
947
777
970
1024
1052
1016
915
1005
1036
969
984
943
1020
992
1012
1036
1275
742
1105
911
1073
1059
922
1038
1251
2314
2178
1989
2138
2354
2467
2451
2262
2463
2232
2017
2213
1742
1409
1465
1538
2200
1535
1086
1022
1045
998
1023
888
903
1042
1031
993
1146
937
1081
950
956
1009
886
949
958
907
1024
1025
891
988
1038
985
940
901
912
945
1032
1131
1060
1096
1059
1055
1049
1051
1194
745
928
858
1012
1023
1046
902
959
1034
1060
961
968
985
947
707
1155
1036
1018
890
1090
1066
1064
1078
1083
1033
1071
1132
972
1012
986
1098
981
928
1130
1105
1127
1095
1122
1135
1046
979
778
1035
1021
1929
2912
2097
3365
1908
1238
1053
774
867
1053
1063
896
1181
1860
2072
2342
2501
2352
2128
2108
1164
878
922
2383
2171
2307
1935
1428
1025
845
942
981
1711
1712
1863
1865
2391
2464
2369
2088
1999
2112
1993
1796
1884
1536
2362
2246
2348
2070
2303
1916
1895
2343
2019
1987
2306
2312
1898
2451
2374
2148
2319
2378
2279
2481
2178
1983
1945
1651
1690
1275
876
1405
2380
2313
2395
1958
2477
1415
1828
1169
1199
1309
1288
1760
1572
1624
1382
1261
1486
958
1115
1151
1023
1236
1043
957
1089
970
958
875
904
1880
4052
3563
2538
1229
1454
2328
1480
2433
1613
1223
1579
1627
1433
1385
936
904
935
1035
1011
1190
939
902
898
941
996
1100
1104
1005
960
996
899
963
1011
1087
1146
903
990
1053
1045
1060
1162
996
930
1089
1048
1076
1043
1147
932
790
1010
1026
992
1078
1088
1030
1083
1033
1108
938
894
1002
1197
1117
1631
2473
2107
2308
2341
2088
2706
3837
2115
2281
1998
2003
1869
1868
1639
1600
1395
1406
1235
1093
1023
1016
952
1186
2107
2486
2515
2226
2462
1539
1994
1982
2461
2265
2335
2064
2250
2182
2175
1921
2186
1845
1931
1707
1242
1430
1420
1253
928
1037
1049
1029
1027
911
987
1032
922
1024
1008
994
998
919
1055
901
899
1003
1005
933
978
900
907
894
888
965
1017
1081
980
1017
984
908
1031
987
1123
1103
2618
2363
1391
3755
2376
1086
1417
2979
2387
1196
1097
1062
1101
1058
1423
1331
1418
2361
2152
1483
1059
998
1018
1436
1193
894
984
1099
954
1263
979
1171
1032
1144
1313
1808
1278
1029
971
1081
1019
1044
918
1025
1008
1019
1055
926
1070
946
1038
918
1101
989
1087
1018
1082
1021
948
1067
1006
1030
1344
988
1115
1158
940
886
1017
993
1061
1022
1028
987
1055
986
947
1048
869
945
1232
1220
868
883
981
862
820
848
1000
1018
959
762
952
859
885
975
1058
1043
922
1100
1050
910
1078
1037
1069
1555
1520
1113
980
1124
1047
1065
1057
943
883
971
1035
1108
1026
959
997
1046
1132
1037
980
943
1038
911
988
1029
919
1061
1028
1007
954
1021
1025
1065
1012
948
1030
1068
897
918
921
1010
752
927
838
747
1143
965
903
765
1061
910
947
963
1024
1110
1017
850
897
1105
2058
2541
2294
3168
955
1026
1032
1019
1049
988
1162
1389
1803
1404
1301
1017
1026
1107
1014
1054
989
1022
1073
1025
1096
1152
1399
2169
2416
2345
2172
2409
2345
3733
747
2113
2184
2219
2779
1165
824
1379
2126
