832
857
791
774
718
701
826
826
1774
2111
1931
1944
1811
1569
1472
991
633
682
772
798
794
719
826
725
744
695
678
785
743
797
782
711
768
672
854
684
707
681
762
844
869
896
718
811
712
719
720
684
707
765
694
684
861
1151
1100
1247
2009
1075
1902
2116
2214
731
639
823
1833
1487
849
667
781
805
774
748
880
709
969
895
1559
819
816
823
838
851
693
1015
773
819
689
708
1134
976
1240
1303
1248
1275
1203
1190
1339
1268
1283
1383
1463
1534
1543
1416
1377
1526
1439
1522
1388
1429
1478
1533
1465
1461
1489
1499
1504
1324
1341
1784
757
1519
1238
1535
1836
1032
1533
1536
1540
1319
560
1858
768
1036
1772
1749
1524
1721
1634
1797
1356
1561
1566
1421
1504
1424
1301
1489
1491
1039
1195
1166
1382
716
612
760
802
687
666
690
732
787
740
796
799
837
759
796
776
784
810
842
730
803
839
710
799
735
819
753
784
745
899
759
692
763
771
813
766
706
1127
1426
1436
1491
1349
1509
1462
1484
1539
1365
1350
1436
1449
1339
1426
1430
1470
1497
1446
1461
1405
1468
1495
1452
1472
1854
2775
2446
981
1358
1314
1525
2143
1746
926
838
1779
734
1335
1120
701
1025
957
1000
841
684
771
846
699
789
747
766
674
812
764
800
757
799
802
1829
702
720
974
729
805
624
729
664
900
755
690
794
725
797
832
786
790
549
1381
737
807
963
803
689
763
736
694
731
715
839
749
1241
814
877
795
2292
3166
1508
1364
1443
1515
1447
1450
623
1044
810
691
820
695
697
800
686
669
818
787
773
788
798
790
719
788
721
607
716
839
854
1519
1372
1442
1476
1470
1491
1436
1448
1520
1476
1477
1487
1424
1361
1467
1351
1392
1345
1484
1361
1351
1496
1406
1429
1514
1459
1374
1635
1509
1894
1900
1793
1687
1504
1889
3111
2218
1842
1798
1690
1661
1235
655
1482
1547
1350
1604
1483
1430
1250
1191
1252
1050
854
864
595
730
864
757
821
856
812
764
690
677
681
753
712
732
774
934
889
1606
1007
1231
1146
747
1720
1306
679
720
1674
1641
635
1193
772
811
956
733
751
772
795
709
763
973
966
872
1006
979
1018
921
742
843
860
850
986
762
820
770
776
1026
1238
2750
1698
918
961
899
887
825
794
890
792
775
1066
756
1329
1759
1328
1279
1223
1304
1045
1075
878
1012
847
1691
1732
575
548
686
828
801
538
1052
721
738
819
667
799
763
756
724
786
663
643
1180
1333
1391
1469
1459
1467
1353
1420
1454
1499
1470
1343
1514
1412
1436
1422
1415
1480
1592
1192
1156
739
800
852
816
724
798
730
684
779
828
833
881
708
794
751
604
838
843
680
622
610
761
797
769
826
785
515
676
774
744
717
734
779
766
800
592
827
785
792
696
801
801
757
794
828
838
723
679
803
848
783
1389
1368
1474
1459
1439
1391
1448
1346
1474
1451
1127
2793
2817
2496
2296
2409
2242
823
883
1392
1361
1314
2667
1564
965
1923
1493
1810
1447
748
801
1525
1916
1956
2139
1720
1785
1735
1533
1598
1233
578
1717
1270
812
786
796
747
731
675
739
852
784
808
851
632
1093
799
575
1037
899
777
755
684
733
692
774
780
794
728
831
675
815
776
881
678
506
646
802
676
796
788
682
738
756
819
691
751
735
675
763
794
831
693
577
702
1012
1408
1429
1515
1486
1444
1349
1346
1485
1407
1484
1482
1364
1512
1452
1470
1474
1469
1462
1401
1364
1452
1457
1459
1477
1489
1456
1475
1478
1467
1442
1465
1447
1445
1355
1411
1502
1409
1452
1439
1405
1483
1482
1423
1460
1310
1467
1507
1456
1480
1421
1456
1401
1338
1454
1548
1338
1397
1333
1439
1457
1472
1449
1397
1454
1448
1444
1390
1466
1537
1451
1370
1381
1486
1432
1459
1335
1531
1479
1749
2011
1592
724
1362
856
936
1089
752
763
719
775
719
726
769
701
800
826
816
1814
1535
838
620
1455
1540
1642
1485
706
692
684
1048
784
805
1104
1129
1119
601
677
723
1074
1145
1065
1017
1171
975
949
955
863
1151
998
912
613
969
846
655
745
719
726
832
788
798
873
689
582
984
706
1221
1238
792
828
696
763
770
798
881
672
709
820
783
777
841
790
770
839
673
1316
1112
1278
1397
1379
1388
1449
1468
1404
1372
1196
615
1131
1619
675
1215
726
799
757
846
787
681
852
676
753
759
798
780
1598
1145
1205
1789
3536
3618
1369
921
1593
1768
1138
661
1228
1250
1347
1317
1222
1223
879
1391
956
756
835
707
780
730
747
824
778
793
791
694
782
722
893
643
623
687
756
802
870
953
895
756
755
779
781
708
757
785
771
819
714
672
820
740
838
725
803
794
780
828
719
831
727
760
732
788
700
735
1131
1260
2086
2022
958
2348
1419
1042
1481
741
787
708
746
771
691
762
730
793
713
1431
1570
3287
3101
3150
1980
968
1170
1048
642
726
1221
599
765
846
980
803
870
1290
878
746
958
1158
1128
922
849
1075
1266
1163
1004
604
751
757
781
873
1464
1501
1500
1379
1175
858
1167
1149
1105
635
676
731
870
895
643
656
692
1184
1050
728
650
712
680
687
849
670
1064
937
979
1074
998
872
822
1003
1162
1168
955
941
584
1715
945
824
729
782
