1194
1230
1036
716
676
741
797
856
784
900
1201
619
683
1155
994
785
1004
1271
1169
1417
1145
2391
3037
3028
1693
966
1938
2500
925
649
717
753
974
1226
2544
2739
2945
2883
3191
3096
2920
1028
693
675
767
796
647
746
702
852
872
821
820
699
774
728
873
722
981
750
701
708
736
972
1876
696
1383
706
752
725
870
748
764
797
768
692
859
1484
1607
1942
1607
1821
1493
1626
1713
712
775
754
1280
1253
1233
1286
1279
1483
1378
1469
1328
1258
1265
1385
1324
1318
1443
1298
1384
1347
1421
745
1278
1752
1646
875
861
769
827
851
807
821
774
734
854
1194
1629
1184
873
745
756
756
766
825
829
840
845
812
797
828
989
971
1256
952
1703
1532
978
830
705
868
591
647
972
789
1043
1146
713
1050
769
644
884
1427
921
681
758
772
799
809
808
827
863
868
1181
826
803
806
790
878
1161
724
598
1338
1945
1980
1789
1955
1843
1907
1058
626
961
1823
1586
1641
1274
1151
1400
1323
1046
1442
685
743
1549
1520
1630
1552
893
1337
1315
1181
1155
964
740
856
1065
851
1025
1024
964
1007
795
837
859
901
827
1055
1153
1337
1388
1447
1400
1295
1419
1397
1423
1439
1312
1273
1414
1341
1308
1323
1325
1425
1269
1453
1338
1393
1653
1062
1703
1725
802
706
724
847
806
792
741
819
737
795
713
869
792
589
721
824
747
793
858
867
879
852
708
760
883
739
791
887
870
817
1319
1418
1522
1416
1457
1435
1448
1348
1438
1536
1403
1334
1465
1369
1454
1333
1412
1443
1490
2305
1657
965
1287
998
928
716
747
707
1230
794
642
717
639
689
1006
1116
1155
644
874
937
1165
934
791
675
696
724
629
656
943
839
1023
659
534
637
816
625
767
942
735
715
1093
1157
1588
970
1154
982
1212
918
912
953
937
1179
718
1213
1310
1491
1375
1104
1045
1181
1179
1312
1373
840
1253
989
979
1189
1442
1329
1358
1500
1381
1363
1411
1502
1443
1332
1434
1429
1471
1414
1390
1339
1473
1364
1566
1481
1483
1615
1797
1918
1799
1836
1771
1444
1583
1796
1818
3719
3669
666
1055
757
831
727
705
725
669
645
861
846
1132
1150
1209
1128
957
650
812
1244
1290
917
899
915
775
712
739
961
583
732
835
706
830
782
785
883
867
1104
588
745
841
852
716
703
834
919
773
758
866
740
1040
713
783
797
830
934
923
752
836
737
789
847
753
847
723
716
828
771
1181
1205
1232
1173
1197
1196
1194
1237
1135
1207
768
706
938
686
714
1097
968
1462
1277
1066
1211
1256
939
852
768
704
802
725
635
883
861
885
942
748
927
708
888
758
601
695
670
868
982
826
744
663
896
860
857
804
883
846
763
1402
910
793
738
1635
1699
1734
1692
1619
1446
960
2152
2462
1763
1942
1845
1595
1812
5399
7018
5705
1796
1302
771
894
1898
1828
1694
812
1248
1856
3192
2926
1718
1671
1965
2208
958
697
658
1565
1701
1859
1890
1865
1840
1604
898
1472
1280
1276
1261
1240
1115
1143
1182
1122
1208
667
728
736
723
731
809
742
868
748
768
811
1081
788
754
726
703
728
919
1112
1751
1639
1732
1719
1804
1719
1835
1586
1767
1285
1477
1460
1528
1232
1181
1167
1163
1061
878
960
925
935
834
923
850
869
761
880
815
798
728
3286
717
1469
1327
958
729
918
998
1092
1023
902
776
698
730
679
772
857
767
723
911
854
821
712
870
2084
3625
3886
3657
2996
649
665
1260
1623
1495
1350
1210
1325
945
1128
1017
800
1342
1167
1139
1269
903
714
823
968
819
905
989
826
806
811
809
818
1029
1190
647
761
786
869
851
714
764
836
829
768
694
849
839
817
820
877
819
1137
730
788
819
816
767
839
823
738
874
723
742
874
868
712
832
718
751
1130
605
699
817
852
750
827
864
742
886
705
744
840
727
811
851
517
765
895
642
765
846
704
837
724
901
816
818
858
941
1272
1042
1128
828
882
794
701
810
781
761
643
826
822
766
766
732
815
844
862
887
766
875
810
802
834
777
696
810
760
882
755
819
1053
1241
1116
829
719
704
737
834
866
676
994
698
766
823
806
842
822
810
811
903
850
748
820
817
829
814
982
789
1192
1008
988
907
830
697
1265
1098
1094
1040
768
806
822
816
821
786
703
850
1247
1248
1153
1033
1092
1222
1741
1389
1427
1543
1652
700
620
668
844
1006
1187
1002
1076
1150
1114
1027
1048
1106
1176
910
967
1120
1157
1126
866
728
834
712
937
880
619
881
700
762
725
1087
1263
1098
794
1300
1239
836
1085
1118
726
1037
824
732
742
803
597
2726
3510
3326
6346
8044
7425
1188
1379
2025
1312
1099
1229
1246
1254
1362
1209
1189
756
601
657
716
799
853
783
743
811
866
748
824
859
791
820
729
817
785
692
836
715
856
819
841
866
694
823
762
809
800
840
815
856
724
844
896
1196
905
1634
1914
1965
1630
1819
1799
1144
1753
2215
1233
1869
1699
1660
1907
2382
3168
1656
1497
1408
1413
1472
1620
803
1219
1128
1380
1290
1115
1014
991
1019
1005
859
887
989
1142
1432
808
645
840
735
1178
1189
794
745
566
538
770
720
848
877
851
781
790
789
813
820
815
819
