85
82
72
75
79
68
73
73
71
73
80
81
68
77
78
79
79
72
75
77
77
79
74
74
79
80
72
68
71
72
80
69
76
80
84
81
70
74
74
70
71
74
79
79
72
76
80
77
77
69
75
71
74
78
77
81
74
69
75
69
77
76
79
73
71
73
81
75
73
84
78
74
76
70
81
71
71
75
83
81
70
80
73
75
70
81
75
80
80
87
77
80
79
81
70
79
80
76
85
83
78
79
79
83
79
75
74
80
74
72
77
73
78
80
72
83
86
74
79
87
85
78
82
79
77
73
87
80
84
83
72
84
75
72
84
86
72
72
85
82
81
75
134
142
78
81
81
86
78
84
79
81
77
82
82
79
80
72
77
78
78
85
81
85
76
81
82
77
80
80
74
82
82
72
75
71
82
73
79
78
84
79
74
78
80
83
82
79
77
81
75
81
84
79
81
81
80
83
80
77
86
73
83
85
79
82
83
82
78
79
74
80
73
79
83
72
82
82
80
86
85
79
73
76
78
80
79
73
81
78
86
79
79
81
79
85
73
80
73
79
77
76
82
85
82
77
76
82
78
84
86
78
77
74
81
79
87
84
84
85
86
82
83
80
80
82
89
87
80
86
73
80
74
75
82
78
79
84
76
80
85
80
80
81
75
80
81
79
81
80
89
119
118
87
87
80
88
76
79
80
74
81
74
84
73
86
81
87
84
75
83
81
84
74
77
86
88
84
82
81
79
77
81
83
75
75
77
90
85
74
86
82
74
82
83
84
73
84
84
83
84
83
81
77
84
92
84
82
90
83
84
77
81
86
78
82
82
77
85
77
82
78
75
90
84
84
78
76
83
80
79
82
87
83
82
82
83
80
82
82
78
80
89
75
74
86
85
80
84
83
83
78
80
87
79
82
81
76
79
82
79
75
84
74
76
82
81
83
86
84
80
81
74
82
77
82
81
73
80
85
76
79
75
76
77
83
86
83
85
77
81
82
84
83
73
84
86
85
165
90
86
81
83
83
82
78
71
78
77
82
89
83
79
88
81
81
83
82
85
82
82
83
83
81
80
85
79
78
84
81
73
83
84
78
83
79
82
86
82
86
86
81
73
84
83
82
76
87
82
80
86
85
83
82
88
86
87
80
83
80
75
83
76
86
75
75
86
89
82
82
78
83
82
84
77
76
79
86
86
82
88
83
88
73
74
81
75
73
79
77
78
85
84
82
77
80
88
85
80
80
81
86
82
84
80
83
88
77
82
82
81
88
76
81
84
84
81
82
77
85
80
80
85
80
83
75
85
81
85
85
83
74
86
82
81
75
81
88
81
77
79
86
77
84
93
89
89
76
81
90
89
83
83
84
82
87
75
77
83
84
87
94
82
88
88
84
80
85
88
87
87
88
96
150
142
129
113
92
87
96
86
83
91
91
98
95
102
88
115
84
77
89
87
88
99
108
87
112
95
140
103
135
137
91
88
90
81
130
92
86
97
118
90
93
96
87
138
101
105
123
80
83
96
93
105
88
83
81
88
95
121
102
92
87
91
87
85
91
87
96
91
93
83
81
95
86
88
93
92
85
91
86
81
91
85
78
87
93
86
92
82
87
95
78
92
89
78
87
79
79
78
94
87
86
92
90
79
92
79
81
80
85
85
85
71
75
82
69
70
84
74
69
73
69
74
78
73
81
81
72
74
76
79
79
73
73
71
73
73
80
76
70
85
80
75
77
77
78
77
79
78
79
73
83
81
81
83
77
74
82
81
80
83
70
73
79
84
77
78
81
74
79
75
76
87
80
82
73
82
76
80
79
82
73
82
85
79
80
80
81
87
109
103
89
93
98
90
135
138
161
93
118
82
101
75
91
74
81
81
76
84
86
82
86
77
80
69
68
76
80
72
80
73
76
73
76
78
76
75
81
85
78
79
73
75
72
70
76
77
69
76
69
71
83
83
79
78
80
75
72
67
71
76
78
81
76
69
70
77
76
79
76
82
82
80
78
76
76
78
78
83
70
76
75
77
80
70
68
75
70
83
77
68
71
82
79
76
76
78
83
79
79
75
76
70
67
78
78
77
84
73
75
79
79
69
79
77
79
81
81
75
78
77
72
71
72
72
71
76
71
87
78
79
74
77
68
84
70
76
73
83
73
79
77
77
71
81
78
76
79
75
75
82
77
70
83
80
82
81
93
102
108
108
92
84
80
80
85
88
77
100
74
77
81
88
77
73
77
78
79
79
76
74
82
82
85
84
81
68
84
79
82
70
71
82
78
85
78
83
85
