1212
1431
1653
1398
1545
1735
1689
1653
1818
630
998
1469
1718
1522
1465
1537
1652
1556
1260
1695
1617
1393
1306
1185
1311
1277
1082
766
829
934
698
541
679
548
569
701
842
811
614
809
1516
895
1275
1319
1251
1073
584
496
737
712
805
937
743
693
769
798
630
620
779
605
810
819
615
646
598
538
627
654
630
526
632
511
601
624
728
607
718
587
763
608
693
638
721
710
764
678
682
527
665
609
738
734
651
964
604
970
969
1036
667
710
812
796
858
735
971
608
652
740
650
603
684
568
619
550
576
691
683
757
710
720
757
624
768
620
656
926
700
552
653
690
683
744
605
764
747
659
599
1003
1067
982
1027
1015
1063
629
686
680
700
603
889
723
621
784
680
759
961
641
695
603
613
616
775
732
1001
1006
786
915
924
814
832
703
749
995
1030
874
898
941
772
478
1041
1573
1532
1548
1429
1242
782
1137
2403
1626
1674
1667
1622
1587
1689
718
647
693
987
1616
1382
1717
1594
1613
1702
1501
1752
3014
2105
526
598
995
1697
1780
1595
1679
1054
591
809
1103
1014
1163
1054
1170
903
897
903
955
888
703
789
671
525
767
671
508
668
705
667
774
609
661
727
727
701
753
642
717
731
633
716
688
576
572
643
723
681
621
618
764
656
637
704
675
706
715
623
620
642
745
703
752
682
759
753
657
614
707
691
607
666
743
639
738
694
700
649
721
632
632
674
650
713
615
689
698
743
658
708
631
644
656
749
703
665
677
641
709
697
629
714
709
800
502
590
751
654
620
715
738
575
769
609
635
687
613
704
730
645
729
691
710
695
759
637
459
708
645
648
768
710
689
641
611
545
710
734
750
734
701
756
665
775
748
707
645
711
703
706
735
716
613
737
738
733
770
674
659
728
688
1596
1379
1467
710
762
744
684
742
987
955
819
794
980
616
520
761
613
618
712
1008
565
886
964
817
912
683
862
751
987
885
902
571
459
628
758
906
791
650
786
874
724
657
670
787
786
744
735
663
610
949
696
639
554
718
745
991
627
571
871
709
674
738
784
543
522
706
681
514
734
783
586
604
701
702
721
665
698
659
615
644
716
681
582
612
662
607
1021
1012
717
1013
1091
858
651
621
634
951
1044
973
1070
1015
1117
969
564
597
681
648
763
721
1263
1073
763
699
723
620
1112
1322
851
651
1112
1083
895
1052
1015
939
969
731
661
540
662
662
670
584
658
886
1095
798
745
643
821
1036
829
597
651
545
656
644
783
684
700
633
669
663
661
715
1033
882
676
655
656
643
672
581
725
1036
1069
848
992
1036
1027
1039
983
1034
1002
1087
1068
601
927
1583
1329
529
1343
1531
1778
1443
1563
1119
1012
575
1306
1061
1230
1728
1271
830
794
1041
899
983
905
1317
1550
1308
1066
897
1117
1011
527
546
702
750
1266
1012
666
626
732
586
747
655
570
748
698
650
691
625
710
711
723
619
716
658
719
725
671
643
2068
2496
678
755
1042
712
768
598
649
573
523
998
1484
1609
1709
1027
1527
1706
1355
620
1518
791
533
1154
1296
880
1462
1478
1475
1338
1191
1451
964
1040
2678
1923
1644
1624
2895
1484
2717
2459
1666
2306
2044
1117
1308
1157
659
487
833
684
723
584
608
514
611
717
634
595
673
744
709
456
568
941
636
882
923
596
518
527
614
644
637
700
727
649
615
697
708
661
711
729
705
702
714
611
756
687
528
787
641
632
760
773
633
725
723
751
712
661
762
765
669
659
724
727
715
1628
949
1103
1186
1154
1207
1230
1216
1163
904
974
1360
1513
1354
1052
1029
1309
1192
1329
1329
1340
1136
1236
866
1046
876
1453
1564
1481
1543
1380
1667
1684
1651
1540
1551
1724
687
930
961
553
1003
571
664
618
518
614
600
602
597
724
605
637
714
720
702
708
712
735
711
785
733
694
714
686
746
739
711
900
830
1626
1226
1263
1170
1259
1211
1198
1256
643
937
602
598
537
685
592
603
576
621
634
718
626
946
772
577
593
637
732
633
758
706
724
718
709
636
719
670
931
956
956
863
797
944
659
682
703
701
585
631
613
536
644
612
750
750
638
674
947
1013
896
939
851
754
551
592
818
752
833
785
849
829
810
715
721
672
612
709
628
695
664
667
743
692
626
698
702
765
613
723
700
716
732
731
683
716
720
681
643
671
711
619
699
717
685
618
498
1132
2595
1551
1482
1495
1568
1458
1620
1653
1852
1659
1648
1435
1775
1625
1663
2805
2763
1424
1518
1724
1604
1421
1554
1354
1554
1478
1331
1594
1577
1384
1578
1674
1085
1633
1449
1595
1354
1428
1633
1368
1123
1073
625
539
704
805
849
814
806
827
815
649
694
755
753
748
716
632
710
693
812
525
615
624
700
726
682
714
630
614
780
657
717
742
720
645
692
717
707
631
1035
1156
1024
736
700
700
682
672
701
718
718
716
623
741
707
666
975
1278
702
740
581
678
1071
582
696
651
720
754
724
579
832
701
516
