488
500
660
529
430
723
453
506
577
643
470
678
535
510
582
611
616
599
475
483
425
462
561
603
590
598
692
497
528
425
549
573
584
601
583
553
519
503
635
587
547
534
596
607
571
586
573
512
690
484
514
852
449
463
559
594
575
517
567
533
611
591
555
588
606
594
501
593
599
502
577
572
572
585
676
513
495
531
597
628
501
608
523
491
565
491
467
513
603
513
599
538
543
573
512
541
583
576
527
532
705
723
940
559
569
499
592
610
581
616
585
521
578
614
530
595
540
531
519
586
619
535
534
774
746
712
787
616
1191
1648
1609
1376
1504
1670
1066
1046
1329
1214
1379
1363
1237
1238
1338
1300
2279
1280
1355
1220
1283
2083
2386
1509
1293
1197
1306
2399
1863
1305
1416
1736
1499
1247
2153
2195
1993
1739
1616
911
645
958
801
581
511
621
619
512
613
1084
985
455
601
494
539
542
580
539
562
505
550
591
584
800
998
721
443
603
593
589
553
574
629
578
638
585
569
598
534
577
533
577
585
595
611
829
602
831
1072
645
841
821
646
457
529
606
560
648
949
759
729
749
753
518
604
575
553
539
944
944
626
844
742
704
578
571
566
526
611
510
497
598
599
522
512
569
693
747
829
728
784
771
672
375
494
641
591
641
582
619
633
410
504
553
590
552
586
536
455
545
529
504
505
552
948
729
631
902
883
671
455
548
561
570
533
520
590
578
591
615
547
587
571
395
568
508
539
1411
2058
2286
2156
1300
1312
2325
2619
2076
1828
1115
1140
1295
2248
1055
524
475
1029
1218
1343
1189
1285
1402
1293
1247
1142
1179
1088
1333
1755
1791
969
1443
654
808
1117
703
720
1117
878
1147
1068
461
542
616
636
623
536
529
528
551
846
884
1926
2087
1758
1172
1460
1279
1193
1156
1617
832
1141
940
1137
1086
947
952
1154
1123
977
879
758
847
703
2471
2305
1625
1351
2236
2269
2119
1825
1385
1153
788
1382
1144
1176
1222
1173
1132
1162
1265
1389
1338
1224
1045
983
958
899
1073
1047
811
1283
1357
1428
545
787
1149
1143
1047
1171
799
862
853
798
550
692
712
789
525
604
582
553
628
555
592
556
577
587
559
553
382
471
497
608
574
568
501
632
583
565
393
632
1291
1171
1364
1310
1442
1172
1314
1345
1166
1001
1258
1132
1380
645
866
855
864
902
886
911
658
550
674
671
558
579
562
552
747
597
574
503
631
600
626
578
808
1061
597
587
566
546
580
565
542
572
563
563
566
698
1223
749
928
1140
490
1112
1378
778
530
593
520
551
570
582
597
536
565
623
944
965
898
802
881
900
785
675
623
706
686
742
705
699
720
530
497
627
609
844
796
739
638
565
694
1171
1875
1899
1654
1495
1295
1273
632
753
724
876
743
652
728
495
831
1431
1199
1285
1332
1297
1096
1037
893
951
919
957
899
906
906
813
1061
457
495
1328
1171
1292
1320
1189
1162
1270
1302
1139
1243
1516
654
1243
1350
1419
1330
1419
1342
1156
1379
1219
1238
1310
1339
1248
1261
1316
1131
1334
1287
1267
1244
1370
1376
1372
1146
1291
1281
1313
1250
1291
1187
1347
1224
1203
1401
1265
1225
1354
1274
1222
1095
941
866
906
1078
906
855
683
681
885
874
750
588
630
863
906
820
774
801
842
746
745
724
736
797
959
744
928
818
828
903
816
916
870
880
831
930
920
731
629
639
618
612
741
746
643
530
569
576
508
539
589
584
560
559
575
550
509
639
721
601
637
530
631
595
514
619
514
614
571
517
622
570
533
590
583
562
586
568
567
611
667
674
592
551
627
596
589
497
556
545
617
586
575
581
535
584
573
568
582
573
574
555
561
573
689
423
453
465
530
571
576
532
556
618
1188
1365
1558
1351
1348
1235
1049
671
787
945
704
1209
930
1140
621
460
842
754
443
818
1406
928
682
662
765
773
770
693
682
763
635
614
575
535
562
656
563
739
843
816
801
843
831
887
823
797
838
809
801
828
875
837
505
445
545
612
781
484
544
575
583
512
583
557
615
580
495
580
630
630
628
542
599
608
599
609
560
575
668
669
579
587
400
484
585
541
567
518
507
617
507
532
532
591
557
555
543
567
510
577
510
562
622
621
627
633
623
437
433
539
600
577
612
567
562
506
633
477
482
460
589
518
522
599
601
574
589
569
510
491
468
688
748
820
789
793
794
810
735
820
763
811
827
805
812
790
877
846
897
800
808
825
828
849
822
784
819
847
836
822
862
814
838
802
842
891
868
854
773
843
788
820
813
759
860
840
778
806
826
792
837
889
496
476
506
812
1162
1234
1104
699
1341
1353
1065
1292
1313
1180
1312
1283
1281
1202
1387
1231
1049
1226
1207
1278
1310
1031
1259
1253
1070
1093
1172
1301
1262
1070
1058
1117
1384
2128
1985
1220
1194
1097
1239
1319
1217
1330
1129
1351
2489
1615
1193
1232
1121
1215
1232
1056
1307
597
754
1507
1706
1564
655
855
1115
902
862
701
745
729
818
743
832
867
