138
119
120
115
119
109
108
128
107
120
119
126
121
124
121
112
106
109
117
118
119
117
127
120
122
109
107
110
105
119
115
113
125
124
125
114
124
120
118
121
118
119
126
138
110
122
133
126
119
114
120
121
130
119
123
110
113
109
108
118
130
119
121
121
123
121
123
123
122
114
110
126
115
156
125
128
124
131
118
133
124
113
155
177
149
137
122
124
124
133
132
119
120
119
130
111
115
115
126
111
130
131
123
128
129
120
132
130
124
124
131
131
130
125
130
132
125
123
125
113
125
133
119
129
118
129
131
133
137
118
129
138
126
126
124
125
115
115
113
126
129
134
127
113
121
130
128
120
115
127
125
138
133
133
126
124
131
135
116
124
129
118
125
129
137
124
122
115
137
129
130
127
125
133
115
138
127
130
120
128
152
136
130
138
120
131
123
132
116
127
133
126
133
145
132
133
126
129
127
131
117
134
130
121
134
125
119
123
140
129
117
127
124
129
132
117
131
119
129
139
127
119
128
130
129
132
126
130
127
138
129
132
127
121
138
130
139
131
133
124
129
133
126
129
129
133
128
130
142
128
122
129
128
133
132
138
131
132
137
133
135
133
139
138
136
135
117
137
138
126
135
137
131
121
136
129
130
126
131
135
129
141
129
139
117
130
131
121
122
135
193
130
122
119
122
127
127
131
134
129
124
135
127
140
131
137
130
132
139
117
140
136
130
128
130
121
128
118
135
136
130
137
133
124
140
134
131
128
118
130
123
116
131
138
121
128
139
118
125
129
124
129
128
116
131
129
126
134
117
135
127
133
131
134
125
132
120
131
124
132
126
127
130
133
130
125
124
122
124
137
125
132
133
137
130
130
125
135
138
137
139
140
126
132
131
122
138
213
135
143
141
145
131
131
132
137
131
119
132
117
123
134
134
154
148
201
182
212
173
154
173
195
139
129
164
134
149
153
148
134
143
126
128
122
130
123
129
120
135
230
120
111
121
120
125
121
116
110
122
123
129
131
125
108
118
123
133
122
125
130
111
127
124
122
127
125
123
116
115
128
123
131
117
128
125
137
128
117
132
117
125
128
131
130
136
117
124
125
119
135
161
148
113
127
138
135
129
128
118
127
112
125
120
115
133
119
132
133
136
130
122
127
137
140
140
125
130
129
119
132
116
121
125
120
125
136
138
130
129
119
115
125
136
130
125
124
138
121
129
121
122
134
126
128
123
131
129
130
132
130
119
139
128
117
146
134
123
131
127
130
129
136
133
135
130
132
142
129
128
121
129
138
131
126
130
128
128
128
131
129
130
132
118
135
127
130
130
236
152
133
141
146
133
127
147
138
131
124
141
122
127
141
141
138
131
134
141
132
132
123
130
123
133
128
126
131
146
142
125
129
131
139
138
122
136
145
135
141
135
132
132
145
127
120
142
146
126
125
141
120
139
132
135
126
120
147
123
149
138
138
136
148
145
144
143
145
139
127
125
139
121
146
129
143
134
138
138
138
127
140
142
117
128
151
135
130
137
119
121
139
125
142
143
210
231
251
277
248
252
256
255
224
131
125
133
122
138
138
126
134
130
133
133
131
126
127
136
136
133
135
134
125
146
121
137
129
135
127
125
138
127
125
134
128
145
126
139
132
142
124
118
126
133
124
120
133
120
127
142
127
128
143
133
138
127
130
139
141
143
138
131
142
133
128
131
133
125
132
144
133
122
132
128
140
116
126
131
130
131
126
138
209
130
146
125
131
137
120
136
138
129
120
126
132
139
122
121
128
136
128
121
124
140
117
134
122
128
134
128
116
134
129
128
129
124
116
143
134
134
124
124
132
121
144
139
131
134
121
141
135
144
137
132
136
136
120
129
134
123
134
137
140
130
129
119
128
121
132
127
128
128
131
128
132
136
140
133
135
117
129
126
137
133
130
137
123
137
135
119
125
120
131
130
133
146
137
186
143
141
136
142
151
125
146
141
131
142
152
158
146
128
134
220
137
144
149
139
174
140
151
140
190
145
202
166
159
145
162
133
155
144
232
187
145
147
173
143
182
160
151
154
171
202
217
173
161
156
143
227
155
146
151
137
135
148
140
148
142
131
138
143
152
137
134
136
137
129
124
108
126
119
126
122
120
110
124
129
122
110
128
126
122
121
111
122
118
112
119
108
120
123
117
121
120
119
119
112
126
124
105
117
120
123
124
123
111
110
113
122
126
122
121
107
107
123
120
122
119
124
112
123
123
124
129
117
129
173
176
420
198
127
139
133
129
249
181
145
139
135
134
