147
139
141
138
136
140
128
125
125
129
144
148
319
500
134
142
161
138
150
150
136
124
124
133
137
150
138
144
143
143
143
139
198
152
130
124
134
125
145
138
142
139
132
132
140
130
141
143
120
143
140
138
151
145
129
144
140
145
124
122
140
147
142
146
146
135
142
143
149
136
130
127
130
132
142
152
153
134
155
153
148
130
136
151
145
144
153
136
131
144
151
158
164
154
152
161
166
162
166
135
146
153
153
149
136
184
181
186
152
152
149
153
140
155
138
152
156
147
156
137
151
159
156
165
146
155
156
155
147
145
153
140
153
139
152
151
133
136
153
145
163
153
148
136
141
145
149
139
154
138
137
157
156
147
137
149
155
160
150
134
131
145
156
146
144
135
144
143
150
145
143
151
158
157
154
149
150
145
146
154
149
163
146
143
160
161
160
150
152
142
146
149
150
141
172
169
144
140
148
150
148
141
147
147
152
136
147
150
147
159
138
152
156
155
165
138
154
146
137
160
148
136
137
139
154
143
150
151
153
156
141
163
148
148
164
158
138
152
132
133
148
147
138
150
142
148
161
159
154
169
136
142
157
161
139
147
147
150
152
146
138
140
163
150
160
142
147
163
155
162
156
153
150
142
151
152
152
134
135
141
249
169
170
158
147
135
146
154
133
160
144
154
134
138
150
150
153
129
142
138
127
145
130
125
145
123
143
124
138
131
145
139
136
133
136
124
131
145
141
146
138
123
131
139
131
143
137
139
133
122
121
142
135
126
129
132
142
120
130
139
130
140
149
131
137
121
134
128
136
134
140
127
146
138
134
124
129
134
142
138
148
140
148
147
132
128
137
132
141
129
177
282
270
252
252
264
258
257
168
141
148
133
130
141
143
137
143
130
144
150
148
143
136
151
129
148
131
139
144
145
144
151
133
151
150
143
158
143
154
136
157
150
144
143
135
142
138
145
130
143
145
146
150
155
134
147
148
154
152
141
147
139
146
129
147
137
138
141
150
154
140
143
147
159
139
146
132
140
153
139
157
148
177
152
135
146
148
145
146
147
133
156
150
139
149
131
157
149
146
160
149
139
133
158
159
141
157
153
146
143
148
132
144
154
141
155
151
147
139
150
152
158
158
135
136
155
134
146
154
155
152
158
154
151
142
148
151
149
155
150
142
133
152
153
143
133
152
153
160
141
160
136
131
152
147
148
165
153
154
132
155
139
149
152
153
144
133
165
278
286
276
289
266
264
275
313
258
153
136
146
155
154
154
155
148
146
145
146
132
156
144
147
138
160
167
153
154
131
147
151
133
134
160
159
134
147
149
143
140
143
149
155
155
138
160
143
146
159
150
156
153
156
157
153
149
149
150
153
166
148
136
132
159
156
152
137
148
143
152
149
158
154
141
160
147
179
140
159
143
146
156
145
136
145
146
139
151
166
153
143
163
168
155
151
169
150
142
168
160
155
137
147
133
163
153
150
161
161
166
151
149
154
151
141
158
150
133
138
149
157
139
144
132
153
149
152
166
160
163
138
134
150
156
154
151
157
149
153
147
152
162
157
161
153
144
157
158
154
156
154
167
158
162
136
152
153
141
144
137
131
148
145
174
168
144
147
134
151
141
152
160
156
147
138
148
146
140
154
149
147
141
153
134
140
150
144
150
154
161
153
136
148
138
149
142
139
154
145
152
140
153
155
139
140
151
139
153
150
138
142
156
151
160
147
142
145
134
149
133
162
151
149
141
139
165
147
137
157
159
138
153
154
149
139
142
139
154
147
136
141
166
148
148
150
160
149
181
156
141
155
154
153
151
152
142
141
151
147
149
160
133
141
135
137
147
159
169
133
151
156
155
148
148
152
162
159
158
148
145
148
138
135
153
158
161
147
138
155
164
162
147
135
153
132
160
133
159
157
165
155
156
134
155
142
158
154
151
153
149
142
155
147
140
133
149
149
140
150
154
151
135
150
150
154
156
160
153
153
151
138
157
276
160
162
157
156
140
148
167
156
157
162
138
152
153
154
159
195
185
226
156
199
225
227
190
217
209
167
158
268
174
190
179
158
167
163
146
212
166
180
165
205
164
156
141
172
154
223
222
157
162
162
160
145
152
139
153
140
165
169
154
143
153
160
139
176
172
161
152
152
166
161
171
150
126
146
142
123
145
143
130
132
129
144
128
132
147
143
146
130
150
138
137
128
139
143
129
130
145
140
141
246
233
142
196
235
289
193
274
288
243
148
162
146
140
176
212
222
189
220
166
166
164
171
169
172
144
155
169
160
