1795
1840
1807
1648
908
1036
1072
856
881
1103
900
1032
1010
1733
1977
1689
1314
1678
1823
1294
2265
2959
2776
1807
1510
1194
1138
1024
940
1069
912
885
1163
1672
998
962
1000
1016
1014
997
921
928
1026
1133
969
1024
1042
1679
1075
985
1035
996
1113
948
911
1082
1050
1043
1132
1101
1909
1937
1236
1857
2077
2503
2032
1702
2104
1572
2167
2623
2216
1991
1587
1351
1249
954
1092
1070
980
999
909
950
855
845
993
841
936
1076
1059
867
887
908
935
897
934
1007
950
900
1022
987
940
926
1093
1109
1074
1103
1022
1042
1056
984
1003
1103
926
889
936
1117
1052
1641
1698
1715
1127
963
958
1117
928
1086
1051
895
1109
1163
1039
906
1009
1045
1020
1049
957
1009
940
901
911
1102
1005
1230
1127
1075
1072
912
1136
887
932
1040
1016
1020
902
908
1051
1082
1142
1028
935
909
951
927
1130
943
953
1013
1046
883
1083
1403
1059
1288
1110
1149
915
1106
1033
1054
1074
990
1052
945
1790
1952
1334
1276
1178
1903
1720
1190
978
1410
1383
1336
1138
921
995
1030
963
929
1072
1395
903
1068
986
975
899
1050
1019
898
1068
1070
1027
1023
1037
1239
937
1002
889
1052
882
1069
1043
1055
1046
1007
1124
1108
1140
2952
2986
2277
2231
1883
1515
1319
1162
1190
986
965
1433
1456
989
1026
880
861
940
1006
913
1006
1097
1004
899
1111
1113
1085
1074
1062
889
1032
1038
1280
1895
1142
1062
1032
917
937
1055
1019
1013
1079
1030
1031
1089
1084
1016
1486
1504
1086
1054
934
979
1080
1109
882
904
1079
1049
1057
1115
941
949
986
1056
1043
1075
1032
1100
1022
1079
985
1117
1089
960
1040
1046
1062
909
959
1033
1026
1088
1010
986
963
1036
1026
1105
897
1104
945
1060
1033
1100
993
966
958
937
1048
2323
2775
1918
3107
2669
2138
4589
2304
1514
1677
1594
923
967
857
857
1021
869
924
891
926
911
991
1575
1530
2001
1706
1715
1425
1234
991
1111
850
996
855
898
1491
3921
3081
2372
1941
1850
1443
1322
1818
1529
1684
1471
1678
1480
1558
1763
3222
4696
4567
3042
1920
1587
1053
944
977
867
891
845
878
940
1170
1126
866
1052
2865
4059
1692
1614
1565
1603
1684
1169
1901
1453
1426
1621
1609
1484
1417
1588
1421
1478
1464
3150
2168
2948
2988
1951
1761
1000
1103
865
1029
1047
1035
1085
844
860
1032
1003
931
1357
1623
983
1064
1036
897
1008
884
1003
894
1093
1116
942
1132
866
1059
873
1003
872
926
920
1080
1092
882
995
1026
1066
1091
3195
4026
1225
1411
1123
2202
1834
1218
1387
1402
946
977
969
852
1068
846
859
851
1079
1039
1040
1025
839
1019
1263
1101
988
993
975
874
942
1009
995
1037
913
1022
1017
1084
2647
1965
2932
2664
2044
1724
1386
1191
2247
3134
3026
2364
2331
1366
1371
1626
1012
1024
1138
1048
1024
1073
1035
1006
932
1146
977
980
976
1011
1009
854
1045
864
938
1041
965
978
985
1079
1713
1485
988
987
1080
1011
1070
1016
1027
887
953
1045
1002
1115
985
1137
1036
1111
1121
1027
1092
1004
958
1075
913
1037
952
903
985
882
1002
1021
1043
1013
965
1006
1007
1057
937
938
946
1795
1494
1009
910
1057
1022
1066
1034
924
1061
994
922
1007
1169
1004
1071
1115
892
1116
904
1062
1051
1114
951
1105
1055
1061
1238
1063
1024
1057
1083
878
900
887
927
958
1008
952
1007
909
2375
4424
1199
1667
1709
1628
1453
1142
1214
1194
826
870
983
1003
997
1035
982
1227
1124
1163
908
842
849
986
983
995
1031
936
947
870
1131
1301
2837
2018
2899
2228
1671
1419
1215
1268
1101
935
996
1037
824
851
851
1039
932
975
818
879
903
980
1046
1086
1092
889
988
869
981
997
995
927
971
929
1007
966
1017
922
1065
1117
1030
905
1043
976
1054
1035
1073
1138
941
1045
1049
1106
1126
1003
875
1003
1009
1004
1041
1118
1010
1015
1029
879
1041
1137
883
1101
1025
898
967
1028
950
1008
996
1003
887
1026
957
1757
4129
3188
2925
2653
2287
1389
1410
1078
1201
978
981
1031
1060
1042
955
841
933
1133
848
930
897
994
969
997
1019
837
904
1036
1083
1069
927
1001
1055
1165
1069
991
1066
905
1109
988
893
1032
943
997
1092
2003
3535
1210
1686
2200
2133
1430
1627
1311
1023
1144
982
864
989
915
1116
1007
1136
3196
2914
2218
1689
1452
1090
1174
1185
1411
1795
1393
1409
1473
1056
966
978
1080
943
1244
1512
2139
1519
973
844
845
982
953
991
987
1020
1212
1541
981
910
842
914
827
1013
836
1086
919
1022
1087
1154
879
1040
882
1134
962
1017
1065
1065
1000
882
1071
1071
873
1064
1031
1029
951
1605
1703
1692
1021
1040
1035
1057
900
1021
885
1071
1066
1928
2487
2811
2967
2882
2506
1561
1582
1175
1003
1027
988
1025
892
1195
2223
2949
1395
2758
2616
2056
1667
1416
1262
966
885
917
1013
951
872
1007
958
1060
988
991
921
1012
931
1359
1108
1115
872
1013
1051
1030
993
1082
1183
1033
905
1055
883
2978
2128
1975
1507
1425
1235
1195
1347
1168
878
999
1046
864
863
1445
1099
1112
978
974
896
906
961
943
1034
877
1004
976
968
1159
1242
982
983
899
1038
998
842
1053
994
1117
1012
1031
1044
1108
985
1193
997
997
933
1061
1102
1001
981
1027
1005
1026
939
881
1135
2466
2686
2504
2479
2663
2177
1294
1570
1201
1096
1086
977
1053
1048
