1114
990
1175
1484
1579
1630
2386
2375
2060
2328
1674
2354
1665
2785
2593
2354
2317
1282
1654
1675
1453
1105
1320
1214
1114
1265
1181
1181
915
1090
996
1231
864
985
1172
1046
974
1042
1055
1221
1163
983
1089
1122
1077
968
1132
1130
1074
1142
1063
1239
1042
1304
1176
1455
1240
1501
3259
2876
1337
1777
1973
1100
1170
1202
1856
2285
2077
1653
1967
1826
1479
1674
1823
719
2744
2501
2105
1959
1857
2432
776
1188
1256
1185
1386
1044
1220
1124
1112
1094
1133
1121
1152
903
1126
1177
1027
1143
1141
1135
1027
1049
1269
1110
1161
1072
1225
1091
1145
1098
1102
1136
1176
1042
1143
986
993
1127
1115
950
1112
1105
1107
1089
1053
1145
1029
1181
1159
1117
1093
1388
937
1263
1153
1005
1230
1202
1175
1178
1328
2107
1719
1882
1143
974
975
1110
1146
1117
1053
1157
1020
995
1085
3922
4322
1242
1081
1182
1034
1214
1587
2273
2164
2655
2257
2869
3038
2746
2420
2355
1765
2556
1126
1599
2388
2087
1140
1584
1609
1335
1312
944
1104
1237
1731
1741
1937
1158
2464
1239
1881
1641
1159
1043
1202
1810
1280
1113
1835
2959
1674
3496
1405
3106
2679
2434
1136
975
1403
1371
1639
1348
1409
2239
1873
1651
1726
1591
1415
1331
1621
1401
2511
2714
2637
2649
2806
3852
2200
2108
2064
1702
1502
1566
1285
1240
1298
999
1186
1153
1056
1103
1232
1218
1138
983
1122
1141
1224
1217
1177
1166
1030
1160
1141
1164
1152
1184
1353
1148
1183
1135
1227
982
1170
1170
1170
1038
996
1011
977
1021
1096
1134
1164
1017
1155
1210
1115
1238
1117
1011
1029
1365
948
1070
1157
1185
1039
1196
1112
1126
1135
1119
1140
1123
1212
1087
1122
1103
1117
1061
1170
1111
1122
1130
1139
1156
2300
4284
1132
1126
1204
1126
995
1085
1084
1222
1794
3375
2803
1490
2890
3123
2148
1871
1884
1860
1810
2069
2528
3619
3147
1923
1251
1128
1219
1326
1208
1349
1338
1334
1183
1124
1045
1106
1154
1020
1016
992
1018
1140
1241
968
1129
1125
1087
1115
1138
2183
2719
2336
1042
1709
1604
949
1732
1919
2481
2616
2714
2516
2156
1104
1067
1180
1833
1499
2590
2535
1323
2113
2628
2648
2565
2534
2539
1335
1455
2169
2467
2260
2682
2693
2371
2622
2405
2639
2824
3776
2389
2228
2211
2243
2067
1529
1786
1624
1194
1224
1217
1247
1113
1071
1095
1212
1164
1195
1176
1156
1199
1213
1112
1104
1116
1051
1091
1111
1174
1402
1432
1429
1650
1728
3326
1187
981
1127
879
933
1180
1178
1234
1162
1492
3266
2678
2674
2832
3093
920
2135
2527
2709
2507
2149
1492
2453
2713
2360
2354
2558
2560
3681
2943
2099
2301
2077
2673
2442
2440
2475
2381
2522
984
1921
931
938
1061
1045
1177
1163
1371
1249
1759
1099
1019
1246
1042
1097
1105
1229
1093
1159
1021
1168
1141
1101
1023
952
2043
2499
2596
2671
2529
3178
2135
2117
2818
2259
2414
1856
1720
2047
1573
1473
1492
1513
1133
1075
1095
991
994
968
1120
995
1140
980
998
1114
1075
1126
1174
1101
1010
858
1103
1083
1043
1150
1130
1216
836
1012
1130
1221
1140
944
880
1144
1077
1328
1433
1412
1396
1191
1151
1010
1078
1075
1187
1128
1242
1144
1177
1172
1295
1372
1323
2353
2792
2807
2605
2203
2251
1706
2290
2596
2223
2548
3056
1568
1759
1765
1347
1395
1414
1401
1298
3210
2057
1389
1951
1976
1606
1594
1667
2440
2390
2258
2818
2009
3766
1916
2373
1612
1201
1238
1131
1142
1216
1040
1107
1218
1225
1042
1116
1074
1012
956
1008
1127
1135
1496
942
1139
1135
1066
982
934
1013
1134
1136
1053
1128
1219
994
855
1056
977
1094
998
1023
983
1159
1024
1107
987
1001
1222
1156
1032
1185
1050
995
1128
1101
1033
1055
1105
1095
1144
1115
1014
1067
1242
1108
1118
1018
1101
1054
1135
1154
1099
1127
1136
1080
866
1001
1028
1105
1084
1113
1081
1141
1154
1399
1500
1301
1293
990
1116
1308
1065
1222
1013
1185
884
1157
1123
1040
968
1494
1152
1171
1221
1557
1397
1471
893
948
1125
1155
1392
1129
1085
945
1067
1168
1214
976
1029
919
1015
1083
1095
1250
1117
2520
1029
980
1139
1311
1423
1639
1109
1717
1677
1673
934
904
1090
1177
1014
1150
1051
1216
1115
968
1199
1114
1162
1005
1007
931
1186
1375
2194
1573
1451
1612
1597
1433
1757
1694
1769
1336
1028
947
2239
2511
2464
2550
923
1043
1704
937
1127
1084
1186
1041
1048
823
983
992
908
924
1000
1225
1000
1094
1116
1088
859
1217
863
838
1321
1174
1095
834
1053
1589
950
949
1376
1421
1641
1544
1646
1525
1554
1695
930
1116
900
1180
1516
1863
1562
1772
1041
996
952
959
1116
1069
1117
1114
1106
978
1094
1102
1128
1206
1514
1056
924
1084
970
1130
1156
1143
1166
1061
1265
1128
1101
1233
1006
1055
1418
4203
2009
1198
1044
853
1041
1190
1118
1097
1119
1097
981
1038
1289
1403
1411
934
995
1172
1105
1029
1134
1221
1187
1133
1078
1096
866
1183
1591
1131
1231
1142
1018
986
1225
1154
1154
1118
1366
2232
2449
2411
2787
2446
2518
2677
2430
2501
2640
2599
3606
2669
2048
2119
1638
1679
2220
2749
1824
2590
2518
2726
2824
2320
2845
2506
2705
2854
1475
2098
1532
1648
1762
1524
1315
1362
1331
815
1072
1208
1086
1122
1182
1013
1113
1131
997
1223
1042
1182
1108
1661
2460
2377
2290
2664
1796
2354
2461
2796
1811
2759
2133
2425
2353
1865
1905
1397
1598
1516
1106
1348
1173
2249
3358
3552
3026
827
946
1578
2781
2007
1161
1481
1854
1856
1751
1822
1359
1306
1485
1319
978
1054
1173
1050
1164
1149
1079
1028
999
1155
1237
