134
139
137
138
142
130
135
143
147
154
177
137
145
144
147
223
155
152
142
228
238
170
139
164
167
196
140
153
156
150
120
199
135
177
170
249
271
180
161
133
176
204
137
136
131
144
167
152
155
141
166
164
168
179
166
154
162
144
135
155
130
131
128
144
137
144
132
140
138
144
139
144
141
139
125
149
150
143
139
132
145
130
133
141
128
151
114
123
129
128
123
122
113
116
114
125
110
121
123
130
111
111
131
113
118
124
130
137
128
121
126
128
126
124
114
122
136
137
134
136
139
131
140
130
121
139
135
127
126
139
118
122
129
242
297
183
190
210
151
130
134
122
133
134
120
134
137
127
117
131
121
129
129
123
118
117
133
125
124
121
123
121
133
139
129
132
133
139
124
128
122
128
129
135
135
128
128
134
135
128
126
143
141
143
131
134
143
137
128
135
135
131
134
135
145
130
140
135
136
133
128
141
130
128
125
120
138
143
135
130
118
137
122
132
137
132
129
137
128
134
129
138
125
126
131
132
179
169
157
176
144
140
139
151
134
144
138
139
127
140
121
127
147
143
144
147
146
139
146
128
144
153
146
143
133
145
147
142
141
131
140
127
142
132
127
130
129
141
148
126
136
133
137
132
133
142
118
130
137
129
127
119
135
145
123
127
147
128
139
126
136
142
150
140
122
128
140
126
141
132
141
140
126
146
147
121
137
142
136
138
139
138
143
122
136
137
175
149
142
146
140
136
143
143
124
146
151
144
145
146
159
135
133
137
128
132
126
128
137
138
136
143
125
153
126
143
141
131
129
134
143
146
146
143
138
137
139
137
136
123
147
143
145
140
140
147
146
129
138
118
135
128
145
130
140
142
136
135
135
142
123
147
140
140
152
134
135
142
140
135
146
145
134
128
139
123
137
148
145
140
126
132
140
125
142
138
144
146
208
138
132
130
136
128
131
135
131
128
127
124
137
132
125
125
138
126
124
146
130
141
140
137
125
132
128
144
134
135
142
140
140
138
136
126
136
143
136
135
130
135
134
140
142
120
138
130
134
121
136
123
137
141
138
128
138
139
138
139
126
138
136
136
125
132
137
132
136
125
136
133
132
145
144
140
127
148
131
139
136
135
143
134
119
123
125
145
144
147
126
143
147
138
152
124
142
140
127
126
124
137
134
141
126
135
132
121
120
119
120
168
145
135
126
150
121
123
138
134
128
142
137
131
137
140
146
152
141
151
123
139
140
151
122
143
136
133
134
131
138
151
148
140
143
128
141
129
132
141
141
132
122
138
142
139
149
143
143
133
130
148
138
141
145
147
132
144
136
144
142
146
150
140
131
151
143
134
144
133
136
137
141
123
146
129
138
138
137
150
127
121
146
124
132
120
143
128
138
130
138
127
167
276
140
137
138
119
146
214
322
215
142
122
125
125
143
133
140
142
115
121
117
121
122
136
128
130
130
116
132
117
120
134
129
130
123
123
129
125
126
116
121
128
126
118
135
125
127
132
126
113
125
131
122
116
115
117
124
139
125
112
127
131
125
131
124
117
127
123
125
117
128
114
119
114
129
119
138
135
125
131
130
129
114
130
113
132
135
137
113
132
131
121
128
126
112
148
149
154
144
132
153
130
151
135
151
156
165
142
136
155
144
133
134
117
137
128
114
114
124
123
131
124
133
138
133
139
137
140
138
143
134
129
132
120
132
153
138
136
125
128
138
135
124
116
136
132
139
131
124
134
132
139
140
140
127
126
135
120
135
130
143
122
124
135
136
136
145
138
133
134
140
139
140
139
146
151
142
135
130
137
144
123
132
132
145
157
148
140
142
147
137
135
148
139
124
137
133
144
134
140
147
140
140
136
133
135
143
126
136
144
120
135
126
141
135
143
123
124
134
133
142
132
137
124
125
135
146
119
136
133
129
119
129
132
132
132
123
134
124
137
139
124
138
141
137
123
136
134
133
119
141
138
134
135
135
122
136
132
134
135
131
138
140
123
142
135
122
132
133
133
122
136
122
120
144
136
125
150
142
144
135
134
170
121
149
138
136
135
131
132
142
136
120
121
136
117
129
141
137
132
135
125
131
133
132
128
133
124
135
132
118
133
141
123
127
134
124
120
128
128
127
133
136
119
141
132
138
132
131
120
132
132
135
126
136
118
132
130
137
135
127
133
134
135
132
139
143
132
147
135
145
138
125
143
123
134
127
142
142
141
131
119
139
136
124
131
136
144
139
150
138
136
135
122
120
141
141
131
149
145
143
125
141
134
118
134
136
134
135
134
