15
12
12
12
12
12
12
12
11
11
11
12
12
11
15
11
12
12
12
11
11
12
11
12
11
11
12
11
12
11
11
12
11
12
12
11
12
15
11
12
12
12
11
11
11
12
12
11
11
12
11
11
11
11
11
11
12
11
12
12
15
11
11
11
11
12
12
11
11
12
10
12
11
12
11
10
11
11
12
11
11
12
11
14
11
12
11
11
12
10
11
12
12
11
11
12
11
11
11
11
12
11
11
11
11
11
15
11
11
12
11
11
11
11
12
11
11
12
11
11
11
11
11
11
11
12
11
11
12
11
13
11
11
11
12
11
11
11
11
11
11
11
12
11
11
11
12
11
11
13
17
17
17
21
19
17
19
17
17
17
19
17
18
20
20
21
20
21
13
10
10
11
10
11
11
11
14
11
10
11
11
16
12
12
14
18
19
19
19
11
11
11
11
10
11
10
11
10
11
10
14
11
11
11
11
10
11
11
14
17
42
18
18
36
19
19
17
17
15
18
16
19
17
20
18
19
19
11
12
14
15
13
16
12
21
19
20
19
19
18
19
17
18
30
20
20
21
19
21
20
19
19
20
18
19
21
20
20
19
17
19
20
26
20
20
19
19
19
20
22
20
20
18
19
19
18
19
15
11
18
19
19
11
11
15
13
13
11
11
11
11
11
10
15
12
11
12
19
17
11
10
11
11
11
11
11
11
11
11
21
19
19
15
22
20
11
14
11
13
11
10
10
10
11
11
11
11
10
11
10
11
11
11
11
15
17
15
18
20
21
18
12
11
11
13
16
19
14
11
18
14
17
12
18
11
10
19
19
19
19
17
19
25
18
18
19
19
21
19
21
24
21
20
22
21
21
20
21
20
20
21
23
21
21
23
20
24
21
20
24
21
24
20
21
23
21
21
24
22
24
21
20
21
21
19
21
18
18
19
22
18
19
22
15
11
11
11
10
11
10
10
10
10
12
11
11
11
11
11
11
11
10
14
13
19
18
19
19
18
14
13
11
21
17
11
11
14
19
18
19
12
11
19
19
20
19
23
19
18
18
19
20
18
19
12
11
10
11
14
18
22
18
19
20
19
19
20
18
18
21
18
20
17
18
20
19
19
21
20
20
20
18
21
20
19
19
20
21
22
22
20
20
22
17
18
18
16
17
18
18
18
16
17
19
20
21
18
18
18
19
19
17
18
18
19
21
20
20
19
20
21
20
19
20
21
21
22
20
20
20
21
21
21
18
19
18
17
19
21
23
19
19
21
20
21
21
20
19
21
23
20
21
20
20
18
18
20
20
19
20
20
21
23
20
19
10
11
11
11
11
11
10
11
11
11
11
11
11
11
11
11
11
11
10
11
14
11
11
11
11
12
17
13
11
11
11
18
18
18
18
19
18
17
19
18
19
20
19
22
11
11
11
10
11
11
11
11
11
11
11
10
11
14
11
10
11
11
10
11
11
11
11
14
10
10
11
11
11
10
11
11
11
11
10
11
10
11
11
10
10
10
11
10
10
10
14
10
11
11
10
11
11
10
11
11
10
11
12
11
11
11
11
10
10
11
10
11
11
14
11
11
11
11
10
11
11
11
11
11
11
11
11
11
11
11
11
11
11
10
10
11
11
14
11
10
11
10
11
10
11
10
11
11
11
11
11
11
11
11
11
11
11
11
11
11
13
11
10
11
11
11
10
11
11
11
10
11
11
14
19
19
11
11
11
10
11
11
11
13
11
11
11
11
11
10
11
10
11
11
10
11
11
11
11
11
10
10
11
11
10
10
13
11
10
11
10
11
11
11
10
11
10
20
10
11
11
11
11
11
11
11
11
10
12
11
13
10
11
11
11
11
10
11
18
19
20
19
18
17
11
10
13
19
18
17
17
11
11
14
11
11
13
17
17
17
19
19
18
19
19
18
19
19
19
18
19
18
17
18
19
17
24
19
18
11
11
10
11
11
11
10
10
11
10
10
11
11
10
11
11
11
11
11
11
14
11
10
11
11
11
11
10
10
11
11
10
11
11
11
11
10
10
11
11
11
10
11
15
15
11
11
17
18
15
11
12
11
11
11
11
12
11
12
11
10
12
11
12
11
11
11
14
12
11
15
18
12
11
11
14
17
11
10
11
11
11
11
11
10
11
16
18
11
11
15
10
11
11
10
11
11
10
12
11
10
11
10
10
11
11
11
10
11
11
11
10
11
10
14
11
11
17
18
19
19
19
19
11
11
11
11
11
11
11
11
16
16
13
17
17
17
24
18
19
18
19
20
19
19
17
