46
38
35
32
32
32
32
36
33
36
32
34
33
34
37
33
34
32
30
35
35
33
34
33
36
33
31
33
31
34
35
33
32
32
35
31
31
33
31
33
33
34
31
33
31
31
34
34
32
34
34
35
30
33
36
32
34
32
33
32
33
33
33
35
35
35
33
31
34
32
31
32
30
35
34
31
30
34
31
34
31
33
34
33
35
33
34
34
33
31
34
33
31
33
31
32
30
32
31
35
34
33
31
34
30
33
35
33
35
33
34
32
32
35
33
31
33
31
35
34
30
32
33
30
34
32
34
33
34
31
33
35
38
31
34
34
33
34
35
33
33
31
34
34
34
33
32
34
34
34
33
34
36
35
35
30
30
35
32
32
32
32
32
32
34
32
31
33
34
34
31
31
35
31
33
33
36
33
35
32
36
35
31
35
33
33
34
34
31
31
33
38
33
33
34
31
35
33
34
30
33
35
32
33
36
33
32
30
32
35
36
38
38
34
36
38
40
35
52
59
81
73
36
37
35
79
64
78
40
38
53
45
35
40
34
37
32
34
34
35
31
35
31
32
34
32
30
34
32
33
34
31
33
32
34
35
31
32
32
35
34
34
35
35
34
34
33
36
34
35
35
31
30
35
35
34
33
35
30
31
32
34
34
33
34
32
34
31
34
35
39
36
35
33
34
32
36
33
33
32
35
33
35
32
32
34
37
35
34
35
38
33
32
34
34
34
34
36
33
34
33
34
35
34
34
31
33
32
33
36
31
31
36
35
34
35
35
35
32
34
33
35
32
33
36
33
32
37
32
39
34
33
31
34
31
35
34
35
36
35
32
36
32
34
35
35
37
35
33
35
36
37
35
35
32
36
36
36
36
34
36
35
33
35
35
35
35
32
37
36
35
35
35
34
36
32
36
33
36
35
35
36
34
35
35
33
33
35
35
33
32
33
32
35
33
36
34
34
35
34
37
35
33
37
36
35
35
35
38
32
36
37
35
36
37
37
34
35
35
35
36
32
36
35
35
37
36
36
35
33
35
32
36
34
37
35
34
32
35
36
34
35
33
32
37
35
37
38
35
35
33
33
36
36
36
34
36
32
33
33
36
34
35
33
36
35
37
36
36
36
35
32
32
34
32
35
35
34
37
36
35
35
34
33
31
36
40
32
33
33
34
36
34
32
32
35
34
34
36
35
36
35
34
33
33
35
38
33
31
35
36
37
35
37
34
33
34
36
33
40
61
43
62
66
69
67
63
60
66
60
59
63
61
59
61
51
38
32
32
34
35
37
36
34
33
38
38
37
38
31
35
36
36
31
36
35
35
32
34
33
35
32
35
36
33
38
38
32
35
37
34
34
33
34
38
31
36
36
37
35
35
36
38
34
36
35
35
32
33
35
36
37
33
36
35
35
33
36
36
36
32
35
35
32
35
38
34
35
35
34
33
35
37
33
36
36
35
36
32
35
32
32
35
36
38
32
35
36
35
36
33
35
35
32
34
34
32
35
35
37
32
35
37
37
38
38
37
37
36
38
35
34
33
36
39
34
35
33
34
35
34
35
36
34
40
34
33
36
37
35
36
35
35
38
33
36
34
37
37
35
37
33
38
37
32
35
34
36
37
36
32
39
36
36
35
39
36
36
32
32
36
37
38
38
36
36
32
37
37
35
34
32
37
36
34
36
32
35
35
32
36
40
33
39
34
35
36
34
35
36
35
34
32
34
37
33
35
36
35
35
35
35
42
33
36
36
37
35
37
35
35
35
37
37
33
36
36
36
35
36
35
39
37
36
33
36
39
36
37
33
38
36
34
37
35
33
35
35
38
38
36
34
40
38
37
35
38
39
34
38
34
37
34
38
36
36
33
34
37
37
35
41
36
37
39
36
37
37
33
33
36
37
37
36
36
37
34
39
37
37
36
41
35
35
35
33
34
36
36
68
64
40
54
37
37
39
37
34
37
38
40
48
38
39
36
46
40
39
33
36
38
38
35
36
34
34
36
35
35
36
34
38
33
35
34
35
35
37
40
36
37
33
33
32
33
36
37
35
35
36
38
37
37
36
32
36
36
37
35
35
35
37
33
33
36
37
36
38
35
32
35
36
34
34
33
36
34
37
38
36
34
36
36
35
36
34
35
37
35
33
37
33
32
37
35
32
35
35
36
36
34
35
33
33
33
35
33
37
32
40
32
35
34
35
37
37
36
32
33
34
34
36
34
31
35
36
33
36
33
39
33
32
36
36
38
33
33
34
34
33
35
36
33
35
36
33
35
32
34
40
