7320
2409
2017
4764
7180
2893
2223
1739
3164
2891
2714
2763
4310
3936
3554
4146
4191
3339
3679
3670
2677
2615
2262
2146
1907
1846
1730
1322
1608
1810
1617
1484
1517
1701
2943
4089
3529
3961
3773
3929
3790
3891
5967
4237
3204
3013
4355
2186
2123
1727
1856
1615
1680
1406
1545
3949
4019
3307
2355
2351
2757
3067
2597
2356
1236
1602
1802
2496
2891
1495
5734
4079
1205
3661
3454
3381
2941
1392
2443
3936
3912
3617
2016
3490
2558
2705
2334
1938
1188
1766
1733
1688
1813
1711
1547
1754
1424
1540
1248
1804
1894
1833
1810
1761
2183
2285
2381
3791
3841
2989
2747
3403
3684
2260
1596
1821
3328
2210
1262
1935
1642
1645
2073
2186
2161
1576
1683
1621
1525
1342
1763
1452
1791
1668
1618
1712
1820
1725
1637
1480
1719
1712
1962
1687
1638
1671
1899
1664
1658
1669
1467
1699
1712
1524
1739
1831
1655
1751
1818
2347
1719
1514
1450
1663
1837
1780
1581
1650
1582
1655
1522
1476
1709
1537
1776
1726
1543
1827
2117
1502
1597
1518
1545
1681
1719
1790
2124
1869
1493
1623
1762
1473
1678
1616
1641
1593
3386
4993
3363
3526
2738
1887
3294
3537
3346
2681
3239
4281
4102
3225
3481
3484
2800
2537
1651
1670
1824
1757
1798
1477
1790
1534
1536
2589
2560
1553
1266
1900
1686
2276
1402
1748
1476
1592
1850
1523
1630
1846
2209
2350
1985
1758
1453
1465
1493
1579
1442
1594
1336
1589
2102
1607
1574
1773
3224
3947
4009
1577
2468
1464
2631
1587
3896
1876
1275
1745
1739
1745
1460
2178
3001
2291
1458
1879
1859
1823
1568
1900
1877
1597
1630
1683
1681
1677
1674
1667
1789
1715
3467
3773
3923
4030
1745
2336
2192
2255
2260
1927
2134
2504
2376
1651
1766
1692
1932
2254
2641
2882
3268
3926
3207
2285
2298
1944
2085
1962
1573
1770
1544
1595
1679
1559
1808
1586
1797
1567
1485
1488
1995
2064
1520
1731
1445
1618
1895
1708
1832
1716
1537
1529
1387
1583
1494
1594
1522
1614
1431
3046
2882
2167
2483
4071
3890
2111
2040
2352
2193
2364
2021
1712
4346
3768
4054
3881
3702
3955
3709
3657
2422
3549
2622
2411
2261
2241
2099
1633
1667
1545
1765
1486
1632
4068
4246
3323
4356
2415
4231
3872
3394
2180
3584
2636
3090
2289
2152
1639
1462
1762
1546
1793
1673
1472
1478
3021
3828
3471
3576
2161
1471
1505
1457
2156
2117
1915
2166
1793
1743
1765
1449
1486
1448
1467
1736
1711
1687
1552
1286
2215
1681
1249
1413
1675
2177
1606
2475
2605
2372
1672
1952
2938
2796
2414
2175
2920
1511
1666
1647
1543
1476
1637
1761
1426
1834
2250
2312
2096
1602
1607
1419
1501
1869
2158
2051
1501
1362
2304
2097
2329
1456
1407
2260
2629
1683
1404
1981
2198
1513
1374
1667
1854
1509
1705
1559
1715
2523
2268
1711
1532
1616
1558
1914
1744
1619
1391
1711
1729
1684
1576
1565
1780
2432
2129
1588
1789
1639
1652
1817
1635
1593
1546
1960
1482
1940
1682
1587
1646
1599
1571
1702
1793
1773
1553
1598
1650
1675
1505
1574
1549
1700
1718
1602
1563
1703
1609
1783
2103
1919
2834
1799
2057
1387
2225
3229
3669
3605
2543
3361
4142
3412
2313
2388
3389
3270
4256
1586
4096
2591
3525
3512
2241
1473
3842
3499
3212
2371
4004
3688
3590
3106
3102
4083
3779
2786
3132
2669
2360
2459
2699
1735
1896
1673
1852
1834
1489
1734
1781
1320
1654
1694
1711
1316
1423
1713
1650
1796
1442
1488
1753
1724
1633
1574
3593
4100
3284
3204
3823
3297
3032
1643
1840
2261
2314
2460
2513
2478
2609
1745
2576
3289
3956
3789
2973
4720
4504
3646
1362
3008
3835
3689
3542
3929
3779
3353
4009
3762
3509
3913
2803
2940
3042
2351
2269
1960
1581
1807
1629
1846
1904
1840
1752
1583
1305
1422
1507
1645
1794
1604
1474
1853
1709
5029
4274
3383
3925
4136
3938
3644
3803
2274
1469
1498
1632
1679
1773
1565
1409
1682
1703
1681
1715
1660
1233
1685
1697
1757
1755
1541
1647
1446
2302
1551
1662
2925
3587
3487
2091
2225
3752
3518
3527
4945
3679
3783
3777
1520
3988
3742
3930
2522
2273
2466
2440
1715
1909
1953
3067
3418
3943
3834
5509
3972
3805
3372
3416
3401
3257
2720
2115
2240
2263
1661
1696
1685
1548
1857
1677
1535
1659
1877
1756
1715
1705
1808
5795
4258
4205
1672
2567
3242
3713
4059
3934
3616
3895
3747
1752
2848
2095
2295
1598
1800
3482
3357
3062
2120
2454
1775
3818
3509
2842
1851
2602
2579
2168
2234
1797
1394
1553
1560
1653
1707
1729
1665
1549
1704
1478
1572
1552
1617
1787
1697
1542
1738
1704
1853
1846
1743
1751
1707
1746
1862
1445
2476
3275
4091
3760
3646
3732
3754
3672
4015
4137
3282
3815
6057
4145
3481
3468
2743
3203
2434
2355
1873
1715
1648
1484
1590
1660
1654
1859
1448
1557
1534
1697
1611
1757
1531
1816
1678
1587
1720
1584
1868
1320
1587
1734
2514
1821
1228
2842
1923
4007
2647
1169
3219
1578
1798
1584
1815
3004
1648
2004
3801
3931
3391
2023
2766
1478
1690
1658
1762
1752
1150
1493
1495
1701
1710
1568
1518
1746
1711
1656
1649
1591
1771
1685
1585
1721
1552
1630
1758
1484
1335
1753
1525
1594
1721
1831
1733
1445
1693
1454
1554
1701
1552
1430
1666
1729
1737
1479
1378
1472
1729
1737
1709
1769
1449
1511
1612
1197
1372
3034
3526
3064
4099
4051
3574
3429
2682
2832
2863
2567
2479
2320
3536
3370
3621
3592
2418
2279
2455
1729
1624
1492
1611
1324
2254
2367
2403
2137
2529
3724
3645
3681
6036
3877
2511
2754
1559
1775
1775
1898
1446
1672
1471
1744
1619
2334
3909
4043
3467
2105
4021
3364
3403
2660
3619
3277
3312
2987
2213
2306
2110
1779
1628
1736
1702
3971
3752
4288
3293
3273
3777
3694
4545
4630
3436
3294
2963
1909
