3825
3023
3118
2280
2095
2009
2001
652
2131
2059
2287
2062
2126
2317
1489
2017
2036
2269
2033
2502
2408
2310
2615
2054
2367
2241
3105
2512
2293
2068
1941
1623
1576
1410
871
891
1061
2173
2071
2140
2162
2183
971
974
937
881
1042
1040
1034
957
1110
1056
1086
1096
894
924
2024
2200
1805
981
1130
1405
1375
926
1042
1112
1060
1017
1133
1971
1786
987
870
872
929
893
1057
1005
975
1045
889
1050
1018
1040
1071
887
1057
997
893
1802
1482
1130
1125
1083
1075
969
911
1028
916
972
1176
2193
2070
2065
2063
2120
2067
2592
2440
2025
2459
2315
2386
1905
1868
1762
1375
1564
1594
1181
1222
1175
1182
1880
1302
2172
2395
2183
2488
2635
2198
2048
2226
2469
2012
2513
2035
2305
2233
2122
2052
1757
1397
1689
1775
1107
1039
1262
1110
1077
1018
1178
1007
1015
934
2563
3578
2469
2544
2233
2280
2376
2441
2123
1946
2292
2247
4010
2414
2473
2234
2334
2994
2115
2248
2840
1198
3069
1739
1855
2022
1908
2571
3448
2270
2660
2406
2043
2781
1456
1617
1179
1059
892
997
1198
1193
1106
1110
903
1085
965
892
1052
1017
1032
999
1074
886
1002
1116
953
1134
1053
1106
1250
952
916
906
1121
1037
1213
1017
1074
1036
880
1025
1042
997
1341
1312
1304
1423
898
979
1068
905
941
1034
1091
1037
902
1450
846
815
905
928
1025
1018
1081
1050
908
1038
1055
1017
1036
1142
919
921
908
1067
1036
1028
1026
1026
1129
1019
1082
916
1042
1395
908
2310
1984
1248
2110
1834
1884
1808
953
1537
1374
1162
1265
1681
1394
1063
924
1114
914
1759
1716
1759
1743
1765
1781
1692
1637
1946
1753
1685
1723
1790
1743
1918
1829
1793
1806
1659
1771
1795
1762
1747
1549
1270
1042
1099
1200
1160
1074
1137
1207
1071
1018
1286
1982
2283
2263
1481
2642
3468
3302
4472
3725
1510
1007
1079
2045
2045
1858
2048
1579
1364
1612
2107
2384
2298
2406
2368
2519
1284
2149
2209
2147
2131
1683
2170
2265
1280
1124
1284
1081
1079
1031
1035
908
1045
936
997
904
1086
1127
908
1086
1036
1032
1053
1010
1064
1061
1049
1158
1097
1412
1100
1048
1079
927
1041
965
1071
1096
1069
991
977
994
908
1159
813
1048
951
973
932
1064
1126
1118
956
1046
1043
1122
1053
1160
1917
2235
2516
2119
2374
2390
2340
2087
2207
2348
2082
2095
2021
999
1805
1265
928
1771
2153
2386
2210
1545
1657
2978
2905
2894
2256
1695
1453
1286
1377
1345
909
889
1132
1076
1054
1025
1066
999
992
1010
918
1091
1159
1166
943
940
1084
952
1098
1015
1031
927
1001
922
958
1055
1082
1874
1530
998
1064
1034
921
1077
1110
1045
916
1021
1013
1052
972
991
931
861
900
1073
1122
1042
1088
1054
1141
923
1120
926
1082
731
912
1097
1055
919
1046
1044
1070
911
1126
1085
882
1012
1126
804
894
1014
1067
978
1070
1013
1041
1002
1093
943
1114
1091
1024
1103
902
1090
1011
1003
946
906
1134
1108
957
1086
1051
963
1025
990
1060
910
1088
1043
979
922
1042
998
1070
1049
1023
1113
1060
1914
1219
1059
1042
1058
896
1060
1045
1137
961
1080
1082
989
809
1088
1152
886
1068
962
1164
928
1022
1094
1025
955
1044
992
1004
951
919
981
1042
1016
1042
951
1032
892
969
978
1083
942
1057
959
893
942
1063
917
1024
1127
975
1139
1094
923
1125
1388
2030
1103
1087
1161
1420
3137
1950
1645
921
991
940
1039
1033
947
1121
1050
1443
1308
2359
2357
2334
2115
2197
1995
2432
2266
2274
2289
2089
2157
1567
2334
2089
2424
2369
2557
2220
2110
2343
2484
2451
2307
1810
735
1412
1587
1268
1362
1204
1182
1072
1072
1019
1081
1097
1079
854
1043
1029
916
913
967
1145
962
1039
1052
1056
1053
1063
765
895
889
955
1023
1013
1019
1007
987
982
1079
1052
954
1031
942
859
965
998
1013
933
1111
1048
1028
1031
1100
979
1027
1036
1035
860
1034
900
1091
1011
939
1048
914
965
944
1017
915
1021
1008
2323
2222
2356
2259
2034
2290
1858
2375
2548
2093
2426
2394
3090
4193
2380
2311
2230
2669
2792
2986
3536
3017
3295
2875
1671
2079
2018
2578
2388
2859
3151
1608
854
753
835
1584
1462
1651
1128
1100
1100
1093
1145
1940
2694
2401
2252
2618
2538
2135
1936
2339
2520
2528
2197
1980
2936
3934
2402
2274
2368
2263
750
1998
2249
2524
2401
2112
2278
2196
2113
2364
2298
2429
2719
1912
1718
1862
1855
1384
1422
1471
1316
1279
988
1092
890
1077
890
1102
1126
970
1100
1015
978
1033
1031
866
947
1047
960
1082
957
1101
1028
1096
1110
1080
1071
1092
1097
759
943
1054
900
913
890
1084
1016
1051
1119
1089
1116
916
927
865
1347
2409
1406
2981
2000
942
931
1056
971
1050
942
1099
1044
969
719
1094
1284
869
754
1231
1087
1155
1031
979
1012
940
943
997
1077
1083
1074
889
904
901
879
1108
1052
1036
1032
1055
1115
980
1087
899
973
1776
2296
2446
2319
2259
2406
2491
1352
2196
2290
2683
2254
2079
1699
2081
2595
2045
2412
2162
2229
927
1036
2493
2034
2302
2381
2192
1897
2289
936
2173
2423
2268
2294
1690
2505
996
1066
1434
1507
1377
1181
1186
1610
2224
1549
2052
2219
2109
2363
1902
853
1288
2029
2271
2377
2499
2265
957
1186
1228
1303
1253
1383
1384
1282
1129
1098
1079
1132
729
1052
1004
1138
1090
1100
938
999
971
1045
1070
1049
963
1000
774
838
1884
3184
2222
1702
1581
2335
2140
1119
1099
922
3153
3631
2172
2381
2609
2486
2194
725
873
1102
1148
