290
272
263
303
299
314
305
294
304
298
311
274
303
278
254
249
283
258
233
239
272
278
261
271
260
239
287
283
285
275
279
275
280
268
278
278
274
288
249
503
513
297
288
233
280
252
258
237
271
265
269
258
257
256
275
235
256
264
245
284
247
262
260
245
259
239
236
259
284
263
267
266
263
254
238
261
271
292
247
245
291
270
270
278
254
239
257
257
410
524
292
287
238
266
287
283
279
270
266
284
276
252
279
274
261
259
277
244
244
261
256
274
270
269
292
274
242
237
261
267
269
282
296
273
285
280
283
254
292
286
249
281
249
240
269
285
251
299
274
267
260
303
272
249
288
243
261
271
243
268
318
303
256
282
310
269
296
295
285
292
290
249
289
277
284
285
292
287
271
249
249
263
307
314
279
273
296
287
283
297
296
289
255
270
388
248
301
292
312
304
310
318
300
274
264
305
276
291
282
298
311
294
313
288
252
281
280
315
294
306
288
305
315
292
294
285
306
301
304
294
304
300
314
291
297
300
270
301
317
302
264
305
272
312
297
301
284
288
306
290
314
283
294
290
286
269
261
262
255
310
317
273
292
283
257
268
275
270
281
298
307
271
307
269
300
288
288
274
312
292
285
293
286
281
290
297
284
255
300
281
314
298
300
287
296
305
293
303
271
305
304
303
305
281
273
270
285
295
295
311
292
259
287
295
288
306
283
279
268
261
288
290
274
293
299
292
274
274
301
303
293
307
298
304
302
293
257
262
289
288
292
301
285
270
293
295
278
317
433
257
305
279
260
281
292
266
286
263
289
260
264
291
318
273
281
312
303
282
287
286
267
292
266
283
257
273
302
303
288
298
278
254
314
293
258
287
269
282
290
304
266
292
306
254
390
527
545
526
389
291
298
327
269
258
269
296
268
323
310
281
321
327
308
301
303
273
291
301
264
312
259
253
305
257
290
295
279
294
261
289
304
293
274
264
313
288
325
301
325
289
310
278
287
307
254
265
254
296
288
279
281
284
308
281
284
255
287
289
315
287
298
259
302
308
292
280
261
288
289
306
288
266
303
251
300
261
273
281
296
319
287
254
282
311
262
330
304
266
270
295
284
308
296
288
283
306
286
305
279
253
276
274
274
257
285
286
291
276
281
305
285
297
287
284
266
281
265
280
282
271
300
273
280
296
274
264
259
310
288
291
271
263
295
329
264
270
297
315
307
320
301
285
280
247
281
264
302
281
312
301
255
293
308
283
267
294
313
299
254
302
292
282
259
287
298
290
297
292
300
301
299
307
294
282
284
282
305
265
287
298
679
312
296
299
267
328
308
309
302
332
308
302
345
374
353
325
335
394
278
367
329
336
334
356
294
275
315
286
297
298
307
262
315
297
298
264
301
279
288
278
246
278
242
274
278
293
298
262
295
290
287
300
252
262
255
260
269
328
300
308
692
679
504
383
298
281
255
285
257
253
270
259
259
232
280
264
282
263
237
263
246
241
264
265
255
263
228
239
268
278
240
289
253
262
281
235
276
262
272
252
244
262
244
304
361
334
323
470
328
289
303
372
258
276
280
281
282
298
274
239
280
270
270
276
277
264
243
261
261
265
293
300
276
271
282
253
247
291
300
269
279
276
288
260
283
292
272
295
284
275
284
308
295
334
303
318
288
278
279
270
294
290
270
307
284
282
298
303
255
307
297
280
293
247
266
295
270
285
273
298
298
308
306
265
284
249
298
281
268
276
287
287
296
313
293
287
256
254
281
338
431
492
355
293
278
277
273
308
319
264
273
296
267
300
304
275
296
299
298
318
305
300
283
305
303
265
333
326
289
301
265
312
313
293
270
291
295
271
307
307
322
263
295
299
425
296
357
304
273
301
329
271
293
353
310
279
283
258
292
265
292
276
345
340
312
317
330
263
418
499
498
288
341
452
296
298
306
300
296
311
304
317
316
262
294
297
293
290
293
278
322
297
288
260
496
429
231
257
263
275
240
249
256
268
261
256
289
279
278
237
278
265
282
278
293
283
285
239
306
284
289
280
315
398
580
485
260
295
273
297
273
295
292
295
310
279
268
466
601
361
314
268
281
277
275
267
308
266
312
305
282
270
305
270
262
253
273
261
233
236
259
247
275
266
240
266
259
265
247
301
266
268
250
253
285
281
275
285
244
303
269
308
256
275
306
306
631
288
332
313
382
454
266
292
301
304
312
271
277
300
276
310
269
278
299
275
301
302
286
255
241
260
247
265
250
271
276
274
267
242
290
296
282
248
290
270
287
314
303
314
