282
317
265
249
281
259
252
254
271
291
289
293
259
286
281
296
249
273
332
283
248
255
277
314
283
287
288
275
442
531
549
503
533
525
538
276
260
288
274
298
282
269
273
277
256
262
253
217
259
242
234
275
227
234
223
246
240
248
267
235
259
233
260
264
273
270
264
277
265
270
243
254
225
224
292
348
300
319
279
532
253
239
232
252
287
249
254
267
229
251
255
260
281
263
261
232
233
265
282
285
278
278
287
267
261
233
278
275
279
240
276
263
253
272
226
267
273
278
229
290
264
248
272
238
370
296
284
263
282
283
265
287
270
272
230
269
249
262
266
250
243
255
275
289
261
272
252
288
268
276
306
243
248
277
247
237
237
274
274
274
278
286
256
269
259
267
284
259
259
267
248
240
268
495
364
246
271
238
252
238
258
278
241
263
283
300
289
266
255
274
251
277
289
285
275
254
266
239
276
259
246
259
292
261
256
283
240
271
259
293
281
238
271
283
283
266
261
297
286
286
285
356
283
267
273
256
241
282
243
271
285
266
265
248
270
242
263
219
256
258
249
245
277
267
239
266
259
251
241
244
269
254
267
262
264
253
225
233
259
278
241
279
259
239
265
263
235
267
235
258
259
225
235
366
434
297
314
298
257
305
361
339
310
355
422
293
294
525
525
555
381
438
380
387
583
459
475
534
455
263
262
292
287
299
281
300
305
285
285
294
283
264
291
291
262
297
245
225
242
217
241
269
247
245
247
273
237
268
273
263
256
247
454
488
464
304
266
267
258
246
232
221
267
280
289
291
254
247
296
283
302
294
293
300
255
296
285
269
280
276
293
274
256
288
245
254
255
222
217
250
226
233
226
273
244
299
295
250
268
258
277
376
275
297
269
282
293
271
293
246
245
256
238
247
230
268
271
222
266
274
286
276
279
257
291
284
251
297
268
286
290
253
296
279
262
286
290
254
301
251
283
275
253
266
258
239
274
233
277
295
543
264
263
288
255
254
257
269
260
254
251
259
218
217
235
255
280
258
269
244
246
265
265
235
232
231
215
221
238
230
249
235
250
271
246
262
236
257
295
268
225
262
260
227
260
236
258
261
248
263
269
279
262
267
276
299
274
240
281
294
263
226
274
276
280
261
275
245
239
282
254
275
266
275
258
250
279
276
247
258
284
297
281
264
295
251
278
271
267
247
263
271
262
279
271
235
260
277
272
274
274
236
251
237
276
265
255
336
294
270
268
260
233
289
253
280
273
269
238
255
253
258
282
254
288
295
279
263
271
246
276
290
261
284
289
251
232
259
265
233
244
276
289
268
273
264
269
256
265
236
245
243
264
274
271
244
274
291
262
288
258
284
303
260
284
246
318
322
239
273
271
278
297
293
292
265
275
257
252
261
276
242
284
245
277
270
275
285
270
270
249
236
286
261
272
261
287
256
246
286
243
287
245
236
242
287
258
254
281
260
268
267
253
261
236
258
295
298
294
294
244
259
274
269
247
267
276
275
272
280
276
253
263
251
248
249
252
291
269
297
259
250
271
254
284
286
283
272
278
282
271
262
280
289
296
269
265
269
287
281
244
289
276
231
251
269
308
288
260
265
294
294
275
280
256
253
277
247
235
253
264
277
290
284
281
247
288
239
256
253
296
272
261
263
269
285
238
278
273
263
274
282
243
285
271
272
269
276
278
271
252
276
295
275
256
434
452
457
468
462
447
481
446
447
458
244
280
294
282
259
286
258
269
263
279
237
265
283
278
284
254
245
262
275
245
250
280
256
248
300
268
255
272
292
278
302
246
269
277
247
267
252
275
237
282
278
271
247
237
279
273
295
281
256
255
270
287
273
287
281
267
267
279
282
275
245
270
277
283
278
277
284
270
284
289
276
278
279
260
252
257
290
243
279
251
274
435
463
515
475
575
513
521
472
274
238
294
240
294
282
240
271
270
281
286
274
243
297
281
278
283
282
285
273
266
252
274
281
264
241
309
273
295
249
278
276
297
258
315
1540
509
420
481
348
252
282
238
260
268
249
263
294
262
295
280
243
250
269
277
275
263
243
286
282
262
259
277
243
268
247
268
297
291
282
266
286
313
291
291
284
392
288
298
316
514
525
493
286
330
286
366
275
577
470
361
322
299
277
366
444
403
341
284
302
255
299
295
404
276
267
291
275
231
220
242
241
272
256
262
258
258
249
258
248
233
255
243
270
239
256
256
264
258
260
271
268
260
267
270
262
279
271
267
248
397
261
312
329
291
262
254
261
250
280
232
268
269
272
245
255
