2561
2009
2561
2476
1970
1364
1207
1623
1371
1386
1521
1492
1313
1541
1930
2230
1795
1506
1451
1415
1454
1347
1502
1250
1829
2960
3453
3083
2854
1565
2007
1907
1999
1535
1651
1431
1474
1379
1456
1452
1601
1456
1606
1465
1269
1266
1460
1530
1665
2239
3327
2914
3166
3308
3361
3033
3221
2842
3001
3214
3168
2542
2688
2322
1785
1621
1531
1443
1285
1478
1608
1384
1349
1305
1471
1546
1295
1565
1459
1330
1330
1440
2008
1252
1554
1485
1245
1383
1518
1560
1282
1426
1364
1283
1369
1576
1350
1479
1475
1435
1503
1463
1822
3530
3090
3080
3318
2054
1706
1776
2086
1398
1333
1523
1404
1208
1600
1657
1650
1588
1320
1409
1655
3030
3433
3549
3114
1214
3144
2794
2344
2759
2693
1570
1692
1674
2115
2441
1358
2262
2071
2035
2653
2692
2294
1965
1650
1821
1485
1504
1482
1338
1317
1518
1273
1411
1520
1842
2062
1479
1426
1558
1374
1442
1422
1455
1493
1140
1288
1433
1319
1471
1362
1380
1354
1580
1480
1225
1340
1348
1499
1465
1495
1622
1458
1464
1424
2236
1535
1411
1368
1365
1307
1335
1533
1458
1414
1150
1476
1594
1352
1610
1365
1320
1266
1441
1518
1475
1502
1541
1537
1480
1494
1579
1498
1579
1407
1351
1336
1418
1235
1378
1583
1328
1449
1535
1504
1468
1577
1659
1520
1392
1620
1417
1485
2351
3378
3178
1415
1322
1958
1951
1845
1330
1693
1417
1506
1418
1447
1115
1465
1343
1359
1514
1541
1317
1618
1543
1425
1276
1287
1100
1496
1381
1513
1548
1379
1552
1450
1413
1121
1585
1508
1285
1508
1467
1567
1515
2396
2674
3147
3220
3373
3312
2166
2539
3303
3693
2648
1722
2272
1906
1493
1680
1864
1556
1546
1783
2158
1305
1469
1499
1487
1555
1503
1526
1549
1126
1478
1263
1468
1448
1485
1376
1487
1454
1481
1159
1268
1387
1419
1447
1457
1341
1514
1514
1469
1296
1369
1458
1272
1568
1365
1480
1506
1492
1524
1393
1396
1975
1718
1592
1585
1083
2792
2325
2643
2606
1157
1909
1708
1637
1298
1307
1445
1447
1424
2336
1144
1340
1465
1537
1276
1536
1573
1623
1296
1467
1474
1101
1094
1518
1358
1307
1598
1575
1495
1480
2240
1650
2623
3385
2403
3391
1868
1640
3478
2414
2571
2439
1178
1372
1343
1481
1491
1353
1378
1549
1653
1550
1325
1230
1342
1461
1497
1528
1499
1515
1489
1331
1534
2331
1742
1508
1952
2881
2895
2601
3061
3229
3084
3041
2685
2852
2997
2357
2495
1620
1704
1286
1541
1263
1109
1343
1428
1409
1561
1516
1988
1575
1662
1508
1490
1546
1433
1536
1329
1745
1558
1493
1565
1877
1354
1830
1376
1246
1315
2196
3331
1971
1878
2389
2400
2099
2150
1833
1444
1491
1616
1555
1569
1517
1326
1321
1580
1357
2760
1873
1335
1371
1558
1533
1427
1303
1540
1315
3116
3786
3848
3375
3272
1178
1449
3037
3239
2391
2448
2605
3343
3663
3610
3293
3643
3001
3599
3127
2354
1269
1667
1866
1799
1373
1594
1662
1237
1305
1323
1217
1559
1576
1426
1470
1427
1493
1126
1403
1560
1376
1526
1307
2450
1291
1317
1902
2076
1646
1493
1580
1462
1409
1305
1576
1312
1253
1639
1081
1429
1347
1530
1414
1480
1590
1490
1604
1637
1292
1546
1481
1572
1433
1382
2101
3054
2888
2821
1317
2487
3197
3427
3285
2209
2019
3709
3583
3456
2988
2506
3315
3266
3653
2894
3489
3536
3449
2628
2685
2930
2677
2223
2126
2608
2574
3581
3139
3677
1997
3289
3847
3490
2729
3550
3508
3022
3201
2593
1365
2376
2722
2299
2128
2158
1725
1531
1488
1475
1618
1281
1533
1560
1278
1317
1520
1479
1328
1496
1372
1586
1493
1610
2615
1501
1385
1594
1401
1466
1277
1466
1488
1372
1321
1333
1896
1678
1468
1551
1745
1857
2127
3137
2715
2338
1112
1746
2459
2008
2344
1984
1938
1524
2396
3153
3042
1339
2210
3278
3433
3517
2997
5141
2171
1959
4129
3949
3068
1336
2300
2393
2688
2517
2612
1826
2642
3178
2527
1753
2733
3086
1978
1639
1533
1446
1253
1601
1624
1451
1902
2765
3835
3745
3459
4008
2448
2738
3878
2815
1317
2955
3398
2483
2601
1249
2077
1068
1303
1535
1498
1442
1537
1459
1878
1386
2065
1697
2118
2306
1954
1184
1874
1739
1803
1553
1413
1859
2248
2122
1657
1431
1388
1645
1255
1543
1346
1280
1233
1259
1430
1407
1965
1647
1375
1512
1340
1685
1368
2270
1394
1218
1992
1666
1453
1488
1516
1801
2254
1606
1284
1532
2181
2269
1761
2013
1716
1651
2040
1112
1329
2119
1635
1987
1533
1309
1488
1736
1416
1479
1804
2021
1400
1419
1430
1154
1583
1453
1859
2244
1661
1433
1120
1381
1317
1380
1244
1119
1312
1781
1224
1457
1528
1139
1444
1519
1311
1447
1273
1335
1166
1500
1600
1636
1369
1382
1098
1184
1387
1218
1388
1269
1532
1772
1451
1153
1203
1417
1271
1415
1620
1305
1514
1533
1494
1522
1501
1544
1233
1342
1542
1868
1427
1986
1631
1349
1353
1408
1487
1283
2689
3223
2236
994
2729
2902
3586
2603
1759
1406
1957
1904
2218
1906
2185
1528
1983
1421
3066
2955
3586
2854
2648
3736
3168
2799
2762
3215
3406
3651
3047
3348
1432
3654
2888
3533
2646
2487
2780
2361
1965
2284
1537
1529
1533
1328
1484
1451
1519
1455
1460
1589
1273
1479
1507
1490
1303
1422
1612
1376
1559
1513
1219
1401
2677
2902
3072
3408
3129
2991
1380
1316
1466
1364
1298
1592
1376
3744
3663
2978
3210
2807
1372
1416
1768
1478
1227
1199
1377
1417
1337
1800
1939
2181
2449
1301
2994
2993
2854
2695
1363
1379
1548
1408
1480
1992
1908
1703
2589
1276
1116
2052
2295
3235
1645
2193
2269
1681
3486
3303
3890
3378
1358
1201
3492
3073
3439
2546
1161
2280
2911
2284
2118
2211
1750
1432
1399
1299
1476
1445
1288
1525
1549
1426
1504
