28
25
25
25
23
25
29
24
24
23
23
24
25
25
26
26
25
24
25
27
25
26
26
26
26
27
23
29
25
26
23
25
27
24
26
24
23
25
25
25
24
23
27
26
23
24
26
26
23
28
26
26
24
25
24
25
27
24
25
25
25
26
26
26
26
25
25
27
27
25
27
26
26
26
25
24
25
25
27
26
26
23
25
24
27
25
25
23
25
26
26
30
27
27
26
24
25
23
25
25
26
24
26
26
27
23
26
24
25
24
24
23
27
26
26
25
25
23
23
23
23
26
24
26
26
25
25
24
26
25
25
27
23
27
27
24
25
23
26
23
26
25
27
26
27
26
25
24
25
25
25
25
25
25
27
28
25
24
25
23
25
27
26
26
25
27
26
24
26
25
26
23
25
26
26
26
23
28
26
25
25
25
26
25
24
28
24
23
25
25
26
25
23
24
23
26
25
24
27
24
25
25
25
27
25
25
26
25
27
26
27
23
25
26
23
25
25
23
27
27
25
23
25
25
23
24
25
25
25
25
27
24
22
23
21
21
22
21
21
22
22
24
21
21
22
21
23
23
24
25
26
24
23
20
22
21
22
23
22
23
20
21
25
21
22
22
22
23
23
21
22
23
23
22
21
21
20
22
24
24
25
23
22
26
22
21
22
23
20
21
21
23
22
22
20
21
21
22
21
22
21
21
22
20
22
25
23
23
25
26
23
22
23
23
21
22
23
23
20
20
22
20
20
22
22
22
25
23
22
22
21
22
21
22
22
23
21
23
26
26
33
52
49
41
44
43
41
47
23
26
23
27
26
26
25
24
25
25
31
31
32
29
38
41
42
42
42
28
26
47
57
45
30
26
26
25
26
32
44
40
42
48
44
49
47
57
47
57
40
48
62
38
26
25
24
25
26
24
24
23
25
27
25
23
26
25
24
25
25
26
24
30
29
25
25
27
24
28
24
24
26
21
25
27
25
26
25
26
22
20
20
22
20
26
22
22
24
21
20
21
22
24
23
21
22
22
22
21
22
22
23
21
21
22
26
22
21
21
22
21
22
23
21
21
22
22
23
23
22
23
22
21
24
25
26
28
22
22
23
21
22
24
24
25
24
22
25
27
25
23
26
25
26
24
25
23
23
27
25
23
23
24
25
26
23
25
25
25
26
26
22
21
22
20
21
22
23
23
25
22
22
20
22
23
22
24
20
21
22
21
22
20
22
21
21
20
20
21
23
26
21
24
23
20
22
22
23
21
20
20
22
21
22
22
22
22
21
23
22
22
22
23
22
22
22
22
20
21
23
22
21
20
23
23
22
23
21
23
21
22
23
20
25
22
21
22
21
20
22
23
23
20
21
22
21
23
23
21
22
23
20
23
23
26
22
22
23
23
21
21
22
23
22
23
22
21
22
23
22
25
21
23
21
22
24
27
24
23
24
22
23
22
24
23
24
23
22
23
23
22
24
23
23
21
21
23
25
23
21
21
23
21
23
22
21
23
24
22
24
22
22
23
24
21
24
23
22
24
22
21
23
23
22
21
23
23
22
24
22
22
22
24
23
23
23
24
24
22
24
26
21
22
22
23
21
23
22
23
24
23
23
24
24
21
22
21
25
21
24
22
25
22
24
24
23
21
24
22
22
22
21
23
23
23
21
22
23
22
23
23
23
26
22
22
22
24
21
24
21
21
21
23
24
24
23
22
22
24
23
22
24
22
23
27
23
22
22
23
22
21
23
21
23
20
23
23
21
23
20
22
23
22
23
22
26
21
24
23
21
23
23
24
21
23
22
23
22
22
23
23
22
25
27
56
42
39
25
24
25
23
23
23
26
27
25
26
27
25
24
26
27
24
25
26
26
24
26
29
25
24
24
23
40
42
27
26
26
23
26
24
26
29
26
34
26
35
24
30
41
52
24
25
25
23
25
24
24
25
26
27
26
42
28
24
23
24
23
26
26
28
25
25
25
24
23
23
23
22
23
24
21
24
24
24
23
23
23
22
22
23
22
24
24
22
23
23
22
23
24
23
23
23
22
24
23
24
22
22
23
23
21
23
26
22
22
24
23
24
23
22
23
24
23
22
22
23
22
21
22
23
23
24
22
24
23
24
25
24
22
25
22
23
21
24
22
23
22
22
24
21
24
24
23
22
24
25
23
23
23
23
22
24
23
21
24
22
24
23
21
22
22
23
25
24
23
24
28
25
24
24
24
24
23
24
24
24
22
22
23
23
24
21
22
24
23
23
23
26
22
24
24
23
24
23
24
21
24
23
24
22
