6482
6391
5289
2657
2073
1725
1910
1659
1584
1396
3444
3441
3094
3791
3885
3360
3865
3679
4193
3845
4800
3977
2234
2712
4063
3468
3795
3279
4265
4118
3241
4112
3550
2306
3266
2653
2458
2114
1881
1722
1437
1493
1560
1807
1655
3577
3841
3623
3666
3836
3589
3573
3513
3748
3196
3354
3071
2731
2671
1855
1866
1771
1705
1464
1444
1639
1794
1383
1608
1485
1619
1721
1657
1404
1623
1383
1415
1483
1596
1387
1724
1615
1763
1421
1639
1306
1635
1636
1549
1742
1722
1660
1446
1654
1608
2651
3316
3174
3292
2226
1469
2693
4533
3635
3380
3520
3790
5133
3484
2642
1671
1703
1913
1850
1626
1628
1684
1659
1687
1771
1435
1481
2967
1474
1478
1603
1559
1403
1734
1667
1632
1499
1666
1626
1442
1611
1639
1710
2583
3889
3700
3937
3572
2467
3409
3884
3668
3263
3591
3235
3685
3343
3603
3141
2987
2705
2611
2106
1924
2009
1742
1519
1540
1447
2508
3708
3673
3411
3840
3226
3614
3669
3382
4451
4402
4968
3247
3568
6783
4068
3850
2320
3283
3642
3781
3227
1240
3288
2975
2768
2917
2105
2096
2082
1964
1681
1397
1680
1545
1515
2924
3417
3928
3267
4480
3801
1257
2349
3584
2545
2943
2414
2354
2180
2440
3278
3819
3740
3565
2928
3460
3654
3486
2386
2701
2469
2099
1880
1877
1547
1762
1639
1685
1723
1991
2187
1652
1577
1178
1481
1518
1500
1555
1419
1644
1560
1557
3003
2723
4148
2433
1520
1647
1436
1709
1492
1474
1602
1897
1672
1608
1645
1629
1467
1700
1600
1498
1909
1819
2424
1464
1964
2697
2271
2613
2753
2652
3170
2407
3160
2147
1751
1508
1426
1636
1546
1701
1669
2715
2929
2927
2501
2445
2219
1863
1823
1807
1550
1515
1623
1628
1426
3235
4012
3591
3178
2114
3124
3268
3376
3666
3715
3414
3584
3574
2026
3929
3390
3211
3043
4037
3662
3468
3588
3062
3889
3936
3237
2089
3670
4030
3909
3555
3574
3881
3353
2875
2886
2109
2656
2415
2077
2306
1580
1438
1602
1461
1687
1290
1480
1637
1576
1596
1719
1651
1643
1491
1259
1264
1403
1583
1695
1686
1570
1702
1699
1553
1417
1451
1705
1684
1388
1694
1398
1581
1431
1582
1719
1477
1620
1585
1542
1584
1592
3228
3572
4025
5097
3101
3714
3854
4168
3903
2697
2799
3104
1266
1692
1672
1760
1782
1554
1396
1686
1729
2301
1879
1555
1566
1911
1686
1535
1641
1619
1222
1572
1594
1612
1656
1489
1618
1706
1682
2652
2428
2517
2376
2067
1687
1737
1325
1442
1365
1721
2060
2034
1792
1500
1672
1591
1829
1790
1373
1724
1940
1505
1562
1349
2078
1497
1579
1755
1990
1988
1838
2365
2048
2206
2097
2129
1691
1494
1507
1595
1445
1716
1463
1589
1629
1678
1860
1273
1656
1316
1469
1405
1668
1603
1794
2449
2082
2449
3161
3025
1552
1398
1540
1432
1570
1979
2802
2871
2066
2962
1946
3244
1997
3205
3955
3729
2706
4401
5469
3495
4054
3307
3479
4036
4005
3040
3427
2707
2519
2195
1325
1443
1325
1399
3399
1653
1578
1653
1679
1426
1626
1683
3429
3426
2337
2525
2222
2425
2286
1947
1791
2196
1613
1570
1663
1719
1624
1773
1380
1544
1487
1644
1639
1398
1643
1759
1655
1581
1334
1412
1712
1463
1406
1655
1596
1597
1382
1494
1318
1780
1475
1632
1651
1610
1577
1620
1563
1546
1597
1589
1492
1638
1641
1596
3511
2793
3616
3648
3541
3869
3102
3916
3754
2537
3233
3166
3419
3342
3614
3832
3598
3969
3909
3392
3642
3654
2838
4391
5379
3693
2857
1521
1946
2592
2519
2823
1965
2404
1503
4062
4135
4109
3522
3665
3725
3479
3437
2582
2214
2009
3482
2887
2803
2434
2632
2454
2846
1931
1606
1807
1567
1518
1555
1674
1507
1576
1586
1512
1623
1577
1456
1591
1504
1656
1484
1648
1619
1430
1632
1417
1484
1637
1408
1637
1659
1362
1402
1406
1548
1455
1434
1588
1692
1719
3590
3503
3596
3844
3540
3467
3451
3862
2589
3557
4015
3666
1676
1317
3370
2226
2595
4597
3827
3551
4685
3409
3575
4767
1628
3022
3161
2914
3683
3049
3631
2948
2526
2127
5719
4042
3760
4708
3219
3011
3210
2871
3211
1563
1740
1546
1641
1419
1498
1585
1240
1650
1586
1490
1517
1625
1509
1668
2713
3202
4015
3825
3883
4872
3570
5438
3843
3790
3773
5141
3598
3402
3215
3936
3740
3282
3206
3879
2951
3253
4257
4264
4343
3626
1865
3249
3262
4085
3717
1744
2621
2102
2277
1981
1835
1865
3221
3498
3605
3257
3749
3843
3462
3653
3686
3078
2970
2811
1989
1818
1854
1775
1913
1550
1672
1643
1737
2295
1815
1685
1946
1696
1746
1630
1637
5227
3688
4484
3940
3424
3586
3719
3850
3465
3214
3521
3486
2468
2511
1994
1633
1917
1570
1695
2485
1678
1597
2138
1524
1884
1952
1816
1472
1564
1646
1592
2847
1602
2599
2243
2472
2327
2445
1894
1632
1693
1360
1468
1402
1566
1625
1567
3040
1256
2049
2424
2100
2563
2189
2392
3599
3834
3177
4114
1102
1973
1924
1923
1771
1809
1536
2053
3293
3662
3677
3548
4047
2862
6331
4744
6307
7054
3926
3738
3356
4028
3029
2879
1994
2301
3258
3974
3782
3747
6173
4179
3232
3796
4961
2994
2776
3351
2687
2868
3441
2385
3048
2856
2776
2468
1423
1640
1583
1758
1421
1614
1501
1653
3221
4227
4399
4809
3917
3580
3916
3431
1646
3325
2678
2694
2138
1800
1710
1864
1722
1501
1624
1726
1348
1356
1498
1135
1651
1686
1661
1651
1578
1357
1622
1604
1168
1376
1643
1459
1640
1757
1616
1559
1652
3690
3355
3357
3342
3020
3784
3276
3603
2817
2383
3774
2951
3127
2444
1821
1846
1877
1583
1647
1385
1539
1550
1472
1395
1560
3736
4695
3893
3382
3273
2149
2968
3422
3569
3885
3754
3710
4001
3457
3418
3336
2651
2727
2405
1309
1669
1812
1667
1415
1842
1667
1407
1416
