22
23
20
19
16
17
17
17
16
17
16
16
17
16
17
16
16
16
17
16
16
17
19
16
16
15
16
16
19
17
17
17
17
17
17
18
17
17
15
17
17
16
17
19
16
17
17
17
16
17
17
17
16
17
16
17
17
16
18
17
17
17
17
16
20
16
17
20
18
17
19
20
16
16
17
17
17
16
16
16
17
16
16
15
16
15
18
17
16
15
15
15
17
15
17
17
16
15
16
17
16
16
16
17
17
16
37
34
30
19
20
29
18
26
18
26
26
18
17
18
20
19
18
19
30
20
17
18
23
18
18
19
19
17
42
31
18
18
19
18
19
21
17
17
17
18
17
18
17
18
43
19
18
17
18
18
18
18
19
18
18
18
19
19
18
18
17
19
19
18
15
20
17
17
17
17
15
16
18
17
16
17
16
18
17
17
16
17
17
17
17
15
20
15
17
16
15
16
17
16
16
17
17
17
19
18
18
17
19
19
16
15
15
18
21
20
19
19
19
15
16
16
15
17
17
19
18
18
19
20
17
18
20
19
18
20
18
18
19
20
19
19
18
17
21
20
19
20
17
17
18
18
18
18
18
18
21
17
19
19
18
19
18
19
19
19
18
19
17
19
19
18
19
18
18
19
17
19
20
18
19
18
18
28
26
18
20
19
18
18
18
18
18
19
19
18
18
17
19
21
17
18
19
17
17
18
18
20
19
17
18
18
18
19
17
17
19
18
18
19
22
19
19
18
19
19
18
18
19
17
19
19
18
18
18
18
18
19
19
18
18
17
21
19
19
19
19
19
17
16
16
15
15
16
16
16
14
17
16
15
16
16
16
19
16
16
16
16
16
15
16
16
15
16
16
15
16
16
17
16
15
15
16
15
18
16
16
16
16
17
16
17
16
16
15
16
16
16
16
15
15
15
16
16
16
17
18
17
15
16
16
16
16
16
16
16
16
15
16
16
17
16
15
17
16
16
15
19
16
16
15
15
16
16
16
17
15
15
16
16
16
15
16
16
16
16
21
20
22
20
19
22
17
16
16
16
17
17
17
17
16
16
17
16
16
15
16
18
16
17
20
15
17
16
16
17
15
16
16
15
16
15
16
16
16
16
15
16
16
15
16
19
15
17
16
16
16
15
16
15
16
16
15
17
15
17
15
16
16
16
15
17
22
16
16
16
18
15
16
16
16
17
17
15
17
15
15
17
16
16
16
15
15
17
18
15
16
17
17
17
17
15
17
16
17
17
17
15
17
16
16
15
15
16
15
18
16
17
16
16
16
16
16
15
18
15
16
17
15
17
17
16
15
15
16
16
19
15
16
15
16
16
15
16
16
16
15
16
15
16
16
15
16
16
15
15
16
16
20
15
17
15
15
15
16
16
17
15
16
17
17
17
15
17
16
15
15
16
15
20
16
16
15
16
17
16
17
16
16
15
16
16
15
15
17
16
16
15
16
16
19
15
16
17
16
15
17
17
17
17
15
17
16
16
17
19
19
19
19
19
18
19
20
18
17
16
17
16
17
17
17
17
16
17
18
17
17
16
16
17
16
17
17
19
17
17
17
16
16
17
17
16
18
16
17
17
17
17
16
17
17
16
16
16
19
16
16
16
16
15
15
15
16
15
16
16
16
16
16
16
16
16
16
15
17
16
19
17
15
15
16
16
15
15
16
15
16
17
16
15
16
15
16
17
16
17
16
19
16
16
15
17
16
17
17
17
17
16
17
15
18
17
17
17
17
16
15
17
18
17
17
20
15
15
16
16
16
16
16
16
17
15
17
15
15
17
16
16
17
17
19
17
16
16
18
17
17
17
18
15
15
16
16
17
16
16
17
16
16
17
18
20
16
16
16
16
17
17
15
15
16
17
17
17
16
17
17
17
17
16
16
17
21
16
17
18
16
16
15
16
18
16
16
17
17
15
17
16
16
17
15
16
16
17
20
16
17
17
17
16
19
18
18
19
18
20
17
16
15
17
16
17
16
17
17
18
16
16
15
16
17
15
16
16
15
15
17
16
16
16
15
15
17
16
16
16
19
15
19
17
19
72
35
24
31
23
20
23
18
18
19
18
19
19
19
19
19
19
21
19
17
19
19
18
18
17
18
19
17
19
17
19
19
18
17
21
19
18
19
22
18
19
19
20
18
19
18
17
18
18
19
19
17
17
19
18
17
19
18
19
21
17
18
18
18
19
18
19
18
20
19
17
20
19
19
31
19
21
19
19
21
19
21
17
18
19
27
17
18
18
17
19
18
19
18
17
19
18
18
17
