627
652
861
750
764
893
866
887
891
846
765
891
847
813
722
830
907
1953
1908
1911
2057
1987
2345
2303
1941
2046
2040
1829
1715
2144
1655
1973
1862
1536
1637
1578
1508
1216
1340
817
983
840
947
915
965
932
889
813
852
869
887
881
850
770
876
987
808
890
1164
827
929
712
878
793
818
934
543
1262
1548
1730
1780
1648
1541
967
805
926
848
877
852
907
958
952
1013
885
877
807
796
907
904
729
846
791
762
923
884
1266
2181
1711
1960
1882
1342
2060
2252
2106
2128
1884
2104
1422
1147
1812
1698
1700
1966
1986
1690
2084
981
1395
1593
1599
1442
1177
1053
1242
1193
966
898
1319
578
1515
1842
1794
1959
1900
1954
2164
1884
2002
1825
1961
1837
1847
1590
1927
1621
1446
1484
1333
1255
1168
1016
905
1111
915
1109
1018
945
760
884
866
870
769
882
770
815
874
760
872
819
815
847
891
695
754
853
762
792
865
800
845
845
967
786
943
820
935
763
1604
1112
1705
1723
2000
2018
1968
1986
2171
1875
2091
1907
2161
1753
1946
1838
1578
1008
967
761
935
820
837
938
795
697
788
841
916
874
1211
1999
2042
1035
812
869
846
666
681
1927
2063
2046
1913
2117
1985
1192
628
1398
1731
1968
1727
1819
2018
2087
1774
707
1152
656
954
1892
2281
2278
2129
1445
1938
1469
2035
1775
2078
2127
2027
2369
878
1434
2102
2058
1941
1884
1762
1756
789
946
1398
1428
1330
1059
857
968
852
1009
977
879
865
876
751
721
666
922
823
880
863
937
975
773
809
805
833
890
866
813
1336
1147
1691
1989
1979
1712
1760
2017
1755
1719
2025
2011
1897
1750
2037
1889
1005
1992
1944
1927
1635
1731
1646
1156
1567
1024
1449
1134
1267
1260
1130
699
891
935
938
861
847
847
892
651
900
912
857
821
956
873
871
897
690
846
811
912
799
846
1507
2403
826
899
1246
1205
691
784
830
873
670
817
1410
1524
1510
1420
1281
1430
1443
1275
915
2320
1825
1804
1907
1632
1516
1404
1297
824
694
819
1932
1858
2038
2078
2245
1726
623
1071
2066
2037
2152
1897
2051
2058
793
682
952
1448
1181
624
1354
793
580
1081
910
997
907
858
1074
834
684
1795
1771
2089
1871
1751
1985
2057
1936
1099
1869
1657
1322
2046
1752
1945
1390
1396
1424
1311
1242
1199
1420
1295
1103
982
929
1076
1087
1074
811
772
880
897
905
874
932
785
912
925
916
661
778
889
1179
1384
970
937
954
925
919
786
855
877
762
911
865
814
756
899
719
641
760
813
905
770
867
894
979
825
773
905
881
910
867
918
2042
2288
1673
2054
2080
1723
1494
1849
2798
1997
1845
2074
2008
1914
2128
945
760
806
1033
1392
944
1156
850
1034
838
720
778
1418
1460
1452
1255
1369
1202
1267
1184
561
791
827
870
862
875
804
898
883
910
853
880
867
790
951
1246
1105
1941
2179
2065
2117
1993
1791
751
597
688
1699
1922
2136
1876
1739
1624
1789
1443
1556
1373
1409
1280
1297
1288
1190
882
1078
1093
1015
1075
650
868
819
596
842
967
799
905
845
758
900
908
785
897
787
908
961
748
893
888
791
844
762
856
750
763
818
901
786
865
845
852
975
1665
1718
2059
1775
2042
1930
2250
1398
2048
1832
1816
2078
2323
1950
2469
2695
2284
3058
3546
3110
3425
1459
1196
2207
2300
2174
1707
2104
1946
1507
2069
2002
1978
1886
2136
2198
1846
1886
2075
2289
1093
961
909
842
916
960
1374
1147
840
719
1074
1302
1054
965
862
1251
823
1044
1521
803
803
709
756
841
2046
1694
1862
1629
1796
1535
1646
697
724
1328
1165
1230
1148
1295
1123
954
1440
1252
1204
810
1655
603
1058
900
833
1013
871
819
940
754
678
747
742
820
911
624
761
777
872
704
772
877
872
899
817
803
883
945
881
891
822
927
884
1546
1425
1409
1902
1957
2094
1937
1986
2061
774
2001
1996
1780
1910
1933
2052
2323
1406
1602
1742
1529
1286
1420
1428
1197
1017
1324
2540
2228
1962
1760
2116
2101
1730
1461
1944
2286
1943
1921
1977
2087
1455
1839
2016
1889
1738
1698
1238
1431
993
1068
1071
1030
1136
1142
887
779
787
951
883
754
965
961
897
547
861
910
758
831
879
803
883
878
930
846
898
907
897
780
908
842
637
950
742
718
666
791
936
825
946
929
920
800
926
736
1519
2088
1053
1924
1844
2023
763
579
670
1246
1166
1031
1051
1114
969
913
1005
972
824
917
1048
1306
2395
2080
2081
1936
1739
1736
1128
1043
1873
2157
1678
1612
1459
1638
1412
933
751
1095
838
933
827
877
961
881
822
870
927
770
771
875
995
754
911
903
886
1084
806
889
884
891
871
889
834
803
899
878
1298
1848
2058
2005
2049
1981
2042
1951
2096
1959
2029
2067
1939
1921
1813
1803
2051
2088
960
1624
1548
1600
1184
1217
1200
1039
1198
823
751
726
901
882
860
859
840
942
747
811
896
1576
1956
1434
962
1807
2224
1994
1911
1943
1553
1581
936
1158
820
878
1293
735
786
1026
736
889
776
885
774
759
799
892
1148
965
985
890
845
863
918
740
801
958
883
755
701
683
884
761
854
878
917
883
882
879
772
788
875
957
642
930
1977
1834
2098
1967
1729
1562
735
700
1243
1721
2118
1797
1759
1723
2150
1624
1781
1852
1613
1950
1498
1465
1220
