33
30
45
33
30
30
32
28
17
17
27
29
27
27
27
31
28
23
23
26
18
27
28
28
18
26
31
25
16
17
18
16
27
25
17
16
16
34
16
20
17
17
15
29
16
15
32
16
16
17
16
16
16
22
15
16
17
16
15
16
32
28
17
16
26
23
16
17
17
17
15
16
16
27
16
17
16
17
17
20
16
16
20
16
15
16
27
16
28
29
17
17
16
17
16
15
16
16
16
32
15
16
19
34
15
15
16
15
16
16
16
17
17
16
17
16
15
17
17
16
15
20
17
17
19
31
28
22
17
16
15
21
15
16
17
17
16
15
16
32
26
27
18
17
15
16
18
34
20
27
27
16
20
19
16
22
25
27
23
22
15
37
27
28
19
21
17
28
26
16
16
30
16
17
16
17
22
17
17
16
17
15
16
17
17
17
17
16
20
16
17
17
15
16
23
26
17
20
27
26
31
36
27
28
28
24
25
24
25
25
29
24
25
28
25
26
26
25
26
23
23
24
24
28
26
25
25
30
30
24
29
36
25
25
26
26
25
25
27
25
26
26
26
26
25
26
28
24
25
26
25
25
28
25
24
24
24
25
25
22
23
24
24
23
25
25
26
30
25
24
22
27
28
24
27
24
18
13
14
14
14
14
14
15
15
13
15
14
15
14
14
14
14
14
14
18
14
15
14
13
13
14
14
13
14
15
13
14
14
14
15
14
15
14
14
14
17
14
15
14
15
14
14
14
15
14
14
14
14
14
14
15
14
14
14
14
14
15
17
15
13
14
15
14
14
15
14
14
15
15
14
14
15
14
14
14
14
14
15
16
14
14
15
13
15
14
15
15
14
14
14
14
14
14
14
15
13
14
14
14
17
15
14
15
15
13
13
14
13
13
14
14
15
14
15
15
14
14
14
14
15
13
17
13
15
14
14
14
14
13
14
16
16
16
16
16
15
14
14
14
14
15
14
17
14
14
14
16
17
16
15
13
13
14
15
15
17
17
16
15
13
14
13
14
18
14
14
13
14
15
14
14
14
13
15
13
13
13
13
15
15
13
13
15
15
14
18
14
15
14
14
15
14
13
14
14
14
14
14
15
14
14
14
14
14
14
14
18
15
15
13
13
14
14
14
14
14
14
13
14
14
13
14
15
16
17
16
16
20
15
14
14
15
13
14
15
15
14
14
15
15
15
15
14
15
14
14
15
14
14
17
15
15
16
15
14
15
14
15
14
15
15
15
16
15
15
15
16
14
15
15
17
16
15
14
15
15
14
15
15
15
15
15
15
16
15
15
15
14
15
16
16
18
15
18
15
15
16
14
15
14
14
15
14
15
14
15
15
15
15
15
15
15
15
18
14
14
15
15
15
14
15
14
15
14
14
14
14
15
15
15
16
15
15
14
18
15
16
15
15
15
15
15
15
15
15
17
17
16
15
16
16
17
28
15
16
34
20
17
16
16
19
20
25
32
27
27
32
28
28
26
23
24
16
17
24
16
17
21
17
17
17
15
20
16
22
17
16
15
15
16
17
16
16
25
16
15
21
16
19
17
17
17
17
17
16
17
18
17
16
17
16
16
17
18
18
18
17
18
18
19
16
18
17
17
17
17
18
17
17
16
17
17
14
15
15
15
15
15
14
14
14
18
15
15
14
14
14
15
15
15
15
15
14
16
15
15
15
15
15
15
15
15
18
14
15
14
14
16
15
14
15
14
15
13
15
14
14
15
14
14
15
14
15
18
15
15
14
13
15
14
15
15
15
15
15
14
15
15
14
15
14
15
14
15
15
18
14
15
15
15
15
14
16
15
15
16
15
15
16
14
14
15
15
14
15
14
18
15
14
15
14
15
15
15
15
18
17
17
17
16
15
14
14
15
15
14
15
17
15
15
15
18
16
18
14
15
14
15
15
16
14
15
15
15
14
15
15
16
15
17
14
14
14
15
15
15
14
16
15
15
16
15
15
15
15
14
15
15
14
15
19
15
15
15
15
15
14
14
15
15
15
15
14
15
14
15
16
16
15
16
15
19
15
15
15
15
16
15
16
15
15
15
15
16
16
17
17
16
16
16
16
14
15
17
14
15
16
15
15
15
15
14
14
15
16
14
14
15
15
15
14
16
15
15
17
14
14
15
15
16
15
15
16
15
14
14
16
15
15
15
15
15
15
15
15
17
15
15
16
15
15
15
15
15
15
14
15
16
14
15
15
15
15
14
15
15
14
17
15
15
15
14
16
14
15
15
16
15
15
16
15
15
16
14
15
15
16
14
18
