6216
5800
1456
1283
1872
1361
1434
1643
1104
1369
1262
1249
1537
1581
1230
1937
2161
1385
985
1728
2928
2947
2375
2473
1401
1587
2933
3155
3300
2877
2324
3443
2826
3106
2772
2363
2263
1819
2028
1592
1423
1549
1576
1309
1420
1339
1601
1566
1376
1588
1412
1447
1516
1422
1291
1571
1472
1344
1445
1523
1270
1516
1388
1305
1280
1454
1274
1493
1465
1467
1459
1418
1464
1458
2393
1608
1304
1397
1382
1418
1357
1492
1581
1774
2005
3039
3229
3268
2864
3395
3308
3502
3644
2323
3310
2929
2502
2353
1703
1973
2140
1771
1675
1444
1646
2054
1387
1321
1514
1531
1684
1028
2128
3579
2995
3123
2248
1144
1113
2356
2428
1833
1643
1698
1727
1995
1681
2378
1768
1856
1161
1847
1613
1490
1301
1305
1296
1247
1484
1004
1224
1282
1494
1411
1089
1283
1486
1369
1700
2865
2854
3166
3354
3106
3638
3744
3660
3429
3574
2848
2688
2085
1574
1685
1469
1539
1713
1498
1501
2517
2814
3028
3547
2574
2123
1681
3153
3262
3163
2875
2741
3302
2528
2676
1998
2183
1729
1554
1521
1422
1502
1464
1287
1475
2466
1635
1123
1160
1222
1183
1285
1450
1768
3111
2816
2838
2133
4894
3372
3524
3026
1249
1946
2885
3433
3488
2172
3572
3333
3421
3084
2250
3602
3167
3824
4065
3664
3627
4016
2998
3115
2718
2202
2322
1807
1968
2323
1663
1435
1289
1578
1331
1375
1479
1366
1414
1465
1303
1451
1368
1490
1470
1337
1542
1689
1308
1283
1637
1534
1306
1589
1238
1345
1398
1624
1650
1518
1427
1268
1382
1416
1294
1419
1432
1548
1332
1091
1563
1377
1540
1494
1417
1414
1551
1633
1452
1421
1446
1518
1304
1439
1288
1564
1351
1365
1415
1208
1257
2027
2159
1234
2246
1825
1827
1869
1380
1470
1454
1757
1214
2484
3362
3423
3297
1169
3372
2989
2551
2486
1937
1732
1668
1756
1535
1413
1344
1283
1506
1369
1557
1495
1268
1512
1583
2180
1470
1465
1268
1407
1399
1945
1337
1538
1699
1504
1642
1415
1382
1280
1532
1700
2008
1462
1282
1308
1367
1312
1482
1252
1604
1150
1473
1399
1286
1451
1491
1466
1426
1290
1481
1347
1354
1379
1346
1384
1391
1546
1288
1512
1483
1574
1325
1035
1460
1367
1324
1249
1363
1557
1557
1288
1386
1485
1500
1524
1452
1534
1463
1509
1323
1617
1160
1501
1337
1450
1430
1376
1304
1601
1696
1264
1282
1271
1488
1494
1588
1585
2534
3399
2821
1386
1678
1523
1681
1092
1401
1451
1514
1278
1593
1295
1362
1373
1373
1026
1487
1397
1487
1507
1585
1542
1449
1475
1291
1342
1592
1498
1355
1553
1403
1496
1356
1489
1535
1237
1378
1562
1513
1531
1291
1465
1300
1588
1908
3544
2860
3378
2780
2664
2185
1929
1454
1435
1348
1433
1438
1504
1569
1488
1518
931
1330
1316
1424
1388
1415
1276
1584
1434
1355
1581
1196
1269
1496
1449
1307
1318
1321
1355
1516
1471
1377
1485
1842
3006
3053
3326
3613
2835
2643
2765
2950
3032
3124
2947
3236
2678
2599
2162
2353
1788
1654
1798
1665
1319
1326
2246
1254
1193
1462
1260
1220
1231
1771
1621
1211
1288
2747
1830
3187
2859
2619
2269
1364
1365
3153
3117
2989
3251
2062
3387
3036
3120
2898
3338
2843
3417
2820
2535
2670
1994
1777
1856
1698
1720
1455
1420
1426
1509
1406
1467
1323
1608
1416
1286
1423
1510
1481
1581
1165
1454
1282
1256
1223
1291
1467
1367
2515
2216
3185
3376
3191
3362
2841
3235
3392
3516
3432
3291
3471
3217
3586
3401
2843
3315
3213
4851
3282
3107
2397
1580
1860
1714
1470
1454
1335
1236
1310
1481
1446
1518
1344
1503
1432
1539
1243
2674
1427
1517
1449
1424
1450
1469
1461
1182
1097
1596
1469
1521
1450
1513
1349
1498
1491
2173
1666
2450
3284
2742
3195
2815
3036
2752
3049
2682
2412
1008
1856
1621
1914
1099
1277
1394
1286
1203
1448
1423
1404
1546
1245
1506
1463
1255
1380
1538
1513
1320
1543
1533
1312
1414
1552
1279
1506
1532
1438
1252
1426
1400
1262
1472
1637
1491
1333
1609
1550
1220
1063
1345
1349
1602
1420
1467
1470
1469
1384
1422
1680
1786
2148
1958
1202
1620
2138
1933
2009
1605
1388
1267
1531
1437
2161
1535
1800
1823
1203
1324
1409
1384
1550
1382
1353
1809
1892
2073
2269
2193
2333
1593
1271
1450
1460
1510
1143
1359
1774
1517
1948
1778
2244
1235
1710
1846
2304
1907
1471
1692
1401
1179
1722
1809
1090
1313
1105
1212
1619
1682
1268
1342
1594
1220
1415
1157
1200
1275
1215
1468
1424
1462
1535
1434
1322
1392
1362
1284
1475
1330
1442
1334
1451
1444
1139
1227
1342
1293
1561
1501
2265
1665
1255
1355
1551
1455
1649
1310
1567
1520
1318
1367
1333
1334
1453
1230
1330
1415
1467
1369
1517
1413
1456
1345
1459
1515
1478
1507
1400
1292
1148
1569
1382
1336
1610
1475
1310
1515
2268
1853
2932
3526
2885
3267
3369
3060
2831
2744
3422
3436
2720
2410
1747
1718
1939
1388
1543
1514
1594
1260
1418
1395
1220
1457
2030
2976
3213
2107
2921
2833
3226
4293
1241
2436
2489
2016
2108
2241
1434
1569
1128
1744
1504
1899
1507
1598
1420
1494
1338
1510
1556
1413
1568
1444
1490
1523
1481
1508
1580
1524
1392
1560
1612
1556
1521
1544
1330
1497
1600
1286
1285
1400
1401
1634
1504
1502
1447
1339
1609
1486
1164
1474
1426
1567
1573
1243
1285
1537
1484
1488
1246
1368
1352
1270
1515
1390
1659
1504
1225
1416
1854
2073
3215
2646
1577
1492
1577
1677
1402
2416
1558
1554
1298
1385
1569
1391
1481
1172
1486
1969
2343
2595
2555
2166
2164
2592
2254
2628
2620
2251
2016
1561
1465
1691
1765
1986
2916
3281
3259
1708
1355
1381
1322
3039
3497
1616
1738
1497
1821
3599
3132
3536
3392
1708
1775
1415
1572
1542
1343
1381
1430
5053
3540
