266
253
297
293
269
266
244
283
301
257
245
224
230
252
223
225
251
239
240
244
258
258
245
258
217
243
222
233
252
228
230
251
222
254
258
254
276
289
269
261
263
237
309
239
273
246
289
267
265
263
282
234
269
273
259
294
251
281
268
240
255
297
230
291
263
247
270
289
255
271
278
289
272
269
273
273
257
269
269
282
268
257
283
271
247
273
284
273
270
280
257
293
253
241
300
270
273
274
239
256
295
242
284
275
243
267
299
286
247
245
275
246
294
265
283
245
246
294
271
283
271
259
282
269
256
273
238
279
277
278
279
259
237
267
274
287
315
275
271
254
270
281
240
269
243
284
259
322
299
271
251
249
260
275
248
275
267
274
285
268
292
256
254
250
265
280
271
240
290
268
267
270
269
247
262
267
275
275
262
256
281
278
272
288
251
270
239
257
244
280
256
295
258
268
242
275
296
284
270
267
281
277
300
285
270
275
282
305
257
285
278
277
279
257
280
295
247
283
275
251
273
266
293
295
259
297
292
278
273
271
243
301
287
260
276
277
265
267
281
301
301
274
272
273
281
313
333
260
264
253
302
266
299
288
248
279
293
289
303
258
271
282
297
250
261
281
288
285
235
287
287
279
244
268
283
249
245
239
260
271
259
263
263
254
274
248
275
277
278
278
269
252
290
271
331
261
251
272
274
280
260
281
263
255
281
262
281
250
252
282
248
294
292
271
281
278
283
285
270
250
243
263
267
278
299
290
273
275
291
300
275
281
274
256
261
260
263
260
263
273
265
244
242
977
305
283
264
305
294
391
306
293
329
311
356
258
405
271
309
299
286
315
263
309
311
304
272
279
287
294
292
302
283
295
265
286
258
243
258
274
216
252
223
236
272
256
261
340
494
493
309
269
271
276
278
298
294
286
270
279
261
272
277
263
285
279
252
247
278
267
279
264
252
258
261
260
289
278
276
272
294
266
270
242
269
256
252
252
264
290
285
285
285
305
361
289
254
299
277
282
277
246
278
302
249
246
299
278
296
280
290
286
275
263
283
248
286
275
285
311
249
273
283
269
311
243
244
282
309
286
287
304
262
258
307
251
264
239
281
293
289
286
265
275
272
297
286
277
299
298
277
281
295
276
288
289
280
306
241
251
240
279
245
279
289
272
248
254
284
277
273
284
262
267
245
248
246
267
297
279
293
282
246
265
252
270
280
279
268
266
287
423
294
309
288
312
287
265
272
307
345
280
326
338
267
317
486
388
413
369
525
343
341
345
407
275
271
303
291
284
390
414
301
297
291
278
249
276
252
295
278
297
271
254
272
272
267
228
257
248
256
263
241
254
266
273
258
262
261
252
239
274
240
278
254
239
275
256
239
307
341
406
308
279
286
251
287
280
258
278
263
273
267
267
244
284
283
273
288
295
272
273
287
289
282
276
294
281
284
283
280
283
285
280
270
285
284
238
294
278
281
271
273
249
285
279
259
317
260
323
296
311
264
273
244
287
253
274
286
295
290
258
283
273
283
305
264
290
307
258
307
284
282
310
266
263
291
277
309
320
312
258
305
258
272
273
286
286
286
291
252
289
346
283
249
278
276
261
287
267
282
244
294
298
287
295
261
343
258
283
247
248
254
263
247
256
241
272
234
245
243
235
240
270
251
257
230
227
229
264
261
268
255
264
278
245
230
247
242
278
293
252
245
268
263
281
246
237
276
260
271
266
251
253
255
285
285
274
288
248
269
263
270
283
239
263
272
283
267
275
282
289
264
280
265
261
267
243
254
244
255
271
258
281
284
279
247
248
294
270
283
294
262
285
242
286
292
276
277
277
306
279
316
288
274
268
268
272
287
260
248
278
242
252
247
282
273
275
300
243
271
243
260
254
257
277
281
285
276
274
281
274
293
274
244
270
260
298
258
263
280
287
279
253
279
283
302
260
244
275
271
286
321
473
498
490
465
524
242
252
286
260
288
299
248
282
239
270
251
257
242
274
258
278
283
305
250
275
263
285
258
281
300
248
293
266
249
273
247
281
289
283
280
277
258
284
276
285
426
257
270
255
239
271
276
284
243
263
276
263
270
272
294
276
274
278
271
248
282
252
269
278
253
305
242
277
252
294
290
244
240
269
270
243
259
294
246
298
266
273
241
268
259
295
268
272
268
340
282
263
288
287
294
259
306
244
271
269
298
274
248
287
274
269
250
258
276
259
289
290
274
262
315
274
255
260
252
255
302
305
296
282
272
290
272
276
276
303
261
275
243
283
252
282
243
343
304
274
270
249
