333
376
295
288
354
308
331
302
315
330
343
328
337
345
315
294
390
419
381
328
306
796
592
961
905
564
558
481
374
425
451
389
386
392
353
373
403
366
393
345
398
381
409
385
401
367
376
360
320
322
362
387
329
387
403
326
338
346
319
325
303
376
326
357
378
299
327
333
318
382
320
376
319
380
312
330
373
313
339
361
341
327
305
379
348
321
356
317
359
377
374
409
403
496
571
462
397
402
382
395
350
327
373
334
408
377
380
377
353
374
638
470
584
451
571
393
377
376
621
676
690
688
632
493
424
752
879
687
801
744
631
652
583
573
491
373
575
655
675
615
700
672
727
716
693
597
623
746
717
622
658
667
628
628
830
749
631
618
679
689
426
380
330
370
372
372
387
355
516
657
699
513
373
365
350
355
978
928
928
1021
1026
1054
985
1048
897
1090
1008
956
466
1007
1000
1005
906
957
1009
777
691
759
773
681
695
710
762
567
602
554
500
456
519
524
443
455
454
488
506
512
475
402
414
407
411
360
397
377
416
354
397
415
387
394
315
320
348
297
326
325
363
398
319
358
331
337
321
358
318
343
328
372
355
360
353
344
360
318
372
322
326
380
382
353
364
377
388
347
374
391
378
382
359
384
329
328
353
373
521
842
630
623
639
644
593
629
636
663
680
625
673
637
609
705
655
665
688
673
686
652
429
389
339
395
469
590
352
658
986
951
987
967
926
841
384
428
671
705
721
551
570
823
761
646
404
490
627
696
862
553
457
443
338
422
376
391
755
724
580
376
544
400
385
379
364
392
406
322
344
338
285
321
351
333
291
332
395
373
339
332
325
359
312
369
352
347
752
1182
522
378
372
887
633
371
957
843
923
832
897
416
554
690
615
713
630
661
479
673
585
699
663
341
330
308
324
370
341
359
318
333
342
311
333
293
295
329
309
341
292
306
326
372
368
356
302
382
353
330
360
407
331
386
399
440
308
309
398
384
346
391
323
357
357
347
384
378
362
402
376
358
342
377
354
356
323
358
358
353
325
378
364
381
346
358
337
312
366
353
336
349
369
370
352
441
318
321
368
338
391
374
330
364
345
378
383
387
367
380
413
348
372
386
387
338
331
369
351
366
366
323
332
346
368
376
355
364
342
330
357
361
331
375
583
654
666
686
623
675
702
669
683
676
682
682
695
665
669
661
638
696
684
666
711
675
693
731
642
700
648
674
665
887
711
699
643
677
679
662
679
634
637
642
616
682
632
774
641
685
673
657
675
642
638
684
672
679
711
697
726
655
655
703
707
641
702
714
701
648
666
689
642
706
642
729
650
740
752
699
698
685
677
655
699
737
729
751
640
653
697
706
664
662
650
674
620
688
653
619
728
697
490
368
338
401
491
661
677
670
624
672
664
681
691
696
725
707
692
642
703
703
678
672
707
688
729
696
705
698
905
762
657
697
628
691
641
690
701
783
734
651
654
715
649
703
641
678
869
714
678
694
698
703
708
702
711
695
681
757
710
674
715
691
684
693
720
669
688
804
802
754
741
817
766
730
480
515
471
493
534
572
665
565
464
380
378
348
361
344
405
375
334
385
343
387
379
322
361
363
376
385
397
389
381
368
360
384
378
374
895
412
392
345
355
412
407
401
449
393
356
410
392
408
332
345
390
375
366
399
371
396
374
370
408
378
377
347
370
364
384
334
381
382
391
335
770
392
364
315
292
319
288
330
316
388
332
283
300
307
322
289
339
346
370
321
340
325
312
382
307
339
330
331
322
369
317
356
357
330
322
366
359
352
344
450
373
432
348
369
338
358
389
359
326
362
365
319
381
346
372
366
393
388
340
351
371
385
375
364
369
375
336
354
366
379
389
365
388
374
355
369
554
390
708
459
341
320
366
364
351
372
371
333
335
339
346
372
337
326
371
357
398
345
367
372
373
392
329
390
385
366
344
349
368
353
369
479
340
373
386
394
388
345
394
384
377
369
332
378
325
323
370
381
368
346
384
354
380
382
370
378
422
350
396
381
368
352
415
388
354
341
406
365
393
393
402
394
388
342
355
407
367
428
423
384
375
333
332
335
381
372
366
376
371
351
334
382
411
397
357
373
376
395
374
352
388
342
352
351
392
377
393
344
351
399
392
382
381
366
373
416
387
381
386
397
382
367
401
422
373
328
385
385
371
370
386
369
331
418
327
372
332
394
390
371
383
355
367
382
387
357
374
360
385
422
690
657
687
341
411
414
415
396
376
397
368
398
379
375
401
406
385
410
425
401
374
419
357
333
411
376
405
337
377
422
