420
396
400
465
621
451
398
626
574
630
550
630
717
496
367
871
781
803
789
774
806
747
716
716
571
454
472
461
538
389
439
395
387
866
1029
631
881
730
776
710
709
926
503
775
667
1185
519
763
493
414
695
1001
442
536
650
605
630
479
434
445
542
512
530
533
589
552
416
500
589
729
621
555
456
467
546
685
668
602
699
678
659
641
656
670
656
615
594
572
596
594
533
609
781
575
483
581
577
521
532
547
509
476
575
524
538
536
485
492
483
474
544
518
465
481
474
526
488
609
1088
808
692
404
419
431
426
379
438
412
405
517
476
502
515
499
459
477
504
494
440
489
479
496
480
550
506
500
445
535
390
360
439
485
451
436
475
473
493
518
487
466
467
432
482
499
482
465
427
480
488
489
535
480
484
479
501
503
539
517
412
439
508
498
468
489
523
485
488
494
445
486
484
495
485
440
485
449
473
502
424
425
499
493
487
479
624
491
501
455
500
473
458
429
513
532
495
522
493
496
504
495
495
486
460
457
433
478
494
481
441
486
531
494
640
853
900
716
442
471
449
484
423
528
445
466
451
506
506
504
424
450
489
509
485
475
504
499
528
496
522
547
532
471
497
494
503
496
443
479
487
476
430
483
451
473
443
437
464
483
532
519
447
500
502
481
427
458
493
641
877
1224
1442
918
909
955
1089
957
1079
1083
946
918
1499
382
369
418
696
1022
1009
1075
1108
1066
1057
1090
997
809
942
1068
1398
995
1043
1032
946
1085
1082
972
1031
1011
1053
939
918
1148
1102
985
1032
1008
1139
915
900
1054
1070
970
920
810
885
920
1359
1209
1212
705
729
798
853
770
763
535
692
546
1303
451
750
992
950
1051
1067
974
967
1014
988
1808
1187
1077
930
953
1058
1070
1031
913
938
1130
1090
1117
431
399
862
984
1071
1023
1107
937
1014
997
918
1017
1154
1136
658
916
468
833
804
823
750
800
824
811
709
604
585
653
644
691
705
681
644
865
684
762
689
803
735
541
411
352
659
712
469
451
365
1073
1140
1126
1076
1084
897
436
471
636
774
901
940
523
613
746
371
530
651
430
432
859
454
377
421
449
363
440
414
505
734
699
661
525
423
547
518
609
591
544
592
581
565
584
584
609
559
551
483
489
510
451
425
443
482
436
780
469
466
432
434
730
606
629
399
443
450
364
425
513
675
660
676
662
641
503
402
458
369
412
586
441
605
588
740
697
631
753
693
706
414
627
574
658
472
457
425
404
379
501
481
402
370
386
535
443
455
435
523
487
448
392
421
372
411
369
431
366
419
658
569
404
445
428
443
447
367
450
409
449
385
383
543
403
436
454
407
423
456
521
517
626
439
438
409
587
386
441
376
446
455
469
455
458
369
372
447
438
462
443
358
399
439
464
438
512
466
506
496
512
498
412
377
415
384
397
407
407
382
446
473
496
513
472
495
425
490
469
618
413
443
470
363
367
418
403
496
512
485
484
385
717
770
713
738
562
490
404
446
374
661
673
558
701
367
446
394
448
415
438
484
555
588
664
551
476
472
641
696
599
573
646
516
950
1018
575
533
759
534
397
426
359
355
411
449
412
547
425
546
554
539
530
472
430
477
498
427
435
492
516
644
611
717
631
688
929
631
788
651
684
727
633
673
667
605
703
699
680
534
587
521
607
614
627
527
651
644
408
727
627
352
371
883
1071
1100
1246
1080
1102
1154
1154
1078
935
938
415
417
461
357
373
402
481
473
497
462
464
488
508
420
493
488
772
1058
1041
1094
1108
1156
941
1364
878
565
586
1253
917
1163
1183
971
1094
1083
1046
1173
1276
385
514
614
468
448
913
1060
1093
1054
1159
1106
1132
1153
1193
1145
774
1118
1066
1084
1183
1037
1093
855
936
884
972
975
775
873
597
314
366
536
568
910
484
458
388
413
490
493
555
499
424
502
524
461
493
446
516
536
518
441
437
529
587
372
362
377
444
510
524
532
508
491
497
519
500
462
486
522
514
502
466
512
471
457
435
488
527
532
491
509
771
1118
897
965
1125
1029
1131
1050
984
959
1124
1158
1105
1160
1001
1194
1124
1020
1079
1054
1003
1220
1118
977
1107
1139
1173
1177
1019
1202
941
1082
982
924
987
1075
884
738
788
807
781
786
805
663
521
600
601
559
567
587
545
514
542
519
470
485
456
513
439
459
480
461
520
507
786
1968
510
481
444
478
988
656
652
556
531
497
475
636
731
1182
503
633
551
477
498
482
425
526
437
532
491
520
475
502
453
455
503
442
479
525
488
517
910
1049
427
852
1113
1019
987
1025
1099
1103
1109
963
1117
1023
870
435
773
1168
1175
1146
1120
1011
1105
1105
1059
1072
1051
1097
1061
404
491
467
1177
1136
1278
425
400
391
711
437
777
794
436
380
834
569
399
443
638
