1172
1184
1260
1444
1851
2190
1951
1912
1730
1771
1257
1184
1194
1292
1309
1137
1120
1269
1287
1201
1092
1283
915
1280
1224
1152
1372
1245
1173
1241
1315
1276
1271
1898
1893
1145
1311
1106
1177
1135
1257
1198
1170
1619
2018
1501
1395
1188
1139
1330
1298
1102
1249
1271
1275
1301
1314
1355
1258
1217
1174
1312
1152
1267
1294
1334
1228
1131
1293
1133
1240
1260
1359
1316
1137
1124
1304
1102
1221
1325
1230
1110
1264
1280
1357
1277
1157
1181
1365
1086
1299
1482
3387
1361
1288
1126
1259
1279
1246
1314
1201
1247
1359
1284
1368
1425
1563
1644
1239
1298
1193
1286
1298
1308
1205
1132
1216
1202
1258
1159
1292
1261
1407
1418
1203
1157
1030
1115
1325
1504
2014
3077
3018
2663
3056
2618
2860
2967
2817
2856
2698
2627
2116
2391
1925
1863
2010
2404
1447
1351
1234
1311
1338
1322
1158
1254
1229
1529
1435
1364
1279
1245
1294
1357
1279
1246
1265
1224
1346
1418
1240
1277
1221
1102
1299
1285
1371
1157
1421
1318
980
912
1268
1219
1203
1102
1307
1322
1186
1303
1257
1057
1004
1381
1113
1341
1308
1304
1141
1197
1195
1349
1316
988
1160
1404
1136
1269
1220
1323
1421
1101
1282
1284
1851
1636
1543
1734
1633
1554
2878
1521
1113
2730
3118
3693
3423
3044
2652
2911
3492
1817
2446
1846
1707
1149
1849
2288
2889
3221
2521
2875
2858
1044
1649
2551
2255
1715
1878
1684
1648
1294
1060
1284
1158
1345
1096
1439
1305
1235
1284
1389
1174
1287
1240
1275
1286
1202
1368
1100
1179
1340
1288
2597
2852
2748
2745
2883
3021
2603
2942
2447
3089
3237
2609
2791
2705
2940
4252
3607
2549
2810
2789
2143
2904
2423
2620
2569
1713
1891
1563
1644
1234
1279
1262
1172
1396
1170
1386
1165
2018
2315
2472
1358
1391
2701
2622
2564
2919
3652
2480
3037
2942
2755
1942
1951
2853
2623
3011
3237
1946
2924
2928
3282
2289
2241
1523
1102
2566
2673
2451
2973
2712
2665
2452
2416
2785
2317
1883
1351
1551
1373
1561
1435
1103
1278
1263
1358
1311
1102
1407
2499
1206
2336
3181
1567
2221
1801
2141
2107
2321
1745
1710
1792
1063
1115
1165
997
1156
1364
1097
1279
1260
1306
1162
1246
1215
1090
1180
1427
1150
1313
1415
1321
1331
1387
1406
1198
1268
1232
1423
1373
1490
1241
1234
1132
1338
1373
1210
1290
971
1286
1335
1144
1322
1431
1398
1363
1287
2762
1199
1383
1217
3341
3236
2109
2363
1389
1200
1259
1201
2406
2169
1121
1485
1600
1559
1648
1507
1859
2831
3119
1844
2516
2388
2879
1135
1160
1478
1243
1436
1333
1417
1311
1247
1108
1190
2737
2560
2715
2691
2534
4166
4432
3113
2969
3139
2937
2878
2772
2904
2896
2739
2704
2338
2658
2832
2389
2751
2499
2093
2499
2382
1722
1398
1565
1241
1400
1347
1288
1345
1334
1031
978
1139
1137
1178
1298
1120
1328
1254
1300
1346
1260
1047
1319
1302
1304
1340
1399
1326
1164
1338
1342
1600
1037
1040
1237
998
1264
983
960
1301
1389
1488
1807
2478
1294
1591
2199
3960
2523
1645
2031
1793
1914
2064
2133
1368
1374
1632
1901
1735
1077
1208
1117
1113
1644
1300
1287
1100
1275
2125
2368
2040
1233
1275
1465
811
2485
1910
1037
885
1187
1252
1017
1129
1126
1003
1296
2595
3202
2969
2923
2553
931
3041
3150
3125
1833
4036
4024
2465
2872
3050
2539
2841
2835
2811
3220
5358
2327
2090
3042
3035
3353
3061
2550
2605
2516
2824
2609
2585
2710
2251
965
2013
2629
2407
1882
2964
2634
1121
1198
1225
2304
1430
1192
2056
1757
1576
1475
933
2100
2528
4020
2902
3142
2775
2758
1816
3009
3261
2912
3016
1629
2490
2801
2331
2394
2341
2344
1718
1663
1682
1245
1282
1353
1289
1230
1419
1214
1084
1375
1265
1113
1328
1157
1413
1248
1217
1307
1761
1149
1287
3001
2961
3039
3251
3987
2971
2807
3104
2832
3029
2851
2536
3064
1070
1895
2456
2148
1853
1961
1594
1629
1998
1337
1267
1254
1138
1260
1304
1179
1131
1297
1172
976
1378
1330
1407
1413
1325
1291
1130
1125
1310
1178
890
1237
1279
1166
1348
1384
1304
1302
1291
1103
1281
1151
1164
1304
3155
1633
3713
3883
2561
2867
3082
1081
914
2552
3159
2692
2966
3224
2925
2618
2555
2817
3576
1600
3029
2573
2923
3272
1134
2510
3148
2677
3113
2538
1640
1833
2124
1579
1473
1380
1335
1278
1241
1267
1205
1269
1268
1254
1162
1253
1131
1273
1305
1197
1241
1293
1412
1317
1147
1197
1294
1272
1250
1250
1268
1335
1252
1246
1286
1252
1238
1256
1250
1274
1237
1272
1311
2036
1573
1329
1278
1414
1310
1250
1268
1117
1326
1281
1145
1017
1492
1611
1190
1956
1763
975
1736
1547
1185
1142
1366
1175
1582
1147
1168
1177
1257
1223
1738
1477
1166
1118
1847
1821
1156
1278
1522
1278
1205
2501
1514
2032
2411
1658
1545
1138
1228
1348
1650
1156
1163
1303
1156
1220
1698
1174
1115
1049
1027
1124
1195
1283
1287
1522
1277
1300
1114
970
1181
1139
1180
1073
1202
1252
1014
1188
1156
1167
1213
3165
2706
1394
1318
1285
1113
2044
2345
1106
1440
1663
1508
1490
1476
1338
1417
1251
1182
1042
968
1178
1239
1129
1215
1279
1324
1111
1279
1455
1138
1824
1129
1185
1233
1336
1164
1391
1430
1369
1356
1368
1014
1387
1327
2481
2869
2822
3261
2076
2815
2961
3035
3261
1357
2220
1936
2177
1878
1617
1652
1463
1194
1273
1103
1174
1179
1349
1150
1357
1256
1383
1481
2843
2679
2663
2655
2514
2897
3136
2967
3847
3195
2506
2400
2955
2933
2554
2894
2786
2881
2571
2982
2621
2625
2911
4003
3042
2507
3075
2943
2675
2996
3610
3191
2842
2363
3135
2899
3089
2989
2634
2581
2596
2950
2994
2983
2563
2476
1976
1831
1850
1201
1370
