370
324
316
385
320
316
383
349
367
347
317
322
362
308
326
312
293
340
308
296
303
288
335
326
341
408
314
313
329
317
321
340
313
344
339
339
338
296
317
344
393
301
336
384
672
693
525
353
361
335
357
338
392
341
313
328
348
352
365
348
349
364
296
317
308
375
367
329
350
338
370
369
366
363
343
307
373
545
419
364
317
344
318
357
333
334
342
369
344
351
363
345
361
338
326
321
380
318
345
328
346
372
323
373
355
333
310
332
340
349
343
357
330
327
317
325
325
647
519
373
336
371
371
386
353
350
302
350
334
356
327
350
374
351
337
351
329
312
362
320
375
343
362
352
346
318
345
364
354
309
353
362
310
338
354
429
383
327
300
305
305
321
356
370
325
373
322
357
360
364
363
322
354
349
345
313
370
353
330
367
343
332
362
322
334
322
328
355
343
363
315
320
357
349
452
321
325
320
410
360
343
335
357
338
326
360
371
364
311
347
328
357
369
340
355
373
359
359
321
333
358
357
356
327
353
343
350
355
371
379
297
349
390
368
365
337
401
358
383
418
434
359
362
576
547
564
528
397
357
418
715
531
457
393
389
500
367
356
355
393
360
362
325
369
299
319
328
321
334
294
317
277
336
321
337
325
289
297
327
321
330
309
376
406
362
393
334
347
347
344
334
314
342
297
330
496
634
472
504
355
313
287
338
317
291
286
303
274
312
329
308
360
346
328
346
340
297
338
331
320
319
335
341
367
344
364
394
311
322
345
344
346
371
316
351
341
334
343
342
341
342
310
336
296
348
346
320
328
348
310
346
310
328
347
347
326
338
348
355
347
365
357
359
301
502
562
439
344
380
338
354
375
389
298
350
340
356
301
298
348
379
351
328
352
373
370
347
323
308
361
354
374
346
356
372
311
368
326
310
356
317
333
357
320
357
339
385
364
360
354
308
335
383
337
357
308
369
387
357
371
322
310
359
366
384
339
403
387
403
379
311
348
369
349
353
384
499
374
380
341
349
370
347
406
335
413
345
325
355
389
347
370
349
355
348
351
357
346
347
352
10784
664
649
666
634
364
407
433
408
515
583
497
425
634
398
371
368
382
362
358
356
353
357
380
368
350
381
364
321
362
389
362
378
360
375
373
388
365
357
360
441
326
596
540
637
447
596
627
625
651
677
672
620
632
624
624
621
612
615
658
681
698
598
677
10951
720
473
621
612
410
391
366
387
401
330
345
350
377
348
359
688
683
692
660
695
410
376
451
624
446
603
433
692
605
384
323
373
365
549
727
518
906
546
367
551
534
621
669
591
592
511
486
410
535
576
360
424
461
397
396
398
367
400
372
373
386
361
383
334
312
342
356
380
357
410
332
362
322
314
377
495
625
699
482
593
598
438
678
573
476
374
410
465
385
668
727
656
666
407
349
333
360
321
337
340
367
358
390
320
337
353
360
367
318
390
685
551
642
632
659
583
563
534
558
578
588
651
361
492
361
511
626
584
607
392
562
547
558
555
681
503
404
583
432
468
570
351
343
395
336
352
351
329
348
361
385
355
334
363
514
616
454
356
636
649
364
372
476
633
632
629
651
643
386
381
319
327
370
381
373
372
369
349
333
339
373
373
592
377
352
349
334
344
359
377
327
356
344
389
347
347
344
364
368
520
646
319
516
355
354
612
350
363
468
361
330
322
370
346
345
370
365
368
382
372
367
368
309
333
351
397
345
352
372
371
313
321
367
392
376
401
337
339
334
387
326
376
345
321
413
600
379
447
379
345
336
454
375
371
375
389
350
384
322
319
326
371
314
321
394
374
356
359
378
332
311
373
328
318
349
324
356
330
323
373
349
321
364
501
503
380
318
365
318
364
314
331
351
362
392
352
342
382
385
361
333
369
355
364
362
383
366
324
367
388
341
342
358
337
357
330
333
350
352
362
367
360
364
344
329
361
365
359
327
346
380
388
351
319
591
358
338
491
562
671
580
431
375
551
637
624
463
669
607
618
607
334
609
634
604
594
681
556
806
674
701
796
693
646
665
585
320
534
550
367
320
459
562
655
589
362
378
516
703
683
652
676
729
631
537
343
311
405
662
476
416
387
421
517
663
659
590
645
632
564
621
507
427
471
997
608
658
664
619
650
572
643
679
662
529
315
313
355
538
373
694
617
663
667
649
616
409
546
433
448
368
422
496
571
655
433
418
658
556
516
520
589
665
533
369
368
437
376
351
358
382
347
324
330
323
360
372
371
382
364
360
371
359
373
360
388
387
341
382
336
389
339
315
330
340
