2431
2413
1201
2892
3219
3611
2072
1734
1614
1950
1914
1555
1342
1740
2050
2235
1965
2259
1943
2550
921
2168
2111
2387
2138
1760
1888
754
730
1085
1248
1181
1189
1064
1104
1294
1016
1022
990
994
1453
1001
1544
2317
2291
2307
2239
2323
2256
2077
2384
2329
1979
2394
2152
2446
2390
2101
2128
1810
1694
1343
1672
2083
2228
2111
2217
2073
1473
2418
1557
2276
1868
2244
2419
742
2137
1984
1875
1637
1683
1894
1385
1247
1104
1035
1161
1180
1123
1061
974
1020
899
995
861
858
1027
887
850
912
988
1088
954
848
985
1024
1028
1077
1071
1015
998
1010
851
925
1035
1035
1004
1072
986
944
1000
891
882
1017
890
941
1048
823
1061
2810
2065
705
881
1474
1610
1398
974
905
1011
766
963
988
1652
1233
628
911
1428
1118
1388
1259
1178
904
812
812
927
771
877
798
877
1093
1091
881
834
975
954
1013
983
1004
971
1421
2141
2034
3677
2601
2441
2250
2212
2178
1930
2027
2307
2010
2388
1847
2040
1750
1385
1498
1299
1191
941
1082
1099
1090
991
1033
911
938
1038
1003
912
1045
906
1011
986
974
983
914
1013
1011
2521
1870
1885
1980
2023
2235
2135
2278
2270
2124
2216
2125
2237
2481
2203
2041
2147
1889
1842
1766
1930
1447
1487
1361
1370
1081
1167
851
909
996
1770
2425
1743
863
1096
989
883
878
952
944
897
1152
2565
2177
2373
1826
1902
1981
1511
2013
1984
1798
2516
910
1747
3758
1952
2745
1478
1634
1073
2088
1595
2170
2079
2174
1489
1590
1497
1447
1195
797
1031
909
980
1032
951
1005
930
903
1006
975
1087
933
1214
4126
3061
2248
2247
2277
2330
2418
2190
1988
2226
2413
3184
2194
2453
2192
2310
2664
1484
1478
1554
1515
1583
1637
1948
2308
2541
1983
2885
3133
1481
2048
1852
1846
675
1065
834
903
793
903
1018
1042
862
999
898
772
1029
1055
1018
904
998
1035
862
978
957
986
949
962
884
1344
2471
2015
2187
2216
2047
2287
2393
2531
2320
1420
2154
2129
2027
1086
2078
3250
2539
1922
3077
1018
1626
2531
2353
2259
1077
756
1361
1464
1370
1198
1113
1302
1047
1074
1073
1119
2705
2558
2396
1942
1964
2075
2210
2261
1986
2178
2204
2177
2143
1501
769
1290
1715
1694
1415
1466
1325
1433
1093
1082
1150
896
1022
989
1112
1044
977
922
919
967
995
989
859
1010
948
958
971
890
1020
985
885
991
1000
956
907
1010
1017
1070
1536
1833
1315
888
1103
1016
1047
1021
1024
1004
969
1029
1110
737
893
940
980
964
1066
935
914
1087
950
930
977
902
978
1073
911
973
872
927
1009
1010
1006
1007
948
1061
903
1037
928
1212
992
990
2210
2077
2128
1671
2281
2142
872
2104
2220
2345
2096
2276
2175
1245
1950
1951
1328
1456
1483
1472
1114
1353
3262
3096
2972
1959
2356
2797
2138
2185
2321
2383
1607
1468
1359
1096
1172
1073
1192
1123
1041
856
1053
981
801
1021
906
990
979
907
1008
981
994
960
1116
1087
1015
2059
1209
969
1000
972
1040
974
847
986
1177
2247
2198
2338
2052
2021
2071
1989
2229
2323
2033
2016
2243
2027
1661
1745
1457
1611
1348
1320
1160
1081
1029
982
893
872
938
892
985
872
1088
1127
1057
959
1063
919
1075
868
953
985
906
921
901
1006
990
1455
1091
1060
1794
1014
1023
989
912
1020
1024
881
876
1030
1030
915
877
1422
1015
1000
958
996
1075
915
854
997
1045
1003
1103
1765
1635
1030
939
1034
1011
1074
887
1010
969
1082
1009
1697
1719
1039
989
926
1002
1098
972
1063
1018
910
1005
1056
953
953
1374
1500
2904
3356
2226
2238
2224
2074
1979
903
1008
654
2176
1177
872
1015
1046
1103
2394
2117
1270
826
667
1703
2161
2005
2037
1993
2032
1996
2226
2352
2304
2046
2116
1748
1251
1062
1226
1199
1129
1257
1267
1057
1020
915
925
1011
924
1024
803
964
1051
1018
861
978
1079
991
1010
991
914
1206
1888
1205
670
860
897
934
869
886
963
1014
939
999
1002
860
1062
987
1396
1553
1069
994
919
1003
927
927
999
920
855
913
935
1039
704
1966
2373
2226
2233
2112
2369
2147
2348
1938
2179
2196
1892
2258
2258
2208
2080
2035
2078
2240
2147
2031
1914
865
1985
2267
1939
993
1303
2112
2274
1495
1595
2090
2126
2001
1024
1774
2451
1652
968
1301
1322
1243
2275
1746
2352
1625
2505
863
2328
3013
1436
1811
1398
1267
1066
1514
2754
2442
2368
2401
2436
2689
2122
1980
2455
2224
2314
2488
1946
1712
1835
1490
1886
1738
1489
1221
1298
1211
1087
956
1021
896
924
875
1060
924
925
940
1005
984
1098
1018
930
1029
1009
969
1011
1073
1024
1031
921
1050
1080
858
884
1126
991
872
903
1030
994
903
1066
1102
971
965
1090
933
863
1063
1047
973
892
860
939
1007
1018
935
1000
882
1025
1014
954
970
917
676
983
895
864
867
941
980
867
973
892
1028
859
1065
1125
1148
1538
1066
952
842
1001
1014
964
1067
983
846
927
980
1035
1066
970
1055
1045
949
1005
979
1070
870
985
1046
1010
996
1001
1044
1055
1008
872
1116
1077
999
995
1026
894
975
1046
929
1007
1031
1343
1526
1018
2256
1760
2617
2796
1638
1219
930
799
1039
986
986
1039
999
941
1010
996
852
866
1300
2390
2101
2191
963
1632
3929
2367
2180
2233
2001
2772
767
1005
1758
1664
1684
1325
1317
1318
1243
1048
1303
881
1019
1024
1020
1312
1178
1185
1351
798
895
1032
984
953
940
1054
1032
1000
914
