104
67
70
71
68
73
59
65
67
65
69
60
68
65
64
58
68
62
62
65
62
69
63
60
71
58
64
78
67
68
60
65
66
65
59
65
68
67
68
70
64
60
66
67
67
66
67
66
68
65
64
63
64
64
66
64
66
60
67
66
70
68
62
65
64
64
66
63
67
67
57
68
61
67
65
66
64
61
64
61
58
63
65
60
60
67
61
64
65
66
64
63
65
62
67
67
67
59
63
67
65
70
64
68
67
71
68
69
71
70
60
68
70
64
69
66
62
67
65
67
60
60
66
65
72
67
68
70
67
65
63
71
70
61
71
67
71
65
67
63
70
61
66
67
68
62
106
109
126
125
105
64
68
69
66
61
69
62
62
69
67
64
60
65
60
66
64
72
68
62
65
72
68
69
62
68
71
67
67
67
68
73
60
67
71
71
70
63
70
64
62
71
66
74
71
62
62
68
69
69
69
70
75
63
73
71
69
72
72
69
72
62
66
68
65
61
67
66
73
72
69
64
69
68
64
67
64
63
71
72
71
70
72
65
70
71
65
65
70
68
77
69
72
71
64
68
70
63
72
63
66
71
62
65
70
70
69
76
65
71
72
72
70
75
63
64
66
69
70
72
72
72
68
72
74
68
65
72
70
72
69
65
70
71
68
71
72
66
68
70
73
66
75
65
63
68
65
71
70
66
74
62
72
70
67
66
72
69
67
69
68
71
67
72
74
73
68
156
70
68
72
76
76
67
86
74
70
72
78
78
75
92
79
80
78
65
62
76
93
75
75
82
75
71
67
78
80
77
69
85
83
72
77
77
73
75
78
69
83
111
84
83
75
74
70
73
79
70
75
113
138
106
96
96
111
86
107
115
97
102
71
67
68
105
92
119
77
82
107
75
70
78
73
71
74
87
119
142
90
72
73
73
83
83
87
76
96
73
72
133
72
100
67
75
78
65
88
105
112
73
67
75
73
73
69
78
74
71
74
68
73
74
75
75
68
74
68
73
69
69
70
71
73
69
74
75
67
69
77
78
77
78
84
74
68
75
69
80
68
78
68
80
66
75
74
64
66
64
63
67
66
58
63
68
59
64
61
62
69
64
66
66
69
65
59
58
67
67
68
66
67
59
64
71
72
68
66
61
61
66
67
69
64
67
60
64
72
69
66
66
58
61
69
71
72
73
69
68
66
66
61
72
66
65
72
69
68
70
69
67
65
67
67
64
64
69
60
69
61
69
62
67
63
75
62
67
70
66
64
66
63
72
70
69
63
64
71
66
69
73
72
73
124
71
66
76
79
120
137
117
137
78
78
72
76
75
70
70
67
68
69
63
69
71
69
70
70
70
71
74
68
72
74
72
67
68
70
64
67
87
71
73
71
72
70
66
75
74
67
64
74
72
76
67
69
64
65
72
71
66
69
66
69
69
76
65
70
73
68
70
68
74
74
65
68
72
62
76
68
65
67
71
62
74
66
73
65
64
63
70
67
66
63
71
62
69
75
61
65
69
69
74
65
61
66
66
73
73
66
69
71
74
67
68
69
65
68
62
74
72
63
68
72
72
70
72
68
68
65
72
69
74
71
67
64
73
70
78
67
77
67
69
67
77
70
73
68
69
75
72
69
71
72
63
73
72
70
66
71
63
64
72
74
66
71
71
64
64
71
65
71
72
70
65
69
68
70
69
73
149
152
117
92
73
72
83
80
137
77
73
77
75
77
75
72
67
69
82
73
73
74
76
68
73
71
68
75
76
70
68
82
74
77
78
74
67
79
72
74
70
72
73
71
66
69
62
61
67
65
66
71
66
58
59
64
67
63
64
61
64
67
64
63
59
61
65
68
73
62
66
63
67
66
62
68
65
64
63
62
64
67
66
60
62
65
68
61
61
69
64
67
66
66
64
58
65
67
66
60
62
68
64
63
70
67
62
63
65
64
62
60
69
66
67
64
67
63
65
67
59
68
65
62
64
62
60
58
63
60
64
63
88
59
59
68
60
66
65
67
65
68
64
64
64
64
58
60
66
67
70
69
69
66
61
66
70
70
70
66
63
60
69
66
66
66
67
67
71
69
63
65
67
68
64
66
69
64
80
78
83
106
87
76
72
60
62
70
66
67
65
66
69
63
63
63
72
70
66
67
67
67
70
70
64
66
63
66
69
67
66
70
67
72
78
63
64
71
65
68
67
64
67
69
67
70
62
60
67
63
62
63
61
72
67
62
65
69
60
61
62
66
70
70
68
70
68
69
66
64
67
71
61
70
75
72
63
72
64
67
69
