1367
2332
1776
2880
1327
1401
1922
2759
3003
1857
1034
3341
1722
3438
3151
1195
1959
2076
2460
3426
2719
2273
1341
1517
1687
1820
1365
1452
1571
1511
1556
1427
1546
1483
1372
1602
1706
3724
3505
3613
2413
1135
1362
1678
2113
1756
1667
2093
1213
1754
1280
2021
2972
3442
3887
2321
2232
3193
2564
2738
2119
2497
2493
2275
5631
4155
3818
3632
3648
2656
1775
1514
2196
2079
1932
1675
1542
1524
1565
1280
1536
1482
1253
1553
1556
1544
1443
3063
3845
3513
3858
3191
3745
3675
2990
1931
3312
3534
2924
3342
3275
4147
3150
4173
2366
1404
1583
1380
1432
1857
1306
1382
1486
1364
1485
1269
1514
1539
1678
1112
1580
1438
1685
1449
1574
1649
1357
2153
2783
3731
1331
1458
1420
1316
1372
1528
1342
2108
3578
3619
3549
2460
1811
3004
2701
2608
2244
2569
1414
1451
1335
1362
1400
1475
1352
1484
1502
2096
1882
2123
1942
1602
1404
1562
2104
2037
1519
2664
1790
2330
2333
1915
2164
4018
3669
3169
3747
2879
3508
3223
2976
3395
3048
2413
2388
3032
2465
2257
3932
3747
3269
2507
1178
1338
1517
1831
1349
1197
1385
1684
2265
2204
2157
1509
1009
3978
3777
3299
3061
3102
3417
1304
1267
1249
1228
1278
1160
1418
1797
1326
1473
1408
1463
1328
1422
1570
2065
2007
1671
2352
2569
2104
2441
1973
1370
1312
1140
1302
1278
1545
1279
1579
1616
1631
1918
1181
3606
3638
3073
2837
1119
1446
1838
1914
1475
1346
1362
1393
1386
1142
1436
1345
1516
1511
1513
1332
1499
1583
1550
1328
1574
1540
1464
1485
1277
1504
1471
1591
1142
1372
1478
1488
1479
1341
1460
1442
1471
1430
1421
1181
1505
1484
1437
1550
1444
1171
1232
1112
1580
1825
1455
1867
1669
1209
1191
1179
1256
1319
1484
1814
1559
1751
1891
1208
2042
1175
1256
1300
1480
1516
1650
1662
1757
1518
1140
1418
1510
1459
1643
1395
1360
1521
2028
1253
1497
1391
1259
1296
1553
1595
1651
1390
1607
2136
1813
2136
2022
2054
1927
1508
1224
1292
1421
1439
1320
1330
1549
1476
1415
1528
1325
1862
1806
1508
1322
1543
1467
1391
1335
1418
1599
1400
1356
1631
1100
1425
1460
1566
1537
1457
1553
1278
1506
1455
1361
1658
1510
1350
1318
1551
1425
1433
1549
1608
1523
1344
1289
1379
1486
1662
2139
1795
1486
1495
1385
1291
1517
1376
1305
1640
1538
1582
1294
1387
1454
1480
1511
1456
1372
2236
1752
1550
1452
1645
1283
1494
1313
1481
1553
1655
1626
1498
1369
1507
1644
2472
1623
2255
1592
1601
2096
2182
2035
1438
1339
1392
1419
1285
1318
1640
1565
1506
1930
1342
1427
1426
1321
1504
1625
1427
1366
1925
1464
1432
1431
1323
1311
1350
1592
1525
1282
1665
1376
1227
1272
1333
1371
1390
1502
1510
1355
1307
1640
3641
3318
3426
3496
2469
1029
2521
3420
3065
2726
2803
2759
3459
3366
3112
2633
2073
2539
2162
1560
1871
1651
1480
1964
3477
3277
3310
1530
2324
2853
2860
3365
2782
3139
2152
2187
2145
1438
1491
1649
2118
1596
1430
1512
1449
1599
1602
1545
1645
1392
1680
1293
1641
1567
1462
1174
2927
3211
2910
2276
2540
3489
3826
3446
2102
1364
2364
3496
1365
1535
2295
1733
1820
1828
2551
2743
2153
2447
2221
1771
1406
1550
1204
1215
1897
2115
2282
2271
1331
1308
1243
942
1516
1603
1624
1163
1604
1642
1176
1514
1583
1569
1365
1528
1302
1606
1423
1357
1284
1122
2961
3377
3618
3012
2390
3072
2820
2642
2388
1566
1607
1495
1548
1512
1292
1351
1385
1313
2491
1870
1325
1575
1622
1355
1401
1332
1491
1428
1187
1483
1431
1163
1616
1583
1338
1369
1588
1824
1915
1463
1474
1520
1323
1306
1499
1685
1343
1328
1161
1219
1560
1673
1581
1194
1299
1263
1643
3107
3446
2516
1498
1301
2587
2068
2589
1840
1817
1952
1326
1488
1394
1502
1321
1556
1353
1660
1038
2867
1088
1970
1879
2165
1545
1731
3422
2165
3935
3411
3461
2814
3922
2100
2097
2143
1760
1273
1921
1871
1256
1645
1140
1378
1494
1612
1397
1593
1418
1241
1735
1487
1937
1686
1495
1876
1696
1718
2264
1884
1428
1490
1211
2034
1813
2241
1929
1508
1283
1633
1946
1318
1460
1599
1479
1473
1862
1344
1503
1383
1700
1679
1568
1702
1344
1359
1306
1240
1576
1299
1396
1349
1372
1249
1508
1810
2541
1946
1483
1221
1353
1433
1483
1263
1675
1346
1582
1526
1430
1537
1552
1614
1441
1555
1260
1399
1646
1866
1241
1339
1273
1438
1397
1889
2758
2059
2614
2919
2600
3565
2748
1135
2595
3305
3361
3562
2235
2471
3012
2898
3409
3217
3000
3261
2954
2439
3041
1864
1160
1914
2655
3591
2942
1184
2400
3137
2666
2774
2988
3476
3654
3779
3223
1926
3752
3197
3738
2574
2919
1260
1794
1903
1881
1647
2809
6169
3838
2991
1323
1364
1489
1548
1309
1163
1323
1348
1516
3319
2980
1298
1806
1589
1125
1478
1481
2335
3192
2124
2310
1355
2468
3355
3603
3247
2142
2740
2475
2640
2097
2044
2120
1737
1697
2478
2620
2682
5392
3508
3419
3706
3363
1952
2217
2018
2112
1700
1616
1449
2820
2562
2931
3622
2788
1830
3483
3425
3015
2789
2436
2697
3552
2954
3569
2245
2316
2064
2396
1620
1817
1563
1474
1416
1272
1250
1413
1454
1377
1550
1399
1407
1381
2162
2632
3746
3941
2380
1503
1579
1130
1314
1353
2732
2597
2722
1938
2329
1397
1613
1424
1401
1305
1549
1480
4306
4241
3382
3257
3190
2170
1057
3028
3726
3148
3616
3552
3375
3068
3209
3284
2594
2816
2070
1941
1834
1615
1352
1295
1368
1277
1612
1391
1283
1417
1517
1365
1539
1536
1239
1475
1352
1476
1424
1352
1444
1467
1751
1949
1630
1471
1552
1505
1445
1520
1626
1515
1328
1383
1126
1486
1630
1500
1523
1535
1655
1531
1636
1451
1207
1565
