1010
1005
1043
871
989
733
904
849
921
1456
1755
1539
1448
1322
1504
1410
1150
1275
788
963
728
838
1058
957
1032
1025
991
1060
1027
1077
1036
922
1226
1533
1405
1332
1309
1311
728
979
966
1095
900
1051
1133
896
1344
1109
1582
1597
2499
2266
2312
1819
764
1372
1641
872
946
990
1073
1097
1102
1020
1152
1055
747
829
893
979
1106
974
839
894
1044
1141
1003
923
995
1002
1269
1540
1976
2679
834
1308
2311
2380
1985
2103
2234
2008
2324
2412
2292
1605
2318
2040
1574
1511
3540
1141
1069
2904
2266
1281
2236
2830
3795
1344
901
1502
1373
1332
1674
2405
2840
2048
1526
1161
970
1026
876
1187
690
1052
840
967
924
1262
1384
1529
1124
978
1078
847
1287
1160
1043
1367
1263
1351
1328
1031
1169
1249
1109
1026
1064
1196
925
1042
1008
991
905
987
988
1016
1071
947
1014
1048
983
1366
1916
1220
1124
1017
941
1096
1058
1114
908
1066
1150
965
879
745
1383
976
910
1097
1085
1151
996
962
1108
1051
1025
1046
888
751
803
933
896
1001
1060
905
893
1032
911
980
1045
902
1151
845
877
995
1004
1064
1043
1105
1088
1013
990
1038
1112
1114
1472
1015
1004
959
1001
1009
869
2089
1316
844
1097
1154
1225
920
868
892
1013
1083
1076
1006
1127
965
1038
1044
960
917
1024
780
984
994
1043
984
998
991
1047
1003
996
1008
918
1002
931
1055
791
880
1011
1034
1046
950
932
1000
1010
1014
995
1011
909
997
896
865
1144
1116
861
1127
1751
2203
2861
2216
2365
2108
2391
2973
1382
2128
2116
2457
2527
2049
1401
1560
2385
2568
2386
2312
2398
2444
2230
2154
2377
2204
1950
2666
2130
1966
1761
1675
2482
2437
2170
1720
2104
2416
1801
1656
2209
2119
1518
1540
1441
1151
1294
1138
1241
1044
1053
1004
1048
1004
1072
878
883
991
898
993
990
1043
880
879
1107
1035
978
1084
933
1024
1067
963
1046
1038
913
1131
949
1019
1059
900
1025
1179
1041
900
1030
974
1095
992
1101
886
1031
1108
1088
1037
1114
1105
1026
920
1047
1030
1326
832
1027
1046
1006
1027
891
1022
1070
825
1034
1044
1076
932
1118
1024
914
1102
1044
1061
905
1074
1114
800
1970
1853
1985
1692
809
1280
2234
2013
1368
1149
1239
1168
1342
1059
1169
1082
1031
1022
749
1396
1584
1766
1380
1432
1553
1699
2395
2841
2225
2433
2350
2570
945
805
2253
2356
2372
2104
2404
2710
2509
2011
2128
2292
2316
2566
2134
2214
2352
2095
2322
2382
2917
1693
1916
1133
1414
1029
1126
1214
1143
1102
961
996
921
894
921
923
1010
1069
1003
1060
1105
1078
899
1158
847
1024
1101
1077
1056
950
903
1002
930
1003
1002
992
1011
914
939
912
876
1028
900
903
1009
918
947
1030
1010
878
1078
1029
1015
743
1127
1008
1028
1018
994
866
1099
1053
1029
983
998
867
1011
1004
1074
1025
1127
884
945
957
1049
1013
1015
1108
1022
970
974
883
1015
1068
883
983
964
1018
1071
928
987
874
964
883
1016
996
992
1009
996
907
1093
1110
948
1036
997
1022
1089
961
1013
1424
1482
1063
1004
1749
1038
1410
1088
1358
1993
2101
1354
1685
882
1574
1487
2003
915
823
1360
1499
1307
1070
1068
1070
1186
1028
962
1260
2242
2522
2109
1809
2270
2403
1549
857
845
905
901
879
1031
895
991
1002
1030
934
997
1132
1072
958
1091
875
1006
1038
1008
1078
1104
992
1109
962
987
1013
995
1089
1045
1331
836
992
955
1021
875
1038
1074
977
1035
934
878
1087
718
983
1042
1065
1007
978
1006
928
892
917
1080
1000
1064
894
812
879
942
877
1019
886
891
920
980
1075
946
995
984
913
1094
825
929
1106
943
999
1057
1015
1048
929
1256
1712
2586
1424
2114
2366
2077
1675
2289
2248
1807
2079
2481
2002
2283
2409
2068
2099
2410
2360
2037
1932
1427
1125
1778
1882
1015
1049
1052
963
985
1040
911
1016
1110
1143
864
1240
871
1003
876
1098
1326
1524
1705
1069
1243
1102
1221
1283
1569
2075
1160
1385
2101
801
775
1660
1791
2319
2013
2163
2111
1797
2528
2292
2169
2275
2199
2281
1988
2008
2204
2157
1939
2324
1200
834
1140
1083
1269
947
1103
943
1013
1017
1017
1065
945
884
1040
1718
2238
2429
2015
1310
1026
871
1011
984
985
1407
936
1378
1268
1436
1489
1375
1028
1228
976
1214
1185
911
1007
944
945
1030
970
1041
961
1054
933
999
1060
1039
1046
1220
883
1202
845
978
939
1022
1012
1037
1028
1021
1125
1052
1024
820
1006
1050
996
1045
934
1055
1030
1096
936
1004
888
946
897
905
760
1021
1012
994
938
1116
1033
873
1017
1086
1036
877
1161
1003
836
1198
1186
1244
1034
1234
936
1026
1029
884
1119
1067
925
814
1065
1202
1165
1503
1262
1069
1113
1153
1093
966
973
966
895
1002
1080
1056
1206
1282
2981
2375
2182
1422
941
1044
931
1136
1318
1209
947
858
947
887
741
781
894
1776
2308
2315
2631
1049
2020
2307
2549
2395
2112
3929
3443
1949
1721
1761
1645
1402
1597
1300
1305
952
1053
1044
926
943
981
1029
966
940
1065
1040
1002
1022
1016
897
1001
1634
1253
1031
896
867
1037
1075
1056
1165
1121
1044
1003
921
896
920
889
1004
1008
1018
1002
1022
1248
1221
2338
2213
2271
2299
2361
1638
1972
2139
2313
2265
2304
2594
2320
2156
2298
2139
2187
1856
2266
2413
2181
2519
2002
2449
2033
1866
1722
1513
1371
1136
1201
1055
1118
1170
1219
2091
1398
1170
1389
1808
