162
171
154
145
178
201
183
175
152
173
169
155
164
165
150
162
163
156
165
161
168
158
149
160
163
162
175
164
164
170
167
167
165
153
159
159
171
171
160
156
154
153
173
184
184
163
168
176
180
178
181
155
174
165
171
170
163
150
169
183
159
160
177
168
165
171
174
160
177
172
180
177
181
180
174
173
188
171
169
198
160
177
199
185
176
186
176
158
182
184
180
170
182
189
182
163
181
177
190
165
180
158
175
181
174
159
187
175
159
165
177
182
164
185
174
179
177
156
172
164
181
162
182
176
184
175
187
179
170
179
179
178
172
167
155
158
184
174
181
182
183
182
179
181
178
177
177
168
168
204
166
197
188
193
237
202
193
192
215
180
172
191
285
199
201
188
210
259
441
200
203
189
202
181
246
199
178
268
181
219
195
207
268
248
264
259
232
262
233
220
314
252
205
194
172
193
199
191
183
193
190
202
173
205
190
173
184
204
196
207
188
179
172
166
149
206
183
183
171
166
164
163
173
175
173
167
149
161
167
173
169
172
175
168
163
167
154
162
151
172
179
168
157
165
158
196
237
260
197
206
215
218
170
182
180
161
175
151
164
178
182
169
169
183
173
176
187
158
161
176
165
179
186
178
156
169
171
166
174
183
176
166
174
186
161
157
178
170
168
179
179
175
184
173
159
167
193
189
187
160
175
178
187
167
181
190
193
158
188
181
185
188
191
161
162
179
181
321
306
208
181
179
198
177
178
184
194
165
181
179
185
183
183
165
181
177
180
180
181
174
192
194
172
177
179
190
171
171
172
179
183
180
181
160
191
188
182
175
178
170
162
182
162
173
171
179
161
183
176
173
168
185
183
184
166
161
161
166
183
160
173
178
194
169
168
184
179
174
171
182
290
193
236
203
199
200
191
206
194
193
174
162
171
188
207
170
177
175
195
198
186
181
178
182
183
184
193
190
177
175
202
192
173
179
193
178
197
194
185
169
183
167
191
171
192
170
175
182
163
195
167
187
186
184
190
186
169
178
181
180
184
185
197
186
195
195
176
181
196
189
192
169
181
179
169
180
199
211
211
164
183
175
178
182
174
196
194
188
178
185
187
161
196
165
187
183
185
190
185
186
192
191
202
202
205
186
168
165
198
166
189
184
187
195
167
188
178
193
182
175
186
164
195
172
188
167
190
186
183
195
173
177
183
170
188
183
197
203
290
191
173
189
181
179
190
174
190
190
174
169
186
182
185
174
175
195
185
176
182
190
333
310
287
248
192
203
243
240
187
290
189
168
176
197
183
180
179
184
188
188
180
160
253
186
191
183
173
159
161
158
182
178
164
179
180
180
189
173
188
185
174
190
194
162
168
184
167
181
189
172
177
183
186
191
191
185
190
200
203
184
173
187
185
194
198
191
167
196
202
191
171
183
187
176
184
180
182
193
189
180
182
181
175
180
184
201
167
186
170
193
186
173
188
171
191
177
174
191
190
174
182
162
185
184
182
188
191
194
189
188
198
183
183
197
184
166
166
182
173
183
195
185
168
182
164
184
182
169
193
160
183
170
166
176
225
188
189
182
201
189
191
182
205
191
196
170
203
179
189
195
187
193
166
176
191
189
188
186
182
185
191
189
186
192
180
179
174
166
187
181
190
180
181
198
188
182
207
198
199
177
201
186
183
169
187
191
162
177
191
198
193
197
198
202
173
176
211
161
169
198
200
193
192
234
211
202
196
184
188
200
172
188
178
184
181
172
178
175
202
203
191
182
183
175
182
163
183
182
191
192
197
169
185
167
164
178
174
164
173
174
173
182
173
195
176
176
193
174
185
186
170
178
163
183
200
182
175
171
188
176
170
183
171
175
184
184
176
164
197
178
170
178
187
221
194
180
162
182
186
189
183
183
177
174
181
191
181
181
186
163
183
186
189
193
189
187
175
174
186
193
196
197
194
184
174
165
191
168
179
169
179
185
181
166
195
189
166
190
174
183
162
200
185
192
167
170
194
193
192
191
184
199
185
179
172
188
183
164
183
200
184
175
190
192
196
165
699
211
184
166
202
190
210
180
191
169
190
200
185
165
203
168
212
162
192
205
191
188
197
192
198
167
181
198
201
190
189
173
200
169
191
204
198
210
195
193
179
217
182
193
186
197
171
171
191
166
200
189
188
173
165
196
169
201
186
190
188
180
190
171
180
164
187
185
203
199
198
161
192
179
197
163
207
165
192
170
190
188
192
185
183
201
188
211
179
170
192
188
196
206
165
197
201
211
204
173
198
164
182
196
