554
608
537
604
610
619
1758
1615
1852
1716
985
984
1039
933
766
752
833
772
809
697
754
649
655
607
565
560
632
619
643
523
516
584
542
529
531
598
600
587
602
611
607
725
524
528
574
600
552
663
544
547
591
604
628
605
618
600
587
605
614
525
543
528
627
593
656
516
649
591
530
568
601
597
546
580
652
549
571
519
578
581
583
546
636
601
595
634
525
651
1025
1044
836
522
596
632
536
583
550
534
527
613
647
590
615
650
526
608
588
581
526
616
538
463
489
520
605
588
590
575
623
633
636
526
562
595
611
518
605
571
586
627
625
571
593
637
517
499
398
533
590
615
512
587
628
653
615
575
594
623
597
635
553
566
564
577
608
620
592
742
680
652
806
655
781
714
665
676
953
695
792
1409
2194
1326
626
578
981
615
676
1242
1416
1519
1568
1966
466
1242
1615
1207
1288
1644
1267
1465
1268
1086
543
499
524
583
478
546
1249
1184
1337
1189
1380
1260
1362
1292
765
1128
1019
1084
1175
1205
1315
1467
1524
1329
1337
1719
2353
2409
1454
1118
1131
1304
1289
1392
1729
1281
559
921
967
1032
1093
1095
967
795
782
839
849
787
807
1630
1327
1304
1236
1422
1166
1364
1253
1411
1227
548
785
1326
532
927
1222
1177
1321
1212
1363
1314
1346
1487
779
1171
1406
1313
1296
1072
1184
1207
1183
965
901
1127
1004
951
868
721
650
564
665
644
602
689
634
645
628
592
567
659
669
635
523
617
556
531
571
534
605
568
518
641
611
620
565
626
517
549
641
532
590
510
618
637
612
618
656
519
475
515
424
517
554
529
600
545
594
641
598
587
589
559
608
542
527
630
607
608
609
589
600
635
505
525
617
573
599
525
604
548
521
606
528
644
596
548
605
557
598
524
593
519
595
519
638
1193
771
2128
1493
660
690
734
822
719
776
702
979
539
688
611
632
443
399
521
596
529
518
562
605
606
602
516
518
575
664
591
604
594
682
1457
1302
1488
2335
1833
1214
1379
1587
1542
2208
1372
1540
819
1113
1363
1490
1178
1378
1060
537
484
524
421
748
1422
1321
1370
1179
1403
1440
1447
1380
1417
1536
507
456
505
392
558
600
610
710
754
749
662
714
772
696
592
610
596
551
612
727
715
469
850
706
670
430
609
625
579
525
620
623
617
607
532
609
617
592
526
604
614
558
827
862
916
580
614
540
621
557
562
605
646
625
603
527
574
592
614
588
596
569
581
619
836
587
656
589
642
547
557
513
538
577
601
578
591
589
522
607
527
556
581
516
608
589
561
592
442
526
586
559
527
618
579
568
527
590
556
585
568
591
580
593
630
606
648
442
620
639
616
625
475
457
531
593
612
596
621
592
597
592
593
532
618
623
596
595
612
610
522
622
584
584
545
607
956
868
937
581
553
589
581
529
525
593
631
519
641
604
519
631
559
619
558
529
588
599
653
442
450
593
605
586
569
544
595
559
525
626
604
555
533
531
623
518
588
528
561
599
610
741
680
652
565
589
563
603
598
597
576
578
579
589
553
578
595
629
593
568
576
598
557
517
591
795
827
701
770
707
631
664
761
695
712
676
985
619
582
1010
817
673
574
731
1008
1859
529
451
427
1411
1218
1242
1479
1098
925
1161
1395
1435
1233
1158
1192
1212
966
1025
1178
914
694
842
1352
1266
1501
1539
1467
1315
1413
1448
1492
1144
1181
1233
1257
1241
1148
1166
968
1161
1000
898
704
693
618
671
700
642
596
592
513
583
610
521
649
517
551
610
611
580
522
523
602
616
687
558
433
504
603
603
560
508
612
591
618
641
525
535
523
594
603
593
615
546
584
565
621
614
565
385
555
604
460
536
880
1185
1117
1395
1432
1224
1345
1279
1373
1332
1340
1298
1279
1239
1297
1385
1225
1328
1294
1340
1145
1389
1330
1321
1235
1150
1088
1084
1038
1018
1103
1138
541
1395
378
767
771
873
1377
1425
1413
1394
1263
1900
2215
656
494
414
566
1359
1355
1427
1134
1116
1109
976
814
854
923
858
843
870
690
622
637
698
629
606
716
598
593
611
622
642
533
550
575
626
569
617
518
601
556
550
610
588
582
521
603
591
577
588
586
570
599
578
588
794
972
911
1091
1534
1743
675
628
611
712
609
655
575
646
674
540
647
557
558
591
513
609
545
463
615
604
818
1552
1712
1307
2136
1375
1440
1286
1457
1168
1452
1316
1348
1299
643
456
887
1105
1038
1253
1005
1129
1079
1203
1048
1059
988
988
826
839
729
703
736
702
707
613
662
650
597
554
579
599
522
600
630
648
575
590
544
636
660
450
406
598
581
587
613
580
600
580
548
633
578
519
551
638
560
542
593
597
522
645
585
616
632
521
509
559
545
587
594
552
574
513
587
583
559
523
776
994
741
526
559
544
628
635
648
862
603
688
661
543
611
661
605
635
558
462
558
595
684
593
522
579
589
650
642
597
554
532
555
423
