1346
1625
1546
1551
1707
1577
1557
1420
1406
2296
2451
1634
1357
1662
1291
1522
1190
1494
1417
1386
2779
2804
1357
1099
1531
1681
1741
1667
1646
1506
1156
1510
1162
1408
1140
1352
1339
1058
1237
1395
1238
1237
1335
1196
1087
1157
1110
1457
1170
1360
1421
1282
1455
1320
1572
4499
2944
3357
3185
2312
1063
3292
3233
3079
2995
2095
2859
2254
2103
1845
3583
3288
2992
3122
3182
5068
3624
3499
3172
5223
3450
3026
2020
2005
1512
1835
1632
1569
1544
1199
1428
1242
1453
1410
1014
1144
1500
1255
1518
1417
1545
1321
1433
1474
1561
1342
1266
1335
1284
1469
1253
1378
1317
1486
1292
1429
1239
1270
1446
1200
1455
1226
1349
2865
3152
3148
2696
1176
1675
1895
2749
1449
1249
1272
1447
1269
2137
2541
2618
2434
2362
2063
2207
1907
1856
1599
1535
1346
1404
1520
1507
1253
1585
1528
1517
1530
1531
1267
1285
1440
1511
1401
1463
1435
1262
1277
1500
1568
1496
1537
1458
1574
1315
2245
2366
3286
3093
2870
3475
3906
3175
3293
2955
2985
3340
3116
2685
2246
2454
2353
2788
2300
2363
2415
1282
1449
1400
2193
1489
1437
1342
1233
1737
1569
1516
1290
1266
1526
1376
1260
1282
1584
3320
1320
1553
1220
1298
1322
1121
1260
1193
1457
1430
1384
1464
1091
1334
1882
1763
1691
1536
1356
1541
1480
1428
1613
1230
1944
3126
3216
2801
3254
2067
3467
3275
3437
2434
2280
2198
2292
1787
1470
1756
1663
1674
1973
3381
3273
2789
3098
3023
3184
2889
3603
2662
1669
2180
2331
1730
1735
1610
1592
1472
1470
1093
1262
1201
1420
1419
1486
1390
1410
1530
1534
1152
1304
1233
1421
1315
1413
1310
1409
1509
1518
1395
1377
1626
1567
1285
1480
1447
1559
1602
1505
985
1576
1323
1470
1505
1249
1468
1582
1466
1466
1734
1273
1307
1488
1362
1561
1434
1328
1456
1397
1158
1445
1200
1203
1476
1349
1306
1366
1359
1434
1318
1583
1548
1709
1613
1618
1861
3299
2827
3346
2935
1282
2066
2371
2246
1908
1808
1746
1472
1146
1514
1400
1431
1410
1321
1270
1430
1415
1120
1335
1372
1452
1441
1515
1493
1354
1443
1468
1232
1601
1450
1127
1532
1465
1230
1360
1475
1341
1519
1489
1457
1141
1444
1335
1412
1423
1253
1513
1304
1255
1451
1262
1316
1541
1461
1581
1332
1490
1478
1366
1343
1543
1444
1227
1330
1262
1236
1517
1319
1454
1540
1413
1465
2204
1437
1451
1572
1411
1305
1212
1500
1245
1755
1959
1629
1317
1361
1414
1399
1472
1418
2101
1842
1703
1489
1303
1448
1238
1479
1498
1208
1119
1264
1562
1237
1429
1416
1253
1405
1257
1450
1433
1241
1575
1278
1379
1232
1345
1319
1093
3244
3160
3195
1190
1489
1271
2621
1570
1530
1475
1448
1271
1376
1251
1484
2891
2518
2261
2347
1976
1758
1734
1587
1857
1898
2110
1898
1760
1915
1387
2187
2294
2699
1976
1851
1386
1990
1484
1683
1615
1745
1548
1481
1315
1292
1919
2410
2166
2760
1942
2471
2736
2154
3037
3046
2569
2770
2410
1962
2218
2092
1622
1900
1726
1340
1326
1461
1492
1491
1408
1286
1463
1272
1454
1480
1384
1120
1277
1394
1257
1269
1491
1397
1450
1209
1519
1333
1377
1431
1561
1492
1222
1431
1465
1300
1361
1460
1394
1553
1340
1459
1362
1377
1445
1541
1517
1558
1400
1592
1491
1836
1803
1778
1267
1206
1435
1456
1430
1507
1377
1461
1438
1538
1523
1615
1310
1508
1463
1295
1398
1547
1073
1411
1405
1467
1569
1507
1404
1513
1522
1215
1348
1030
1521
1505
1250
1283
1229
1561
1526
1231
1602
2014
2170
1312
1453
1400
1307
1227
1424
1412
1296
1262
1607
1474
1437
1505
1597
1415
1438
1414
1403
1642
1507
1493
1359
1439
1348
1509
1516
1525
1328
1565
1767
2893
2707
3128
3222
2922
3505
3209
3285
2817
2055
2804
5889
3379
3028
3549
3579
2812
3655
3549
3376
3761
3803
3785
3603
3677
2295
1538
2216
2073
1877
2347
3160
2920
2220
3019
1890
2006
1353
1351
1526
1536
1287
1793
2027
1215
1401
1283
1462
1426
1367
1905
1994
1467
1581
1346
1185
1764
1385
1428
1393
1769
1631
1730
1228
1444
1191
1215
1906
1394
1584
1466
1677
1898
2007
1111
1272
1335
1803
1991
1725
1379
1927
1720
1306
1304
1334
1447
1487
1378
1137
1265
1560
1548
2102
1399
1246
1258
1288
1131
1125
1339
1084
1366
1517
1236
1379
1592
1326
1592
1513
1531
1333
1505
1479
1375
1253
1261
1430
1404
1323
1358
1390
1337
1458
1318
1555
1350
1388
1413
1439
1404
1451
1491
1255
1581
1251
1356
1062
1353
1397
1477
1489
1404
1465
1503
1383
1294
1290
2429
3355
3178
1934
1331
1495
1963
1190
1576
1099
1278
1392
1425
2581
2808
2497
1193
983
2187
3551
3283
3498
999
1595
2473
2872
2176
1450
1705
1630
1304
1328
1424
1447
1467
1538
1400
1448
1441
1695
3405
1741
3304
3516
3009
2784
1065
2350
3220
2360
2625
2221
1496
1221
1463
1380
1443
1267
1591
1267
1328
1340
1262
1297
1372
1290
1397
1411
1415
1256
1416
1403
1350
1416
1402
1355
1461
1436
1526
1459
1453
1298
1483
1433
1467
1416
1447
1524
1461
1420
1511
1371
1449
1515
1254
1492
1440
1419
1264
1454
1429
1470
1336
1374
1206
1385
1499
1341
1414
1420
1490
1451
1478
1418
1340
1421
1301
1421
1423
1480
1439
1377
2456
1672
1411
1783
2109
1846
1335
4098
4175
2357
1596
1320
1248
1360
1246
1430
1432
1262
2120
2498
1382
1264
1803
1520
1604
1196
1611
2033
1206
1262
1429
1080
1228
1288
1277
1566
1549
1361
1443
1378
1803
1390
1499
2462
1882
1796
1673
1681
1945
2253
3258
3408
1944
1995
2152
1889
3139
3340
4702
3623
2826
2534
2909
3300
4054
5414
5012
3305
1504
2429
2990
3527
2251
2522
3466
3304
2918
2988
3405
3590
3659
3575
