319
319
287
325
313
277
283
277
266
243
282
270
287
274
280
281
270
294
285
310
266
271
316
289
400
683
562
631
591
391
297
291
302
324
307
307
304
310
314
293
302
292
316
286
335
319
300
328
307
315
291
335
308
297
273
305
329
337
337
281
273
322
272
326
318
279
303
352
472
470
331
337
354
289
304
308
326
344
310
282
289
311
340
338
305
292
328
276
317
275
293
282
337
316
331
301
324
271
310
318
314
327
327
321
328
309
287
296
313
316
343
328
303
325
286
320
309
314
299
314
316
268
286
305
284
303
291
248
279
306
243
275
302
282
241
257
294
276
265
266
259
290
320
304
294
286
258
294
277
299
258
306
294
314
308
294
265
320
255
304
346
285
278
297
283
298
259
256
292
307
295
302
265
318
316
309
291
284
274
277
283
321
305
295
325
290
266
287
286
256
267
297
291
284
304
259
301
303
304
309
266
327
299
294
302
293
293
327
290
282
309
330
296
316
318
316
300
293
306
273
269
316
320
308
270
305
308
299
322
298
314
294
300
316
264
297
310
263
317
313
281
303
329
266
312
304
294
341
288
283
316
260
267
302
300
318
302
317
521
304
310
307
272
307
303
316
279
313
299
312
304
314
281
294
324
285
321
318
268
317
317
301
309
308
306
316
284
312
302
276
304
336
300
313
279
324
276
328
308
303
307
289
337
314
279
294
320
301
324
336
306
284
281
271
280
314
280
298
293
283
322
306
264
307
326
269
315
285
326
321
334
316
277
266
298
266
309
272
322
319
309
306
312
311
296
329
311
354
296
291
262
312
293
272
293
282
279
252
249
275
277
297
277
268
239
271
254
297
302
303
271
274
267
294
277
285
278
277
273
301
273
244
272
273
283
282
274
255
293
288
257
297
254
292
311
267
265
296
285
268
275
320
282
294
254
276
290
305
329
293
266
301
287
298
315
318
307
256
288
305
292
305
273
294
303
296
327
320
299
272
308
338
292
312
286
308
262
273
308
292
360
317
326
357
320
338
301
307
322
307
264
303
254
290
271
295
265
296
303
301
267
323
292
298
282
295
305
275
295
287
312
318
270
311
328
273
304
305
299
268
303
300
310
285
345
322
266
311
344
264
342
328
289
310
312
312
264
307
277
279
320
306
291
332
348
274
319
314
291
329
301
326
326
280
276
322
302
308
297
310
295
315
296
314
271
337
315
290
365
323
306
305
315
348
333
346
363
326
325
510
860
358
342
462
444
319
346
346
307
307
345
453
377
507
571
556
349
385
327
318
289
310
299
304
347
313
273
279
245
274
298
247
294
272
242
251
274
295
279
275
279
284
427
372
339
263
263
296
328
262
252
268
276
275
259
283
289
282
263
291
280
317
265
254
286
263
296
297
288
279
334
293
322
295
285
265
292
258
304
316
310
262
306
305
319
311
278
299
308
344
360
339
474
495
293
293
288
328
293
334
319
263
326
270
298
308
332
306
330
303
318
308
334
301
297
301
317
279
319
307
278
279
307
315
268
332
317
319
316
310
305
308
310
332
538
368
321
282
332
305
311
272
313
304
276
298
330
322
319
315
271
350
285
295
295
310
283
300
309
303
309
305
277
304
292
305
323
272
332
270
292
336
315
317
272
317
322
359
330
322
318
428
455
383
301
320
292
304
265
307
285
284
312
317
271
263
263
307
300
298
305
315
325
305
270
334
272
317
342
299
302
278
289
322
294
315
299
323
312
298
476
529
322
296
312
282
289
337
313
329
276
288
283
317
310
326
303
315
313
300
289
321
337
299
309
322
330
322
310
315
283
303
316
312
295
310
286
300
319
331
313
317
297
292
306
313
278
323
313
290
312
332
288
318
276
452
287
305
342
320
296
299
306
329
287
288
275
301
314
312
319
315
306
306
321
314
311
313
284
323
310
275
334
303
310
290
295
323
274
321
304
309
334
302
327
343
342
295
459
313
317
332
303
314
311
301
299
292
299
306
280
325
304
296
290
305
318
322
327
279
304
306
318
288
287
292
280
271
284
304
312
293
309
315
292
284
285
317
309
311
299
291
327
271
289
320
274
318
300
302
289
309
307
324
327
275
300
301
271
320
288
312
302
299
329
308
305
275
305
314
317
302
307
303
281
315
306
299
313
284
328
308
316
300
285
337
314
300
270
291
283
271
312
323
310
309
321
311
296
291
337
304
319
320
311
339
333
316
285
314
280
305
281
309
293
278
324
316
346
318
297
318
287
273
323
295
349
299
336
566
280
298
298
329
302
308
277
290
292
276
