2164
2372
1909
1448
1714
1088
1065
1141
1354
1234
1094
1894
2180
2419
2218
2087
1566
1072
2774
2878
2964
2697
1315
2679
2690
2969
2785
2866
2810
2888
2657
2953
2983
3290
3276
2942
3034
2934
2885
2618
2120
1850
1942
1691
1354
1369
1438
1328
1114
1211
1116
1101
1155
1215
1200
1160
1249
1066
1251
1275
1084
1128
1376
1181
1386
1116
1323
1215
1324
1027
1329
1076
1337
1195
1090
1126
1198
1343
1192
1140
3254
2930
3130
2807
2790
2883
2437
1848
1587
1213
946
1406
1597
1604
1384
1063
1370
1471
1251
992
1025
1270
1099
1229
1113
1332
1132
2487
1823
1343
1982
2639
3068
2965
2742
1970
1044
1130
1448
1273
1377
1500
2057
2191
1608
1674
1017
949
1248
1350
1109
1329
1226
1303
1248
1281
1141
1407
1069
1063
1117
1119
942
1135
1265
1215
1330
1298
1122
1318
1307
1044
884
1249
1312
1260
931
1392
1328
1283
1322
1591
1785
1588
1541
1708
1538
1085
1163
1145
1107
1236
1176
1225
1086
1355
1264
1299
1287
1164
1127
1234
1346
1509
1163
1451
1073
1253
1280
1273
1354
1274
856
1241
1318
957
1059
1060
1322
1114
1110
1369
1298
1367
1204
1174
1133
1108
1392
1407
1275
1349
1296
1369
1168
1387
1192
1395
1638
1265
1405
1227
1775
1435
1306
1580
1736
1860
1225
1077
1133
1249
1396
1089
1107
978
1210
1181
1689
2213
1443
1669
1667
2642
2619
2535
1241
1191
1092
1638
2909
2648
3212
2894
2788
2492
1824
3608
3046
3199
3232
2460
2702
2604
3160
3307
2984
1656
3059
2952
3115
3023
2144
2049
2300
1742
1823
1725
1424
1357
1109
1327
1260
1091
1195
1206
1357
1246
1196
1136
1773
1620
1555
1310
1214
1493
1493
1623
1966
2656
1119
1933
2803
2740
2623
2588
2531
1795
1938
1822
1616
1398
1353
1531
1085
3020
1840
1680
2693
2938
1982
2510
2507
1949
2164
2128
1862
1550
1624
1317
1498
1589
2681
2142
1607
1260
1467
1235
1748
1772
2426
1787
2194
2230
1723
1725
1730
1320
1798
2465
4050
4211
3437
2305
2154
2881
2922
2472
2611
3985
2815
1188
2836
2791
2333
1230
2198
2709
2442
2485
2286
1692
2980
2790
2675
2079
2574
1942
1318
1653
1568
1295
1291
1272
1329
1284
2070
2819
2919
2930
3012
2306
2444
2896
2798
2731
2091
2874
2745
2448
2291
1771
1572
1085
1182
1320
1398
1134
1270
1228
1168
1223
1394
2662
4961
3970
3105
3300
4417
3421
3874
3257
2478
2447
2099
970
2087
2650
2483
2717
3238
1362
1255
1990
1869
1675
1511
1591
1502
1028
1251
1273
1230
1202
1272
1314
1266
1242
1228
1221
1283
2126
2992
2568
2772
3085
3116
2939
2913
2860
2778
2411
2956
2872
2533
2331
2629
2485
2819
2418
2287
1889
1730
1718
1660
1305
1350
1603
1333
1281
1344
1285
1270
1148
1640
1361
1253
1271
1224
1248
1360
1081
1227
1391
1175
1313
1326
1219
1223
1227
2907
3017
3019
2354
2450
3087
2533
2905
1390
2842
2997
2787
2362
2273
3122
3784
3897
1442
3853
4686
3340
1566
2232
2863
2821
2817
3583
3586
3052
3169
2615
2279
2092
2636
2402
2612
2152
1871
1919
1654
1583
1482
1136
1408
1277
1274
1148
1286
1378
1268
1262
1336
1114
1111
1279
1169
1158
1324
1084
1907
2991
2725
3129
2452
3402
4196
2705
2967
2621
1474
1799
2088
1147
1235
1081
1096
1066
1219
1162
1143
1046
1098
1356
1360
1603
1018
1158
1354
1223
1138
1261
1263
1332
1288
1198
1363
1093
1062
1324
1222
1312
1354
1382
1176
1111
1104
1265
1269
1202
1237
1176
1211
1255
1354
1075
2970
2996
2557
2906
2788
2520
1728
2324
994
1218
1527
3227
2644
2986
1613
2152
2579
2872
2494
2765
2893
2169
2691
2982
2994
2456
2641
3374
3113
2636
3110
2194
2036
2175
2142
1651
1549
1510
1540
1279
1201
993
1055
1315
1106
1113
1080
1276
1230
1173
1186
1112
1929
2149
1202
1279
1290
1298
1084
1255
1273
1389
1504
1120
995
1378
1246
1288
1181
1334
1297
1159
1150
1331
1550
1837
2198
1340
1096
1146
1241
1085
1237
1183
1139
1243
1080
1396
1322
1296
1286
1093
1289
1338
1268
1142
1128
1342
1256
1266
1289
1165
1256
1391
1404
1420
1394
1251
1215
1247
1296
1257
1279
1253
1335
1210
1207
1180
1012
1242
1123
1263
1158
1238
1246
1274
1144
1331
1093
1341
1249
1710
1352
1875
1619
1240
1179
1973
2571
2367
2011
2534
1233
1276
1197
1360
1182
2476
2485
2812
2749
2110
2532
2713
2920
2636
3122
3126
2857
2806
2953
3065
1527
3002
2954
2936
2682
2826
2366
1975
2177
1935
1623
1420
1466
1227
1297
1242
1362
1272
1233
1233
1209
1244
1136
1273
912
885
990
1342
1157
1176
1281
1299
1305
1280
1130
1914
2171
2555
2760
2818
2797
4992
3004
2769
2531
2583
2771
2771
2482
2238
1955
2089
2044
1446
1606
1558
1467
1253
1260
1257
1149
1266
1353
1370
1227
1275
1337
1248
1185
1259
1304
1065
1337
1182
1207
1789
1268
1141
1065
2067
2358
1591
1865
1977
2131
1601
2711
1346
1031
1416
1754
1640
1454
1703
1323
1111
1399
1251
1694
2194
1785
2808
3271
2482
3140
2892
3139
2729
2539
3251
2695
2570
2721
2771
5079
3207
2319
2018
2304
1498
1532
1645
1395
1354
1228
1320
1253
1427
1153
1207
1221
1254
1167
1302
1158
1089
1268
1089
1111
1222
1392
1283
1243
1241
1281
1242
1081
1282
1141
1267
1345
1316
1140
803
1175
1268
1275
1290
1230
1309
1321
1287
1383
1309
1170
1325
1409
1385
1301
1292
1290
1279
1210
1294
1270
1345
1294
1294
1261
1078
1173
1352
1287
1216
1128
1917
2615
2526
1657
2326
1298
1216
2136
1386
2738
2796
1152
1505
963
2730
3046
2992
2946
4676
2523
2638
2396
2328
1767
1735
1471
1329
1263
1516
1370
1274
1290
1281
1194
2126
2624
3154
2931
