5432
5794
4196
1322
1511
1493
2482
2840
2699
3022
1427
2004
3287
3409
2915
3592
1046
2181
2097
1874
1780
1532
1790
1790
1315
1292
1406
1204
1374
1405
1267
1537
1363
1191
1476
1406
1199
1494
1319
1392
1406
1385
1397
1258
1368
1514
2382
1276
1402
1225
1265
1406
1317
1390
1407
1449
1198
1469
1393
1477
1204
1559
1208
1348
1325
1385
1329
1229
1385
1497
1199
1389
1374
1508
1397
1418
1822
3454
1172
1296
1371
1244
1397
1530
1363
2315
1785
1404
1415
1452
1289
1413
1240
1316
1415
1113
1480
1392
1496
1522
1217
1182
1213
1261
1361
1828
1359
1195
1475
1371
1382
1356
1367
1247
1199
1414
1396
1315
1399
1247
1522
1493
1227
1212
1390
1407
1260
1180
1566
1104
1205
1870
1575
1369
1331
1320
1175
1374
1229
1090
1191
1418
1419
1307
1287
1720
1599
1444
1491
1457
1279
1274
1375
1679
3341
2709
2736
3091
3436
3033
2432
2230
2225
2485
1683
1851
1718
1714
1573
1444
1470
1327
1294
1469
1226
1297
4821
3065
2739
3128
3077
2784
2811
3368
3274
2918
3002
2955
2508
2176
2565
3007
2709
3097
2552
3308
3119
3126
3144
3403
3150
2487
1368
1696
2285
2016
1313
1068
1503
1536
1402
1292
1319
1276
1229
1198
1342
2207
2244
1435
1705
1656
1110
2637
2781
2813
2393
1207
1055
1373
1560
1440
1511
1199
1430
1191
1353
1435
1286
1303
1379
1385
1405
1329
1387
1345
1355
1199
1414
1556
1469
1389
1235
1403
1397
1186
1390
1216
1399
1261
2546
1906
1513
1147
1850
1811
1824
1484
1844
1224
1129
2596
2712
2411
2464
1927
1819
1232
1289
1437
1255
1411
1214
1258
1499
1381
1419
1329
1372
1300
1232
1306
1403
1197
1425
1185
1366
1251
1487
1344
1495
1441
1226
1465
1434
1315
1406
1452
1220
925
1292
1250
1326
1245
1426
1267
1403
1520
1414
1423
1402
1456
1447
1430
1392
1490
1416
1549
1204
1303
1148
1280
1536
1403
1214
1241
1488
1217
1372
1303
2364
3032
3149
2820
2660
3649
2021
1452
1484
1259
1222
1204
1914
2887
3038
1703
2105
1035
2462
2418
2390
2009
2050
2219
1150
1207
1284
1282
1353
1240
1353
1357
2863
2154
3200
3489
2948
3265
2747
2794
3206
3603
2780
1802
1536
1431
1526
1377
1501
1271
1238
1327
1305
3087
2907
2830
3142
2179
2205
1801
1578
1565
1451
1551
1464
1528
1191
1622
1802
3282
2626
2717
2288
2270
1287
1480
1482
1469
1495
1521
1541
1215
1286
2390
1844
1460
1201
1393
1552
1561
1297
1434
1339
1533
1462
1369
1458
1395
1395
1228
1391
1394
1447
957
1310
1408
1318
1307
1412
1202
1411
1416
1445
2148
1394
1096
1280
1405
1341
1453
1080
1268
1254
1261
1411
1386
1436
1440
1367
984
1099
1579
1570
1288
1302
1428
1449
1411
1250
1275
1579
1441
1216
1379
1536
1520
1567
1320
1325
1271
1278
1862
1775
1894
2147
2158
1728
1388
1409
1219
1023
1583
1384
1397
1390
1467
1441
1562
1286
1633
1888
1464
1114
1535
1996
1288
1484
1388
1321
1462
1755
2197
1872
1276
1642
1674
1892
1200
1234
1962
2025
1388
1032
1569
1658
1173
2233
1198
1241
1810
1369
1324
1222
1175
1698
1079
1060
1345
1341
1361
1267
1283
1457
1468
1416
1307
1352
1317
1325
1405
1427
1248
1302
1214
1027
1348
1322
1415
1443
1350
1356
1562
1045
1247
1172
1368
1441
1240
1500
1209
1363
1389
1332
1154
1170
1949
2184
3018
2712
1894
1224
1195
1202
1248
1480
1745
1167
1252
1290
1854
1852
1964
1759
1664
1168
1188
1416
1275
1498
1483
1354
1436
1514
1482
1284
1452
1475
1463
1480
1378
1454
1241
1385
1489
2785
4554
3562
3255
3326
2959
3131
2654
2586
2695
2402
3006
2907
2701
2971
2555
3227
2847
3111
3061
3113
3091
2866
2665
2399
1130
1225
1272
1473
1359
1199
1409
1420
1426
1295
1694
3376
2641
3070
3180
2973
3257
3230
3299
3192
2508
2752
3061
2719
2334
1981
1199
1603
1519
1585
1470
1263
1490
1464
1500
1418
1238
1085
1316
1502
1313
1495
1363
2363
3107
3257
2787
3334
2645
2068
1511
3136
2830
1617
1348
2186
1845
1812
1484
1656
1826
1504
1504
1244
1548
1427
1245
1420
1256
1273
1333
1346
2772
3306
3516
3223
3279
3275
3311
2912
2663
3392
2956
3035
2043
2356
2035
1765
1402
1288
1270
1311
1296
1391
1217
1292
1397
1449
1284
1233
1409
1253
1243
1243
1348
1257
1311
1232
1462
1845
1556
1426
1511
1216
1194
1481
1494
1214
1242
1458
1004
1455
1287
1284
1391
1269
1210
1374
1393
1443
1912
2072
2386
2027
1280
1225
1200
1394
1198
1286
1219
1429
1247
1451
1335
1713
1462
1479
2233
2023
1760
1280
1563
1271
1480
1287
1233
2019
1211
1379
1332
1324
1397
1410
1354
907
3161
3452
3164
3020
1220
2507
2531
2210
2038
1884
1633
1632
1551
1334
1412
1440
1425
1203
1360
1360
1446
1366
1402
1182
1219
1443
1324
1425
1161
1428
1366
1376
1515
2329
1318
1284
1200
1392
1389
1422
1499
1458
1557
1281
1426
1402
1317
1212
1300
1391
1397
1435
1598
1911
1360
1462
1255
1298
1229
1439
1362
1265
1454
914
1383
1446
1400
1423
1239
1272
1379
1157
1467
1748
1909
1372
1232
1460
1378
1272
1235
1471
1355
1253
1886
2665
2786
2931
3070
1618
2385
3494
3238
3248
1965
3040
2630
2279
2599
2146
2948
1204
1372
1901
1351
1349
1985
1836
2136
2148
1956
2036
1997
1714
1284
3280
3170
3454
3089
1000
2011
3094
2622
2607
2316
1584
1934
1945
1470
1410
1252
1488
1496
1402
1883
2358
3094
2995
2738
3382
1666
3186
2869
2777
2578
3145
2890
3283
3372
2674
2510
2877
2711
2971
2533
2254
1403
1608
1593
1537
1611
1621
1652
1399
1389
2172
3257
2920
3095
3394
5583
5032
3362
2156
2761
2714
2918
3148
4739
1815
1407
1397
1247
1391
2241
