683
567
398
401
403
417
367
396
383
409
426
385
383
418
366
344
399
420
390
394
424
405
400
393
414
364
423
399
399
421
363
492
345
410
414
354
411
369
406
433
398
383
391
343
426
400
396
401
397
418
409
393
346
401
428
357
428
387
387
454
343
345
424
374
433
452
567
995
1004
1026
1064
886
1059
1001
1019
1083
1004
900
988
997
1036
1060
893
1041
1006
949
1024
1052
1114
975
804
904
820
457
386
624
747
729
1069
1324
1399
700
558
664
655
611
613
634
585
581
628
586
484
498
446
435
516
435
711
733
710
704
748
717
652
686
671
714
719
683
726
713
708
752
668
738
760
735
650
626
661
658
668
686
705
715
711
719
666
687
690
661
667
701
714
734
723
730
726
733
699
724
726
701
754
736
773
742
745
712
745
722
677
754
761
707
765
734
712
730
694
751
674
723
727
731
733
759
727
711
767
760
747
786
1397
1274
1111
1065
643
419
422
444
456
396
697
642
691
657
684
702
590
407
404
360
355
397
494
390
388
376
360
573
393
407
391
401
413
415
354
442
474
801
798
804
741
637
485
359
442
357
352
408
394
383
370
533
575
388
477
769
554
981
820
412
365
394
1044
1216
743
861
817
875
725
402
1039
694
635
698
602
401
393
483
717
519
440
453
430
785
707
414
521
510
563
408
345
393
402
395
368
359
389
354
411
405
399
390
381
407
385
403
400
401
368
350
383
390
342
379
408
440
408
394
596
602
448
372
348
440
555
607
651
609
590
529
433
543
413
498
502
589
496
575
592
490
398
477
521
493
478
525
809
750
540
447
478
497
556
754
879
898
505
489
537
520
480
492
433
427
496
372
408
361
383
374
412
747
693
746
464
369
773
1110
775
501
992
999
887
425
690
939
768
635
460
712
512
742
780
743
707
723
684
734
737
637
651
602
678
712
640
678
652
663
721
718
699
690
720
636
680
624
650
640
683
724
714
621
696
642
695
712
694
716
697
663
637
707
685
1186
1383
1524
1505
1138
431
834
445
395
627
661
366
729
713
587
431
578
611
671
620
596
477
628
417
639
654
684
687
629
722
620
503
620
585
994
448
422
488
727
693
718
882
701
719
884
707
661
372
508
362
423
474
395
441
680
489
422
606
605
441
742
745
659
732
681
665
533
471
521
602
736
411
378
397
491
364
418
354
617
366
390
348
352
582
726
702
490
667
627
740
710
699
594
474
537
442
477
415
398
421
408
402
389
414
412
409
395
394
411
399
415
360
370
401
403
736
727
645
720
651
771
695
904
681
769
432
391
356
497
536
732
446
487
815
687
936
690
571
711
603
487
364
408
566
687
628
550
414
354
489
546
661
741
669
626
405
425
427
417
416
566
691
746
506
686
642
671
477
344
392
393
395
405
390
550
683
703
564
742
492
361
480
480
387
421
494
427
480
470
493
423
472
399
473
345
405
364
424
400
393
352
386
425
403
411
374
370
414
368
387
980
463
371
377
396
435
1091
999
490
370
634
368
1059
1068
963
836
450
994
1016
346
575
458
600
651
716
626
752
738
713
560
719
670
827
653
690
730
655
705
697
683
686
733
674
569
593
867
429
424
449
521
526
524
510
590
452
444
398
345
376
375
377
447
416
400
414
392
418
401
371
382
375
396
395
344
341
318
654
478
815
986
934
1835
1999
1667
1961
1834
1495
559
500
886
1155
574
489
922
992
1029
911
1012
1045
871
797
764
891
988
1820
1800
1938
1872
1484
1029
937
960
948
942
1068
1111
1077
820
809
818
795
668
514
479
507
531
544
538
342
342
355
343
342
318
409
345
321
345
304
345
372
372
358
358
351
362
313
311
359
356
384
383
354
340
365
366
327
321
404
397
363
368
365
387
350
377
391
382
333
333
601
925
357
339
378
878
1078
1012
989
1094
795
720
830
603
621
639
614
551
454
469
435
475
438
337
361
342
320
336
340
317
362
340
369
342
314
295
343
322
341
311
304
320
367
312
355
349
351
321
328
359
378
369
378
351
349
365
343
313
382
322
587
1854
2027
1487
369
475
430
397
403
400
502
530
406
444
563
517
490
529
442
450
465
481
460
443
400
347
367
313
343
307
325
323
344
346
559
721
617
383
444
424
359
350
509
667
607
609
623
474
485
480
461
504
438
331
328
357
321
341
317
337
347
339
325
354
318
352
347
353
341
597
472
576
392
326
951
924
882
810
874
818
848
681
635
611
671
482
460
504
510
536
380
464
650
642
437
432
390
376
459
863
824
770
743
672
648
585
700
597
521
435
424
514
488
335
347
400
352
905
1046
417
398
697
650
443
390
661
681
382
585
359
424
418
528
