993
968
585
499
561
602
623
752
995
1045
875
1020
972
576
447
631
630
1080
799
500
653
855
524
544
701
683
677
938
1184
813
826
1029
599
614
626
697
589
633
574
690
794
947
1051
1098
1105
553
663
581
627
641
654
656
598
668
636
673
931
1129
811
1043
749
633
561
592
1188
846
569
585
1024
1015
897
966
850
536
634
693
511
531
542
604
644
538
623
615
645
567
589
674
573
629
633
649
642
623
641
626
571
603
1467
2374
1500
1399
1327
1590
1296
1495
2301
2281
1352
1500
1361
1391
1362
2085
1843
811
544
1263
1357
1508
913
1535
680
2327
930
1242
1283
416
751
1128
1542
1420
866
475
855
983
1259
846
772
963
607
683
622
691
611
675
644
669
603
625
602
586
623
575
588
623
615
643
628
663
542
658
568
633
629
1071
1147
1171
681
589
620
619
587
674
547
570
633
610
655
635
645
604
647
649
639
754
819
669
879
663
686
1205
1826
1158
634
617
641
1447
1296
2670
729
512
1138
1504
1511
1443
1192
1381
1024
1231
1826
793
580
496
431
656
1130
478
472
803
859
907
696
547
585
596
637
603
680
679
704
691
604
695
601
573
564
606
643
678
583
585
630
662
1222
2572
2511
1285
1555
1451
1424
1366
1399
1689
1487
1286
1504
1592
1147
1055
1077
1071
1020
907
948
894
783
901
835
694
572
710
700
623
736
659
609
626
671
565
688
560
704
608
616
585
527
656
666
648
659
602
650
628
581
688
649
724
667
691
655
566
681
681
679
607
631
636
620
673
623
627
631
553
656
619
554
649
628
633
555
584
641
688
632
610
661
570
669
486
578
633
656
602
619
651
670
558
572
548
567
613
651
651
644
558
659
623
578
670
672
534
428
578
622
544
670
631
622
666
615
621
603
641
613
573
547
556
658
629
580
594
613
550
668
493
545
505
649
551
542
670
629
530
444
456
556
677
609
614
553
612
618
573
656
647
663
753
664
506
567
601
579
614
557
619
652
607
612
629
632
628
580
560
675
586
543
673
665
971
1549
864
774
1481
1962
1414
1295
1464
1446
1651
2015
2017
2454
858
650
475
604
705
1103
663
631
769
589
609
1109
1394
1520
1530
1416
1538
1380
606
577
552
669
1177
1404
1548
1516
1315
1051
1292
1405
686
802
928
783
902
787
762
803
705
771
734
858
637
556
632
558
544
720
1611
1503
1512
1680
1427
1558
1319
1410
1648
1112
540
586
634
821
1524
1271
1578
1463
1401
1202
1334
1181
843
794
1411
1470
1417
1344
1526
1540
1293
1425
2254
2710
2333
1268
1374
1538
1348
1448
1342
1214
1196
1238
1355
1296
1465
1184
1110
1092
945
1193
897
524
716
741
719
613
717
667
707
637
547
671
694
570
645
633
610
614
622
547
715
1365
1375
1190
1370
1256
1465
1173
1404
1454
1361
672
526
483
502
502
605
532
719
1503
1135
1091
1415
1483
1405
1449
547
517
1213
1308
1158
600
538
577
1046
1225
1321
1142
1038
1091
559
539
536
520
566
547
577
695
660
675
672
711
582
626
688
628
652
589
620
584
646
644
1926
2431
971
736
619
679
695
837
855
760
610
533
525
478
527
625
627
535
1429
1422
1417
1496
1259
1679
566
489
440
627
969
1103
1032
1080
985
898
889
907
813
839
817
658
730
1042
1034
691
545
643
623
644
694
666
545
622
564
551
625
627
636
552
619
635
568
542
641
537
634
595
621
631
687
622
630
690
616
644
672
656
546
639
626
581
637
599
631
667
593
662
761
514
653
493
467
631
629
564
596
629
613
685
559
695
629
638
634
568
678
561
633
656
602
630
443
522
591
647
1043
946
681
636
671
594
647
550
599
657
696
599
627
692
580
620
806
750
542
674
561
620
604
613
703
632
448
676
634
563
552
550
628
679
682
635
614
627
568
457
507
622
691
644
629
591
590
745
1303
1155
1456
1357
1317
1424
1071
1241
1349
1387
1233
1405
1270
1266
1322
1428
1517
1522
1360
1520
1445
1495
1350
1575
1426
1607
908
1105
1150
1059
1285
976
793
897
788
834
830
668
728
574
670
711
649
637
654
636
618
627
544
614
624
540
642
540
638
590
597
629
657
611
633
544
620
596
653
615
698
690
575
628
568
639
634
634
671
684
670
597
672
614
667
619
614
596
570
632
563
461
709
625
626
630
515
880
781
1179
1099
1438
2049
2047
1599
1064
1169
643
1471
1548
1564
1767
719
480
1499
1437
1449
1345
1225
1182
1341
1378
1336
1057
565
679
586
451
689
566
578
540
537
529
531
599
529
671
626
528
554
589
492
575
690
551
601
571
571
496
604
590
592
613
596
556
695
647
612
672
617
632
624
561
585
607
575
669
772
607
557
573
662
620
584
649
628
621
660
653
632
586
599
645
568
625
569
611
621
574
640
1501
1072
418
712
1389
1308
1337
1131
430
500
1424
1554
1787
704
1481
1421
1325
1318
1510
1495
1388
1526
1664
2159
2299
1477
1570
1306
1330
1161
1218
1184
1258
998
831
957
