17
14
14
15
16
16
15
14
15
15
15
15
17
15
13
14
16
16
16
17
15
15
27
14
14
14
14
16
16
16
17
16
16
15
17
16
17
16
49
15
14
16
15
16
42
15
22
15
14
15
15
14
15
15
15
15
15
16
17
16
16
16
16
17
25
15
26
17
15
16
16
15
16
15
16
15
15
16
16
16
17
16
14
14
16
14
16
15
14
19
16
16
17
16
16
16
17
16
16
16
16
16
16
16
15
15
16
15
16
17
16
16
14
15
18
15
16
27
27
59
16
104
19
15
16
15
18
16
15
14
15
14
15
14
15
16
15
193
15
14
16
34
16
21
96
29
52
16
15
14
16
16
19
16
15
16
17
16
17
17
17
15
47
19
35
16
23
17
16
14
14
15
15
16
31
16
13
14
14
14
15
37
16
14
16
15
14
13
13
14
13
17
32
18
15
15
20
17
15
16
14
15
14
14
14
15
24
36
16
38
19
17
16
14
17
19
14
26
15
15
21
17
13
14
15
13
14
14
22
15
15
14
14
50
24
16
15
18
48
17
16
15
19
16
53
32
16
15
15
15
15
53
17
17
18
26
15
23
16
16
15
14
14
21
15
15
16
15
18
16
16
14
32
16
15
15
14
16
24
16
22
14
15
15
15
16
19
15
15
38
16
16
15
16
18
15
16
15
27
39
18
16
16
17
17
16
16
16
16
16
17
17
19
16
17
19
17
17
17
20
17
16
16
16
16
16
17
17
17
17
16
16
17
16
16
16
16
17
16
17
17
17
17
17
16
20
16
17
17
16
16
18
17
17
17
16
16
17
17
17
16
18
15
15
13
13
14
16
16
15
19
16
15
16
16
16
16
16
16
16
17
16
17
17
17
17
16
17
17
17
17
17
16
17
17
16
20
17
17
16
17
17
16
17
17
17
15
16
16
17
17
17
16
16
16
15
16
15
18
17
17
17
21
18
16
17
17
16
17
17
16
17
17
17
17
16
17
16
17
17
16
16
17
17
16
16
17
20
16
16
16
16
17
16
16
15
18
16
17
16
16
16
16
17
16
16
17
16
16
17
18
16
16
20
15
15
17
16
16
15
14
28
13
14
14
15
15
16
14
13
14
13
13
12
13
14
13
13
16
13
13
13
14
16
15
13
14
13
13
13
14
13
15
36
20
16
16
16
16
15
14
23
22
15
19
15
14
15
13
13
14
15
14
15
15
13
9
8
12
16
15
13
13
14
15
15
15
15
15
15
17
13
14
14
15
15
14
13
14
15
23
16
37
16
14
29
24
15
15
15
13
17
15
37
127
35
17
15
15
15
24
15
15
15
15
15
14
14
14
14
15
15
14
15
15
17
31
15
25
17
26
19
16
15
15
15
34
51
19
17
26
15
43
17
15
15
15
15
15
31
21
16
15
15
15
27
21
15
33
40
14
14
14
14
57
30
15
65
19
14
15
14
15
16
15
15
14
16
42
16
19
16
18
15
22
16
18
23
15
14
14
20
17
18
107
14
23
17
18
20
17
15
15
16
15
551
24
19
21
15
46
43
17
15
17
14
16
15
17
16
16
18
16
16
16
16
16
20
16
16
16
16
13
17
14
16
14
14
15
18
16
50
14
16
37
16
19
18
16
19
16
15
33
17
18
15
16
14
15
19
15
14
14
15
14
13
15
15
14
16
15
16
17
16
16
17
16
15
16
16
16
16
17
18
19
17
15
16
18
14
14
14
15
16
17
16
14
14
16
16
17
21
15
15
14
15
15
16
16
16
18
14
15
15
15
16
15
14
15
10
9
9
9
8
9
9
9
13
9
9
8
8
8
12
15
14
17
14
9
8
8
8
8
8
8
8
15
9
8
14
9
8
9
8
8
8
12
15
14
15
16
19
14
15
17
15
30
17
16
16
17
16
15
14
13
14
13
13
16
14
15
15
15
15
15
16
16
19
13
13
14
22
16
15
16
15
15
16
16
16
15
15
14
14
14
15
14
16
16
17
15
15
19
16
16
17
15
15
15
16
16
17
15
15
16
16
17
16
15
16
16
17
17
15
25
14
14
13
17
15
15
16
17
15
14
15
14
15
16
15
17
17
16
14
15
16
15
16
15
15
15
16
14
15
18
14
16
17
15
15
14
15
15
16
17
17
16
17
16
16
16
16
18
14
14
16
16
17
12
11
9
8
8
9
9
9
8
9
8
8
8
9
9
8
9
8
8
13
15
17
12
8
8
9
9
12
8
13
14
12
9
8
13
15
15
14
15
14
16
17
