784
852
929
843
762
1381
1486
1041
1025
942
742
880
859
695
687
745
682
800
719
816
743
796
779
721
821
768
745
854
739
861
738
705
737
929
955
656
750
727
906
718
887
1015
909
916
1023
1025
953
879
807
880
847
667
803
947
871
1200
756
603
788
887
1038
725
835
856
894
718
856
738
938
885
1178
1127
1186
1128
628
832
785
831
734
741
740
760
817
818
861
714
806
824
976
1134
1053
695
847
705
766
707
787
867
811
712
837
706
840
878
760
855
918
702
619
644
750
795
840
1279
1629
1556
1363
1335
1408
1345
1168
1139
1075
1228
1152
1108
1112
838
721
885
898
724
610
896
948
672
709
726
783
874
855
745
795
861
886
836
776
854
890
928
751
890
912
860
2561
786
844
803
823
836
785
867
802
714
717
821
724
706
892
720
1001
801
833
713
822
871
829
878
885
746
861
738
907
860
826
867
830
996
749
1719
1547
2068
701
1513
655
643
1046
740
1425
1498
690
1279
1042
913
1282
1296
1462
1069
1050
894
1020
899
1048
690
864
737
775
848
611
762
739
725
859
958
864
854
725
898
735
780
698
809
771
808
860
874
837
878
856
720
839
833
773
766
799
794
832
788
633
853
733
869
810
539
672
778
758
765
821
827
881
768
723
904
824
884
758
1143
834
681
742
847
764
605
676
816
920
783
1860
1803
1901
1841
1979
689
847
1079
610
1158
888
1279
1089
1072
1258
1222
958
998
1065
1153
748
623
756
627
586
843
789
716
824
753
868
776
744
820
868
863
800
838
856
899
739
755
750
828
917
834
812
817
825
891
860
813
861
879
788
872
652
882
716
882
885
875
857
731
784
847
840
827
840
735
849
772
728
835
1581
598
1530
1794
1835
1650
1884
1804
1795
1373
661
1189
1795
1829
2004
1626
1698
1868
1349
1178
1846
2032
1735
1981
1687
2008
1206
686
1713
1693
1613
1871
1668
1625
1680
2092
682
1039
2602
2839
2825
2598
1620
800
910
598
1866
1889
1871
1420
1434
1573
1589
521
933
961
1058
1091
1111
890
863
765
816
704
814
767
826
847
842
708
688
831
735
833
851
757
896
829
710
827
725
825
812
781
832
929
773
667
583
792
769
904
1126
967
770
679
1139
715
782
766
958
1727
1888
1633
1769
1700
1315
649
593
1118
1254
1298
1224
1156
957
1013
1120
1027
960
832
1236
549
591
726
808
804
812
717
814
882
721
808
802
773
717
768
720
823
660
861
610
676
831
822
891
884
855
874
763
834
824
867
745
766
901
640
759
844
837
801
887
862
751
843
708
877
831
772
819
807
907
775
905
743
835
773
728
874
822
821
883
796
729
885
745
841
713
761
831
791
826
720
968
753
747
787
874
863
899
854
844
767
829
841
798
840
728
712
823
872
743
718
860
835
722
820
812
776
830
815
837
732
821
799
840
762
833
903
1079
1081
771
823
848
752
806
849
823
817
860
841
831
762
819
799
804
602
773
873
869
832
855
888
851
839
722
816
821
814
770
730
823
832
685
810
897
1682
1819
1785
1691
1561
1993
1788
1932
1944
1645
2063
1943
2032
1781
3213
702
788
1603
736
1111
1194
1509
1061
785
669
714
704
904
699
975
1296
617
735
683
1262
1207
1240
818
782
728
778
798
820
842
818
816
997
728
725
1336
981
710
915
848
672
783
820
825
825
806
855
789
725
708
722
796
845
767
846
804
651
735
834
747
833
830
868
907
833
783
756
732
787
850
888
763
857
857
1035
733
796
782
738
600
809
837
853
906
749
844
831
882
758
819
821
784
982
724
803
777
800
839
798
730
838
870
846
881
812
844
852
812
746
1172
1512
1234
786
688
678
755
710
794
710
638
627
1352
1333
1245
1242
891
936
982
1050
1179
1099
1036
889
831
892
896
906
785
804
874
605
2003
1717
1843
1839
1897
1841
1813
1352
1203
1638
1757
1778
1546
901
760
756
593
612
713
713
706
714
710
806
703
728
885
851
828
809
1378
1230
1716
1638
1613
1202
1435
1302
1079
1064
1158
1237
1147
978
987
983
1348
1129
802
713
959
893
819
673
899
660
594
647
752
732
798
879
1148
1224
1312
1436
1296
1519
936
748
1627
1693
1619
1337
1451
1631
1410
1320
1030
627
598
1760
1900
1550
1757
1424
1520
1270
1612
617
575
913
933
908
942
869
775
834
812
779
749
916
854
714
858
778
769
761
601
759
811
841
875
771
843
843
822
811
833
871
659
645
745
831
826
729
878
921
846
842
737
834
839
946
724
705
704
857
714
841
722
831
839
988
730
1144
1891
1845
1923
1751
1663
1869
1834
1149
1761
1749
1552
1602
1611
1526
1268
1420
744
721
890
780
854
870
883
740
891
874
728
865
722
767
841
756
1228
1051
847
837
854
915
832
826
888
857
841
813
852
905
859
908
836
819
786
946
731
699
702
721
720
797
805
840
708
786
730
823
812
776
669
697
735
849
832
797
834
732
747
871
865
732
759
920
897
820
