1400
2215
1639
4178
3371
3037
3612
3127
2460
2558
2153
2196
1889
1721
1996
2064
3020
2566
3399
3570
3091
3372
2034
1990
1842
2007
1775
1884
1404
1894
1258
1836
1375
1901
1789
1535
1442
1475
1389
1620
1624
1444
1663
1535
1603
1567
1633
1608
1743
1523
1331
1577
1419
1558
1694
1550
1581
1506
1480
1523
1579
1508
1535
1375
1450
1342
1368
1590
1582
2043
1115
1347
1632
1348
1654
1536
1480
1258
1623
1636
1272
1526
1324
1333
1573
1366
1546
1384
1334
1513
1544
1617
1579
1564
1462
1547
1464
1338
1741
1380
1680
1612
1333
1364
1550
1383
1518
1505
1609
1758
1165
1891
3255
3035
1225
2559
2665
2779
3273
5808
5235
3114
3389
2170
2086
2027
2982
3099
2154
2562
3287
5266
3029
3638
3140
3903
2705
3847
3303
4023
6418
3496
3290
1907
1852
1881
1722
1518
1522
1528
1650
1602
1536
1271
1504
1354
1429
1355
1583
1524
1580
1447
1173
1607
1564
1505
1631
1323
1582
1617
1382
1338
1484
1282
1678
1432
1309
1455
1510
1525
1486
1626
1509
1669
1477
1540
1592
1576
1453
1541
1587
1364
3500
1421
1547
3253
3810
2599
3496
3005
3538
2456
3804
3747
3700
2736
3235
3798
2136
3320
2564
1167
2130
1975
1849
1529
1522
2359
3077
4778
5109
2908
3241
2501
2488
1723
2821
3843
3580
3399
2718
3494
2790
2736
2240
1750
1736
1603
1683
1147
3446
3521
3166
1762
3654
2699
2834
3638
2007
1894
1780
1950
1449
1652
2523
1708
3559
3247
4220
6008
3653
3485
2864
2898
2804
1967
2371
1830
1704
1592
1335
1698
1534
1571
1581
1580
1454
1115
1374
1616
1542
1609
1488
1559
1629
1613
1547
1147
1087
1545
1531
1636
1387
1694
1611
1545
1562
1375
1404
3503
1285
2988
3900
4463
1564
2866
1893
2530
3553
3942
3964
1692
3567
3759
3867
3794
3496
3666
3115
3105
2773
3158
2431
1784
1376
1233
1449
1314
1537
1491
1449
1711
1621
1436
1223
1326
1573
1441
1441
1163
1552
1544
1578
1470
1304
1572
1434
1123
1559
1347
1150
1421
1669
1423
1638
1764
1466
1578
1690
1266
1518
1672
1486
1557
1673
1592
1311
1318
1155
1353
1366
1252
1607
1451
2468
2231
3466
2730
2767
3736
6181
3190
3428
2584
2613
2550
2074
2082
1941
1641
1566
1692
2116
2098
2081
2024
1904
1428
2298
1288
1535
1539
1576
1668
1705
1283
2281
3086
3362
4112
3973
3981
2691
3190
3750
3385
3300
3575
1955
2762
1877
1695
1496
2057
1656
1572
1458
1499
1493
1358
1547
1333
1499
1523
1517
1626
4950
3424
3396
2634
1251
3201
3575
3436
3540
2302
2667
2354
2401
1654
1556
1613
1475
1413
1244
1465
1703
1380
1512
1439
1475
1390
1322
1596
1522
1671
1529
1534
1427
1462
1657
1299
1695
1379
1631
1673
1619
1515
1652
1597
3423
3091
3058
2329
2956
4317
2513
2309
1833
1725
1162
3571
3864
3134
1740
1602
2169
2256
1714
1777
1957
2094
2995
3432
3450
3609
3690
3548
3572
3844
2724
3010
2079
2338
1992
1661
1723
1276
1576
1431
1577
1621
1548
1565
1545
1593
1319
1346
1561
1606
1574
1344
1379
1410
1422
1361
1971
1842
1969
1626
1346
1597
1411
1567
1534
1279
1560
1440
1191
1566
1542
1581
1621
1537
1333
1533
1428
1348
1619
1589
1343
1518
1555
1338
1388
1563
1534
1523
1413
1313
1644
1551
1713
1630
1226
1584
1295
1574
1355
1584
1599
1343
1658
1454
1320
1429
1461
1728
1468
1557
1569
1555
1679
1320
1400
1581
1934
1721
1615
3502
1443
4345
3582
4041
3894
4742
2135
2435
2032
3936
2508
3621
1691
2412
3707
3485
3405
2603
3579
2894
2534
3041
3469
2314
2554
2932
3663
4121
2529
4223
4025
2497
2078
1110
2529
3312
1994
2427
2933
1995
1986
1638
2318
1662
1939
2076
2194
2092
1432
1672
1600
1851
1199
1498
1816
1165
1432
1385
1735
1915
1472
1497
2104
1837
1535
1400
1169
1596
1872
1637
1931
1505
1438
1798
1699
1389
1547
1246
1460
1456
1834
1872
1968
2181
1901
1670
1485
1278
1603
1540
1273
1328
1441
1566
1464
1886
1357
1646
1299
1406
1372
1297
1464
1583
1607
1777
1994
1326
1581
1451
1571
1379
1557
1421
1468
1287
1568
1570
1384
1914
1809
1311
1373
1547
1498
1604
1338
1320
1392
1584
1419
1549
1417
1618
1454
1409
2752
3265
3199
3946
5987
3801
3070
2757
1913
1358
1562
1513
1793
1681
1533
1558
1452
1696
1440
1363
1491
1509
1515
1601
1566
1403
1599
1356
1525
1129
1409
1530
1603
1606
1583
1165
1621
1406
1318
1645
1580
1348
1570
1429
1591
1589
1655
1422
1368
1390
1586
1336
1614
1676
989
1315
1616
1499
1550
1644
1457
1571
1621
1492
1382
1571
1148
2377
2283
1922
5116
3945
3053
3451
1710
3123
3623
3237
3061
2893
3320
2278
3465
2482
2836
3517
3025
3200
2718
2788
2167
2851
3010
2555
1625
2079
1899
2004
1622
1578
1465
1408
1552
1338
1403
1483
1339
1573
1548
1419
1549
1545
1644
1180
1443
1545
1601
1664
1423
1411
1359
1447
2556
3630
3358
3863
3003
3920
3245
3010
3100
2508
3119
2794
2584
2083
1472
1231
1522
1539
1556
1421
1574
1648
1586
1637
1912
1347
1505
1605
1644
1360
1577
1361
1870
1965
2169
1752
4407
3930
1652
2791
3082
2590
1074
2794
2985
3001
2626
2215
2039
1839
1927
2017
1813
1368
1607
1535
1645
1523
1616
1332
1576
1294
1429
1322
1390
1670
2273
1543
1584
1425
1331
1362
1576
1352
1565
1647
1957
1896
3004
3266
3521
2356
3038
3516
3246
2612
3166
1673
2584
2147
1942
1687
1676
1508
1701
1056
1385
1633
1591
1733
1586
1404
1214
1434
1292
1413
1383
1583
1482
1463
1540
2918
4191
3500
3610
5390
3359
3874
4227
4878
4079
3935
2682
1443
1520
1513
3887
1958
1598
1441
1538
1561
1780
1442
1546
1833
1430
3690
3014
3273
3405
3099
