178
238
154
145
136
133
139
134
124
127
134
148
132
142
118
118
107
125
109
116
119
104
108
113
121
117
117
120
118
115
119
118
126
117
117
117
107
112
117
112
107
110
121
115
111
117
110
129
108
111
117
118
126
119
120
110
124
113
119
119
123
129
119
112
115
127
117
118
122
115
120
124
131
110
123
115
119
119
123
120
110
116
127
124
126
125
125
112
125
123
110
121
108
122
131
122
130
109
130
128
128
128
282
226
237
234
223
236
224
215
140
125
132
126
140
128
137
133
132
128
128
122
129
134
120
120
111
120
122
134
122
125
134
110
115
133
124
115
127
123
124
121
127
123
134
117
134
116
126
126
128
134
109
126
124
118
119
137
134
122
131
131
123
131
125
113
125
127
125
118
125
126
137
128
135
121
134
129
131
134
123
126
131
135
130
125
135
129
137
135
126
125
136
149
188
239
261
260
232
230
247
222
219
158
133
135
138
146
118
139
141
134
131
127
124
137
181
143
129
120
144
137
134
129
142
137
141
135
123
130
131
140
122
150
128
140
139
135
121
132
134
129
133
131
143
122
134
128
141
134
128
140
130
127
129
125
139
139
134
134
127
133
131
140
166
108
124
131
134
112
134
139
120
138
137
150
139
141
121
135
146
137
229
237
125
131
134
138
111
105
107
116
112
111
123
113
124
122
111
117
138
119
112
112
120
122
124
120
124
124
124
119
120
136
128
120
124
121
119
127
132
128
112
120
122
122
131
124
123
123
123
126
122
120
123
121
128
142
124
122
111
113
117
117
117
116
122
112
121
122
124
124
131
109
114
131
112
129
125
115
125
126
134
120
119
138
122
113
132
124
129
120
128
113
125
134
128
132
126
122
138
126
199
126
127
137
125
114
131
127
124
128
118
126
127
133
127
130
120
113
134
129
129
118
126
119
124
116
127
128
117
115
131
118
123
120
125
113
130
126
119
121
127
116
129
113
113
132
116
116
121
126
129
130
128
117
123
115
135
129
121
137
122
126
120
135
132
128
122
132
134
112
127
131
118
128
119
136
133
133
138
116
129
122
117
128
127
116
120
136
132
132
119
130
128
129
119
130
128
123
121
128
124
134
184
210
129
119
139
145
134
120
135
121
131
135
139
131
139
139
139
138
138
148
157
142
137
128
147
183
200
217
140
133
145
128
161
219
161
282
214
151
145
174
148
166
127
130
164
131
189
189
221
132
124
128
166
152
221
129
134
126
134
133
120
148
144
132
140
147
150
139
135
135
139
144
148
137
137
139
127
126
148
137
144
127
124
137
122
117
119
115
122
107
105
106
123
104
111
120
107
121
113
125
121
128
123
117
112
121
108
114
124
126
122
123
111
105
110
124
107
115
117
119
131
117
114
126
119
123
127
106
122
118
115
128
120
120
115
124
125
167
260
227
263
264
134
150
132
113
131
111
114
131
112
119
117
116
128
122
121
113
124
126
122
125
131
114
128
128
115
110
121
107
125
126
127
106
119
120
118
122
121
128
125
131
123
123
109
124
127
137
126
130
109
125
107
118
132
124
114
118
132
136
130
132
133
136
135
129
114
130
126
122
141
132
134
122
122
128
128
119
135
126
138
126
133
130
131
135
135
120
131
116
129
135
135
128
119
120
122
133
192
474
143
124
121
149
126
138
121
121
123
132
116
130
124
117
124
107
126
113
113
120
123
120
126
123
125
107
113
105
117
108
116
122
111
116
114
119
116
123
108
121
115
115
115
111
115
115
107
114
114
119
114
116
109
125
115
127
111
121
109
122
118
124
121
109
109
108
114
127
119
116
117
119
115
128
122
110
120
117
123
109
123
121
122
110
128
119
113
118
125
128
127
116
126
128
108
112
120
128
130
110
121
109
127
123
129
185
134
159
147
137
131
124
129
129
115
120
130
135
121
128
126
121
121
123
118
136
123
114
123
133
127
124
122
127
129
115
112
117
125
128
129
128
122
128
119
131
122
124
125
125
123
131
121
123
127
123
126
119
127
131
109
126
130
111
118
120
118
127
126
116
123
115
124
121
126
127
119
120
130
124
128
115
121
115
121
133
122
129
118
129
126
117
126
129
117
114
118
132
116
133
128
131
131
122
187
161
131
132
126
131
137
132
129
141
133
119
121
129
135
130
135
136
134
135
117
122
128
140
134
128
123
112
114
131
131
118
122
131
116
128
128
136
132
114
133
126
131
137
121
124
124
136
133
132
131
131
116
122
113
134
118
133
114
126
138
128
126
128
136
128
130
129
126
132
132
112
