377
326
278
280
301
338
274
315
292
341
289
333
325
314
301
320
288
334
340
338
329
325
335
348
323
328
299
331
313
354
334
323
335
293
356
365
310
341
352
345
410
312
332
352
316
361
339
294
320
296
285
290
297
303
309
288
307
329
333
309
330
316
310
358
351
355
336
362
336
335
337
354
319
295
334
333
302
345
345
353
416
365
335
349
327
360
332
337
342
347
347
344
334
301
305
332
312
355
295
358
340
360
293
316
334
349
345
354
338
307
357
336
365
328
370
363
350
365
336
370
432
303
310
353
361
299
339
339
311
328
343
364
326
323
345
356
348
322
345
341
301
340
297
323
337
338
319
335
347
342
345
327
332
291
326
365
312
334
331
335
336
356
345
315
316
344
307
342
354
345
302
363
348
332
349
343
355
348
345
312
365
309
340
301
319
361
360
308
333
357
350
318
347
355
339
374
367
346
348
490
370
366
415
380
567
395
368
448
453
394
542
590
410
369
464
491
503
471
320
357
385
347
337
356
319
320
279
311
315
319
270
304
293
306
284
309
280
312
321
269
289
311
321
318
318
294
332
336
273
291
343
321
362
332
355
392
527
361
326
323
294
328
320
349
294
327
348
329
333
303
313
362
324
358
331
335
333
338
327
362
345
324
353
344
341
326
366
359
328
330
302
339
316
302
310
404
390
306
321
335
348
355
312
326
330
332
332
364
363
361
330
351
339
298
353
303
322
334
346
341
331
358
353
342
348
295
294
349
339
365
320
315
364
372
382
374
364
381
377
375
323
371
361
299
347
295
358
343
371
312
346
313
358
345
369
346
353
337
341
345
340
369
378
367
383
358
335
361
359
294
360
373
332
365
317
350
409
330
320
349
359
332
342
360
367
316
310
349
338
320
330
336
358
344
378
305
353
323
306
368
360
343
362
368
344
368
346
362
389
332
356
392
350
313
368
324
339
296
336
360
304
346
548
520
380
306
342
336
329
375
350
316
295
327
312
340
312
342
359
342
340
334
309
348
358
358
341
345
366
341
320
310
349
398
318
386
346
346
398
358
323
320
329
351
349
346
380
336
330
384
336
372
433
366
308
357
369
335
316
358
296
305
275
305
352
304
292
317
272
300
304
310
284
313
281
309
307
315
340
289
355
360
324
297
320
332
349
325
324
346
325
312
332
349
290
285
300
345
307
337
291
327
338
324
354
336
328
357
349
335
344
319
325
367
315
348
324
339
299
338
393
367
368
347
347
331
347
337
312
342
296
327
320
337
343
329
359
350
339
351
336
344
340
348
335
326
336
320
343
328
347
343
306
358
354
346
342
368
318
343
428
340
354
298
348
299
306
321
355
351
350
340
311
346
301
369
355
357
352
349
331
350
351
346
310
345
338
346
325
368
393
392
387
334
344
359
359
330
338
377
360
314
367
379
324
340
365
358
354
362
363
316
335
308
328
312
314
343
349
330
338
348
312
350
337
361
316
318
368
354
356
364
361
305
359
344
338
291
341
367
346
358
366
332
304
356
341
354
341
332
330
337
298
364
343
306
368
369
322
324
335
348
357
326
352
335
337
336
344
364
316
347
320
325
350
363
305
333
475
371
350
627
818
443
348
352
333
321
344
288
352
327
350
294
278
348
339
339
323
368
318
320
334
359
358
343
298
336
296
354
328
291
375
332
323
333
387
327
320
412
335
485
458
373
533
492
340
417
520
414
381
537
531
421
374
344
503
420
313
314
387
371
365
383
369
316
368
373
350
382
360
300
309
278
329
296
338
329
288
302
308
280
302
303
310
326
296
326
297
294
306
333
355
416
565
427
449
307
318
329
326
318
282
323
342
349
338
350
325
333
296
310
292
322
345
344
331
339
363
312
307
336
344
305
334
323
308
293
337
291
291
299
385
380
641
387
359
371
293
333
319
334
362
335
310
341
316
317
282
327
320
299
303
300
317
306
324
292
337
303
352
355
289
337
342
312
323
300
309
320
301
332
352
358
373
309
336
312
340
395
370
345
317
322
343
305
331
328
349
305
353
315
337
307
367
344
319
339
351
349
293
325
332
363
341
296
306
362
332
303
344
336
356
360
388
385
344
317
348
318
306
313
326
322
302
304
314
342
328
359
367
344
343
345
332
333
293
353
302
330
367
364
308
336
310
324
349
329
306
335
335
361
341
339
359
320
344
334
298
318
297
312
340
465
324
335
337
304
336
343
320
361
335
303
345
352
319
332
309
358
323
336
348
330
334
332
327
318
338
341
347
341
334
302
329
311
313
352
335
354
