59
56
53
55
52
53
50
52
51
46
47
44
44
45
46
48
48
44
49
45
46
46
46
42
47
41
45
48
48
48
47
46
47
45
47
42
41
41
46
44
41
45
45
48
44
44
48
43
48
53
55
46
46
46
43
43
46
51
43
45
44
42
44
45
45
43
47
48
41
46
46
47
46
41
46
46
44
45
43
46
46
45
47
42
48
43
43
42
43
44
46
45
48
43
42
42
45
49
46
41
42
46
43
43
46
43
47
42
46
44
45
47
46
42
46
42
48
48
47
45
47
45
43
47
46
46
45
47
46
48
44
46
44
48
45
48
46
46
51
54
47
47
46
42
45
47
44
49
48
47
47
46
45
47
45
42
48
45
46
46
46
44
46
44
46
46
47
47
44
42
48
45
46
47
45
48
46
45
41
47
43
53
50
47
45
50
48
46
44
49
45
48
48
45
44
53
47
48
46
49
49
44
45
48
47
47
48
49
50
46
48
48
46
44
45
50
50
49
46
44
44
49
49
48
47
55
88
92
99
84
95
88
66
43
54
58
51
46
46
45
43
41
47
43
47
46
53
53
46
46
43
47
47
42
49
45
46
41
47
44
44
43
48
44
47
45
46
47
46
46
51
49
47
51
53
46
48
43
48
45
47
47
47
48
46
44
45
43
47
47
48
48
45
43
51
42
46
46
49
44
46
49
46
44
51
46
46
47
44
47
47
44
45
52
50
49
48
55
52
49
49
47
50
45
49
46
47
45
47
49
44
48
45
51
47
45
44
49
48
45
45
47
49
51
49
48
49
44
49
44
48
46
50
51
47
44
44
48
48
50
48
53
49
48
46
50
52
51
51
56
53
54
47
44
49
48
50
43
51
48
48
48
50
50
47
47
51
48
47
52
52
48
50
44
44
43
47
50
52
47
47
54
52
47
51
52
44
47
49
47
47
48
54
49
49
47
49
47
50
48
48
47
50
51
50
46
48
43
48
49
56
57
53
52
47
46
46
43
47
43
50
49
48
51
43
49
45
51
45
51
45
50
50
51
47
51
46
46
45
50
51
90
58
52
49
49
47
50
53
44
45
52
49
44
49
46
44
45
45
51
44
52
47
44
49
50
44
46
48
44
46
47
47
48
49
47
46
48
48
48
46
48
46
48
46
51
49
47
48
50
53
47
48
50
56
52
47
50
48
49
46
47
44
43
50
46
44
49
51
45
47
50
51
45
46
50
52
50
45
47
44
50
49
49
52
47
47
51
53
53
47
45
49
47
46
54
51
53
55
48
46
49
49
51
46
49
47
45
52
51
49
52
46
49
50
50
47
50
46
45
46
46
46
50
49
47
51
50
45
55
50
46
50
45
47
51
52
49
50
48
49
46
51
48
49
49
45
49
49
53
49
47
45
49
52
51
46
50
48
49
50
49
54
56
49
46
48
49
51
50
49
46
48
47
50
47
50
46
51
47
50
49
51
49
48
51
50
51
54
49
48
46
49
50
47
50
47
48
50
45
48
49
50
49
45
48
49
49
53
48
49
48
48
49
45
50
46
49
50
50
50
50
47
47
48
49
45
54
48
46
44
43
54
51
49
49
47
47
50
47
49
51
91
80
69
73
70
70
60
51
49
53
49
52
52
54
54
46
50
48
50
47
50
45
48
49
46
52
47
43
50
45
50
47
49
48
46
45
48
47
47
47
47
49
47
49
51
48
46
47
50
47
49
49
45
46
47
54
57
52
45
49
43
48
48
50
47
46
49
43
45
44
50
45
51
53
47
51
49
47
49
49
49
45
51
51
53
50
45
45
44
51
45
51
50
49
47
47
48
46
51
47
49
48
48
55
49
48
50
52
48
48
50
47
46
54
49
48
47
47
46
51
54
45
48
51
47
47
47
49
49
51
44
48
46
53
47
47
47
50
50
46
52
52
48
52
49
46
48
49
51
48
46
44
45
48
48
48
46
43
49
46
44
50
47
55
50
50
52
46
50
46
46
51
45
48
51
47
45
45
48
51
50
50
55
47
50
50
45
51
47
49
48
52
48
47
48
52
45
49
48
47
48
48
48
48
49
49
45
49
45
53
44
45
54
52
49
51
49
55
54
53
52
45
47
50
49
46
48
45
51
49
45
49
48
50
51
46
50
108
88
102
98
106
58
53
53
50
46
48
48
51
46
52
48
51
48
48
49
48
54
46
52
52
50
44
50
50
50
46
45
45
44
52
51
53
54
54
50
49
55
50
53
56
52
49
51
45
46
43
53
49
49
51
52
57
50
48
47
45
