577
684
618
769
1299
1365
1365
1551
1602
1520
1373
1550
1556
1027
595
1066
1159
1038
1101
947
830
895
901
923
923
818
612
721
1192
1277
816
681
695
625
651
738
702
707
650
666
707
613
624
739
747
725
700
712
521
746
628
722
586
675
679
708
727
585
649
606
701
829
562
456
525
700
448
740
842
483
550
633
716
594
680
600
754
905
637
505
567
699
678
673
604
746
716
682
663
734
669
714
716
601
696
723
677
713
1359
1069
542
911
849
1107
1026
822
1049
822
1067
1108
833
812
1152
1152
960
1354
1272
1390
1007
586
662
702
959
859
633
680
626
672
672
909
1051
653
589
684
716
632
711
620
687
717
645
732
701
696
730
597
616
616
687
658
782
585
573
583
677
669
724
1298
683
1693
1582
1576
1612
1455
990
1265
1307
1335
1361
1287
1219
1321
1212
1005
1190
491
556
625
726
650
636
600
574
583
613
594
506
624
578
566
600
688
677
617
498
713
686
678
586
692
594
706
678
955
1053
887
469
561
693
683
593
593
599
693
685
627
595
1205
512
509
634
619
658
683
912
846
899
716
528
618
619
717
763
721
694
664
645
1544
2828
1862
1632
1565
1544
1623
1506
2341
2095
1893
1429
895
762
594
633
497
567
724
629
1332
1589
1074
1023
738
872
995
1080
900
1119
777
743
717
605
714
668
724
952
1040
584
581
601
677
667
737
604
686
1045
1046
1014
638
586
555
682
526
675
703
874
639
726
740
695
715
654
738
647
740
763
632
562
627
660
649
712
687
744
692
679
712
629
735
708
683
681
613
749
853
1042
1300
1224
1040
571
585
555
920
996
857
550
776
915
895
958
924
605
787
936
1026
940
906
525
613
673
707
679
706
683
596
685
626
694
622
610
668
671
594
764
614
555
645
664
710
654
435
631
731
687
668
619
723
691
739
737
659
677
725
719
737
663
684
566
621
698
705
630
536
727
607
724
707
682
635
625
668
673
698
705
633
524
584
1361
1607
1554
1692
1588
1631
1350
1582
1545
1711
1302
1004
922
651
475
704
1310
1232
1283
1093
1007
975
1033
1030
1221
1100
610
566
505
606
620
643
728
612
620
683
690
686
738
722
682
596
671
591
636
689
427
602
621
736
631
617
777
632
623
692
663
697
731
752
680
660
694
689
674
692
684
560
610
596
691
666
711
685
711
609
737
689
588
677
658
726
663
642
630
663
812
829
509
1475
1356
1379
1578
1457
1568
1635
1422
1789
630
742
657
616
836
843
621
619
700
761
621
675
1583
1515
1561
1421
1508
1362
1311
1028
829
509
751
1211
459
1188
1424
1542
1572
1435
1383
673
686
583
582
463
513
1214
1700
1547
1380
1562
1445
1539
1121
720
1021
1170
846
968
913
891
855
879
840
863
651
679
685
712
691
706
526
605
481
595
595
616
587
644
619
556
478
573
695
608
669
635
556
564
687
548
509
666
587
727
550
452
456
596
628
680
673
729
731
595
593
600
742
734
630
698
701
715
796
1305
1453
1608
1366
1343
1442
715
702
681
604
719
704
738
980
896
1012
961
1274
1511
1520
1679
1609
1548
1308
1551
1575
1320
1205
1285
1292
1333
1080
1089
1038
1133
1152
738
782
846
843
649
733
774
724
686
674
684
621
698
647
729
735
730
728
650
690
636
744
686
647
669
644
616
640
690
707
669
661
625
660
705
681
607
734
743
660
599
688
693
950
1066
1005
720
652
633
740
677
744
635
825
804
677
625
742
674
684
694
886
705
620
684
690
675
632
633
677
608
861
693
622
602
627
634
677
670
596
613
707
1562
586
769
566
573
728
695
756
614
637
715
666
516
493
805
507
537
794
1456
1549
1416
1521
1423
1443
459
716
1054
1187
630
566
1868
888
990
869
825
463
1186
1297
1177
1704
586
481
1013
1555
1650
1669
1621
1547
1487
1648
1479
962
522
723
969
884
880
919
945
901
794
701
662
746
721
714
1073
1215
938
683
701
712
685
712
725
713
647
721
686
630
693
768
740
717
609
633
681
680
716
695
616
649
678
628
692
690
686
597
697
718
689
700
605
588
740
673
600
678
672
1123
2611
2844
1511
1426
1485
1475
1629
1687
1583
1583
1531
1614
1739
1624
1547
1676
562
1043
705
1252
1409
1492
1326
1170
1231
1323
1084
1307
1144
799
588
686
635
738
691
720
689
621
683
610
703
665
742
684
670
598
696
945
851
986
682
711
593
599
781
1156
1047
1044
1064
1212
1274
1238
1243
1231
1252
1245
1272
1123
1251
1210
1175
1272
1329
1418
2005
1538
972
607
645
1082
1223
1201
745
682
607
700
696
622
681
753
525
925
772
912
1121
860
818
548
526
854
620
736
715
656
680
680
624
701
693
631
694
599
596
744
717
897
819
524
533
649
606
599
711
663
675
702
643
670
674
682
654
664
679
687
648
689
906
1052
562
634
1564
656
1579
1675
1572
1578
706
756
684
742
797
869
790
790
842
906
835
999
1084
602
986
932
927
