1000
1049
1052
1519
722
808
1082
1224
1099
633
554
518
640
592
511
601
582
607
597
570
504
587
703
478
475
440
801
972
863
578
604
506
580
439
654
600
480
683
677
865
425
588
555
716
565
524
733
838
721
665
763
883
676
518
931
844
513
423
523
571
539
666
841
565
674
783
542
438
495
602
556
684
663
700
665
668
860
864
826
423
554
634
585
665
568
525
475
773
896
610
546
486
588
731
712
483
503
509
495
653
584
640
539
584
508
623
598
593
574
504
587
896
874
834
725
693
779
825
737
749
589
564
525
532
730
566
506
593
574
590
539
538
544
480
451
549
561
596
536
585
601
917
639
668
525
592
586
573
607
569
592
608
567
779
488
655
525
506
602
556
509
599
669
467
614
600
597
527
590
583
630
524
553
598
576
543
574
566
592
855
916
746
494
487
521
573
567
521
575
555
563
623
567
584
555
570
578
590
623
575
524
570
539
630
574
566
582
537
500
580
578
642
537
617
597
576
623
516
568
588
568
594
584
572
596
590
675
762
616
708
606
716
766
1370
578
458
774
1708
461
463
594
497
680
438
486
483
485
454
561
600
607
532
517
538
592
581
565
594
571
558
521
609
559
506
616
592
609
583
653
497
2243
2033
1584
1347
1324
1184
707
838
1422
1289
1384
1220
1312
1372
1290
1150
1349
934
2274
1436
1296
1140
1211
1378
1316
1121
1169
1326
1406
1183
1318
1171
1150
1153
1308
1187
1198
1304
1342
780
562
1045
979
1045
1079
1166
686
873
869
858
866
813
732
552
720
427
1062
1312
1372
1261
1305
1314
1227
992
510
2024
1554
2383
737
978
1235
1404
1306
1386
1402
1458
1486
1224
378
1006
1429
1388
1340
1115
1304
1762
2147
980
1767
1869
1275
858
1153
1265
1212
1054
1042
951
1127
1184
1249
1445
1177
637
665
1443
1439
1452
1415
1321
1004
438
1376
1225
1248
1385
1420
1281
1363
1324
1145
1553
1331
1245
1429
1315
1450
1314
1420
1350
1508
1227
1567
1694
1579
2056
1698
1774
1477
1515
1835
1278
1200
1082
1142
1321
571
635
487
531
529
538
838
1363
1332
1390
1296
1193
1371
1298
1420
1476
1318
852
943
994
918
1116
1015
824
806
830
732
830
890
646
1049
542
513
1130
1402
1199
1439
1202
1351
1389
1234
1337
1510
1175
968
1236
1309
1150
1302
1303
1177
1387
1349
1927
1120
1689
1024
947
867
976
999
918
958
620
590
730
751
960
1013
969
486
661
520
573
548
517
511
591
514
620
551
586
565
549
636
637
588
520
530
645
588
505
543
587
649
594
621
594
523
592
567
545
555
503
607
555
603
597
637
587
596
545
583
804
554
585
436
559
521
590
591
592
579
573
552
616
597
562
582
581
579
621
585
560
582
572
666
877
864
994
632
555
531
539
587
591
511
635
591
521
497
570
527
606
553
593
518
611
580
564
475
461
451
377
518
540
531
524
546
580
540
603
568
556
572
536
583
568
534
512
636
503
600
603
609
485
464
556
523
565
516
567
519
581
575
541
557
521
613
624
572
503
565
505
585
592
572
588
537
585
415
430
503
501
538
566
631
584
587
588
576
529
579
603
561
564
562
564
634
590
586
568
530
553
651
586
659
892
752
580
798
835
547
880
1434
566
622
830
734
1029
1219
465
607
579
444
1813
653
1138
561
1262
1203
1653
1437
1433
1403
1274
1340
1157
1165
1159
1307
1325
896
523
500
460
560
538
899
502
487
1043
1066
1074
1228
1106
830
863
834
1318
640
534
517
604
607
755
480
502
476
907
613
589
505
686
797
897
599
756
788
878
764
981
849
546
499
525
487
486
537
582
577
522
625
565
653
538
582
554
626
585
552
552
545
606
633
606
543
498
460
512
564
560
594
563
557
578
635
593
575
590
610
603
517
534
507
648
546
614
857
697
805
886
753
752
728
781
784
830
763
865
767
784
771
787
769
887
856
885
876
837
835
847
833
818
815
765
834
841
857
839
803
849
862
835
1008
1383
760
795
1583
1332
1306
1115
1283
1231
1137
1175
1234
1214
1312
1159
1279
1230
1304
1313
1226
885
444
557
1039
506
1203
1162
1201
1214
1154
701
1107
1195
1136
1310
1625
1149
1358
697
467
666
1116
1270
1301
1112
1242
737
1302
2250
2300
832
1280
1225
1204
1218
706
1034
1183
1375
481
969
1130
1543
1651
520
945
2262
1088
701
1299
1324
1323
1339
933
807
887
1721
2050
2108
1180
1245
1213
1212
1244
863
948
1056
1041
884
946
553
515
437
417
698
1225
1074
1300
1157
1197
750
1203
1131
1194
795
961
922
715
800
740
797
818
884
817
816
811
821
764
837
809
758
588
507
442
462
535
1106
1259
1183
1319
1312
1273
1158
1319
1123
1020
523
468
528
1371
1083
1285
1263
1270
1207
1306
1100
1176
1038
434
533
503
506
1241
689
1211
1278
1336
417
1231
1178
1223
1238
1107
911
738
717
689
802
729
856
823
725
763
802
746
795
795
793
867
778
1133
1097
1199
1210
1208
1232
1230
1153
