1667
1416
1992
1550
1904
1432
802
914
810
828
889
899
803
906
1091
727
780
632
350
384
551
516
482
499
543
524
506
502
498
501
501
537
545
482
511
448
449
442
504
517
506
580
472
404
1387
1432
1080
1181
1161
1250
1034
1149
1127
1141
1134
1276
763
385
441
1258
1195
1248
1182
1100
1132
1043
1154
1004
869
1016
995
592
392
751
680
809
894
848
1161
1120
1138
1067
1194
1158
1148
1545
1160
2046
1550
1268
1123
1057
1184
1104
1107
1194
1406
871
1259
1099
1239
1011
1204
1124
1155
1072
1240
1074
1228
858
1011
957
1102
1157
946
968
589
695
710
731
613
490
440
428
375
408
405
519
507
452
390
414
443
505
500
460
491
510
545
543
466
485
460
453
506
508
508
496
474
512
530
460
452
446
497
468
502
435
730
699
681
528
425
467
428
551
541
524
432
436
516
534
516
514
544
521
547
523
506
480
530
531
511
401
459
515
504
440
497
575
774
459
451
500
496
654
614
463
436
503
708
422
462
433
676
554
705
584
403
470
424
496
476
449
507
482
523
542
468
528
514
536
439
523
515
540
525
513
479
511
588
536
416
501
542
599
748
625
583
579
874
481
782
952
751
888
668
594
887
514
398
408
489
489
408
459
439
482
425
417
433
421
488
498
492
503
507
452
510
532
502
710
578
397
471
535
463
529
504
456
737
432
482
478
595
432
396
468
483
464
492
461
505
468
483
517
490
521
568
732
513
382
482
434
453
496
540
464
440
454
438
552
467
534
509
502
455
497
506
495
511
479
510
519
516
578
522
450
591
430
525
491
467
479
513
509
507
475
451
578
487
551
450
545
460
513
466
552
508
517
521
444
523
549
504
517
454
451
496
496
520
500
441
457
525
464
477
509
510
511
444
500
514
508
453
475
538
508
493
524
548
520
593
1587
1915
1927
1210
1027
1036
1079
1018
1081
1107
1092
383
379
724
718
813
1072
1017
1050
1093
1027
988
1070
1017
1067
1132
1177
940
970
1151
1084
1106
1154
1149
1166
959
1077
1003
1047
1038
1125
1180
1061
1036
1036
1177
1095
1109
1102
1114
1222
583
1040
1112
1081
1069
637
1105
1035
1089
615
656
964
1149
1223
1028
1104
1139
1086
1131
1176
1134
1214
1183
1184
1149
1302
1010
981
1066
1181
1040
1016
1123
991
1091
1159
1109
1098
1126
715
1073
1114
1096
1324
1088
1163
1139
1215
1123
1141
1335
1564
1759
1517
1507
1915
1120
1548
1549
1553
1582
1085
1109
1181
1188
1373
1349
378
439
402
394
1038
1111
1044
1012
1157
1092
1031
1250
1164
1235
1265
1254
1091
1027
1210
1064
1225
1002
1009
1075
1114
1087
883
866
1024
858
839
858
669
706
696
611
680
649
677
614
471
443
452
527
499
505
529
449
515
576
476
464
547
501
513
528
460
504
517
517
510
519
547
518
564
505
509
553
480
501
522
527
541
487
511
511
493
447
551
440
507
437
545
512
506
502
524
536
443
458
476
562
517
445
447
516
543
527
535
633
555
456
456
522
756
836
688
521
399
394
417
513
463
554
550
399
440
428
485
543
489
516
482
500
504
501
472
499
471
551
743
774
864
919
662
502
461
505
495
512
450
514
723
610
473
566
371
454
430
387
509
446
445
436
637
539
711
771
464
476
462
408
565
430
425
448
477
531
466
443
517
532
482
500
464
540
487
526
492
473
489
506
690
440
424
457
404
423
474
444
399
534
686
743
402
436
485
588
367
710
801
741
576
622
525
471
429
611
442
448
489
490
495
497
442
424
448
448
748
560
589
403
463
519
521
424
581
409
463
411
440
500
490
516
511
487
443
426
557
494
729
508
465
745
426
530
503
533
684
504
382
463
501
411
440
427
447
483
540
514
548
473
534
743
739
576
469
445
503
511
460
511
510
514
522
457
832
633
384
455
511
506
520
420
458
470
524
512
579
715
654
826
1234
1025
445
1102
755
752
944
1226
712
586
892
496
512
585
415
476
581
542
545
556
618
510
508
571
552
564
570
516
585
611
785
664
456
432
581
349
424
430
514
533
535
466
453
484
446
498
519
441
480
525
442
509
544
574
549
539
519
492
673
539
393
415
458
519
516
539
472
439
483
472
455
445
499
518
499
512
524
508
504
517
473
465
532
463
487
490
610
440
524
485
408
486
486
516
513
499
457
515
493
454
525
494
472
541
491
451
491
541
500
450
466
534
497
522
552
454
1120
1138
1013
1158
1159
1066
1057
1148
1004
1162
1170
1032
925
439
1061
977
652
668
646
341
510
863
846
851
797
815
893
716
694
663
726
760
382
536
352
452
489
486
438
476
505
523
460
521
476
576
476
576
562
532
516
516
519
494
532
500
532
553
502
761
367
441
1122
492
366
1065
1145
1221
1181
1139
1093
1154
1041
1030
1074
1081
1138
742
592
1081
1133
1142
1176
1159
1188
1167
1222
1753
1297
1215
1191
