299
324
323
305
272
297
290
324
320
302
304
321
299
299
304
313
314
298
316
266
294
296
275
276
257
246
288
247
251
273
281
265
267
275
243
280
273
271
286
255
249
295
283
287
287
318
555
568
521
549
271
299
311
264
269
279
281
257
291
272
249
282
292
263
262
297
297
254
282
274
301
279
281
270
291
301
298
272
293
313
294
300
277
272
300
288
298
267
260
273
391
329
313
313
301
312
312
331
299
302
323
276
304
344
325
260
270
312
291
327
310
300
273
299
287
294
266
293
299
323
294
265
277
268
283
255
320
303
292
274
317
312
300
314
272
317
309
308
286
280
299
271
306
298
303
303
298
269
266
258
264
291
302
295
306
296
294
299
315
272
298
296
304
308
302
264
315
305
292
274
292
310
301
311
262
294
285
255
283
290
270
303
308
328
282
329
323
264
331
326
316
282
309
274
293
293
278
292
270
307
312
292
260
287
289
290
262
302
276
255
274
285
276
260
256
295
305
304
297
251
300
299
272
310
316
280
290
293
462
399
274
314
309
263
258
311
299
278
312
280
269
309
297
262
259
258
303
294
298
301
290
283
287
259
268
276
269
291
287
275
285
256
280
297
300
315
266
264
261
311
320
315
315
275
419
545
591
315
341
494
370
400
550
291
360
505
557
318
341
385
310
371
411
520
520
544
337
315
278
286
320
313
279
266
317
306
300
303
273
293
266
295
323
299
263
308
300
262
308
326
313
318
288
303
319
430
592
636
452
274
262
270
271
264
325
330
348
290
272
288
246
271
256
264
231
268
276
276
259
274
243
292
292
294
286
279
242
275
261
253
288
302
261
282
305
282
308
271
294
382
533
311
550
413
271
300
262
291
287
298
296
254
310
255
264
303
308
292
285
293
273
288
294
255
259
271
282
267
266
290
261
282
297
304
298
315
315
302
294
303
268
292
271
340
396
281
298
261
317
272
261
292
291
264
288
277
306
261
268
296
319
274
276
301
311
292
271
321
272
310
302
294
299
311
298
317
281
320
287
289
274
311
310
264
266
299
308
285
335
299
282
283
280
309
269
301
272
273
265
305
293
272
273
296
327
314
318
275
300
302
278
318
265
309
293
279
300
286
309
316
305
310
320
289
330
292
290
321
311
316
294
291
313
312
476
438
293
313
264
312
263
342
324
448
298
326
300
296
289
258
283
307
256
295
285
283
286
295
261
280
299
258
307
265
296
275
298
290
292
344
271
288
289
303
263
306
256
275
323
260
278
258
293
274
301
312
290
311
316
342
313
303
312
292
312
303
305
289
287
282
273
304
282
274
300
264
312
317
287
291
295
293
287
267
281
307
301
290
305
284
309
274
291
270
308
312
295
315
261
261
295
271
308
297
350
297
298
310
274
322
303
264
291
290
269
290
310
290
288
322
287
275
284
283
268
312
314
301
293
327
288
306
276
311
268
314
320
314
282
297
285
293
304
296
298
311
308
283
328
350
269
282
302
288
282
258
271
322
327
401
402
332
301
314
275
344
332
331
283
265
330
298
284
308
261
307
464
324
324
386
295
293
298
282
302
300
271
271
280
303
313
300
312
340
334
317
274
310
318
313
318
323
317
299
298
304
308
283
317
299
299
271
319
296
298
309
318
297
301
285
260
279
262
295
296
295
295
314
264
263
299
291
289
269
298
265
294
260
289
330
308
290
315
295
306
276
311
268
275
313
322
268
308
268
316
278
297
293
317
297
310
307
295
309
306
273
293
270
305
286
306
307
297
267
256
266
263
257
263
285
286
288
304
262
319
577
324
268
575
800
335
293
309
301
289
299
253
300
295
271
286
274
272
267
296
246
258
278
250
239
296
280
275
289
273
287
275
283
261
253
300
277
278
300
268
263
294
280
260
376
337
341
367
322
290
289
242
244
285
254
276
296
260
309
287
288
323
378
347
412
581
293
318
306
325
279
339
329
371
450
327
266
319
323
320
291
309
300
271
286
303
725
620
540
350
383
288
315
363
291
383
349
475
448
343
381
329
395
281
303
566
443
411
304
284
311
288
292
278
290
312
275
301
302
260
270
282
274
232
254
278
264
289
262
252
296
238
271
239
241
291
275
303
285
299
349
292
496
446
368
555
523
483
289
270
292
240
279
281
275
276
317
300
286
277
261
281
257
251
284
282
283
294
311
288
282
289
310
300
289
301
249
279
291
302
317
291
298
266
341
306
303
299
323
309
316
310
303
347
593
400
267
266
275
285
274
288
273
283
300
317
294
267
276
286
301
268
272
288
282
