123
114
112
111
116
107
126
123
117
113
110
124
111
121
118
109
107
108
120
120
110
119
118
122
121
113
127
129
119
121
122
124
113
123
124
133
131
126
127
129
131
125
120
128
119
130
131
113
127
124
128
127
127
128
122
122
134
115
127
115
122
129
166
127
127
125
133
118
114
130
162
133
119
128
113
137
125
125
131
113
125
118
124
128
114
124
131
125
125
122
120
120
115
119
116
129
124
132
136
119
130
132
131
130
126
134
124
133
129
114
125
117
119
131
131
127
116
130
121
135
130
131
120
116
125
131
130
137
127
133
125
128
130
116
116
121
137
118
119
131
133
118
117
141
134
118
129
128
128
130
132
134
116
129
116
128
128
137
131
117
134
213
130
142
138
127
132
139
130
116
122
127
130
122
129
121
137
121
129
134
129
119
133
116
141
123
142
117
125
133
120
124
136
131
115
119
137
121
117
124
135
139
135
120
119
120
125
130
117
129
125
137
125
132
133
134
117
133
140
133
142
130
142
129
119
126
143
122
139
122
133
123
120
135
128
131
134
123
122
118
119
134
140
136
134
123
117
139
134
126
117
129
136
117
128
126
122
132
141
140
141
126
131
133
127
138
124
135
121
126
136
137
119
124
117
131
130
121
119
126
130
134
128
128
134
131
132
117
129
129
129
134
121
131
136
138
129
130
118
138
127
135
142
139
132
127
130
127
138
135
130
128
119
129
131
125
138
126
115
130
114
132
138
128
127
129
115
133
123
137
122
140
141
134
125
140
133
129
130
129
121
129
129
139
128
130
131
136
125
131
121
130
118
126
190
210
116
124
121
142
122
139
131
133
122
141
129
141
123
143
131
129
135
146
128
145
135
118
121
134
128
142
135
129
141
137
145
119
120
140
134
137
116
131
124
128
144
142
116
121
136
143
118
135
136
141
139
122
140
137
134
118
120
127
143
128
140
130
120
144
135
132
121
132
136
118
130
139
132
131
135
125
144
146
137
126
136
123
135
133
115
133
131
136
136
136
129
119
133
156
246
244
230
236
251
232
241
240
263
208
130
134
133
121
135
141
139
142
130
129
144
134
121
132
122
116
125
134
130
128
136
135
127
136
134
123
137
137
132
138
144
128
124
135
117
137
116
127
130
132
139
118
136
124
137
128
137
132
130
119
116
122
131
137
131
131
136
140
132
143
122
136
144
139
131
139
129
141
136
128
129
124
121
129
163
146
139
119
131
121
141
140
134
132
133
119
142
143
134
139
133
134
131
133
123
115
132
116
126
145
131
136
133
116
124
116
136
133
132
122
128
139
136
127
136
114
139
123
143
151
146
136
136
118
121
128
125
133
118
135
127
133
136
144
141
130
128
127
138
130
123
132
138
122
126
127
118
123
135
119
133
133
141
136
134
133
131
137
130
127
140
132
141
142
119
135
133
131
138
135
178
132
140
139
140
133
134
155
138
144
146
119
126
127
138
121
124
138
126
137
134
121
120
131
138
140
134
134
132
142
149
152
136
131
136
131
130
124
137
140
136
130
133
131
132
129
130
132
132
129
143
133
130
124
115
129
140
120
144
141
132
139
142
133
136
119
136
119
123
133
131
125
122
129
125
134
123
126
139
120
124
134
137
137
144
126
138
118
123
123
114
119
128
135
122
265
255
238
254
248
257
239
231
127
139
140
138
139
129
148
126
142
134
188
210
260
234
290
274
285
155
221
144
130
135
129
136
250
222
195
159
165
187
263
189
200
137
139
135
133
137
140
140
123
135
123
135
138
135
138
133
136
124
137
139
150
139
145
134
144
130
131
138
127
146
124
135
138
121
138
143
132
129
137
125
136
132
129
120
136
122
126
125
141
136
134
135
133
141
135
140
127
129
144
133
128
131
120
128
136
133
130
145
147
132
139
138
150
138
126
142
144
126
145
144
129
140
129
123
140
142
122
150
132
107
125
119
127
121
112
145
121
148
120
146
126
113
121
107
119
120
111
105
154
116
113
110
112
110
131
123
125
119
115
122
119
142
132
128
123
122
122
135
132
123
127
111
114
115
129
127
128
136
125
120
124
125
113
126
131
133
123
116
128
128
123
123
125
135
123
120
135
125
130
140
129
127
111
121
122
123
128
119
114
124
126
134
121
148
223
236
243
235
136
137
123
136
123
122
124
127
122
134
124
122
125
149
142
125
164
166
137
133
137
141
117
141
146
139
151
127
136
124
128
130
129
130
129
132
127
130
133
136
128
117
131
117
126
128
121
118
114
116
126
128
129
130
129
123
138
