149
129
136
118
113
131
125
128
129
130
119
131
128
137
129
132
128
119
132
129
127
134
119
130
126
128
134
126
125
120
127
137
131
119
132
120
130
116
139
137
138
138
130
133
127
142
121
136
117
139
132
137
124
122
131
124
137
123
136
165
165
132
143
124
137
133
132
122
144
125
145
142
151
138
140
127
148
140
147
146
133
147
127
142
127
123
122
139
127
152
124
134
141
122
139
123
143
138
144
129
137
145
137
134
123
129
136
133
143
147
126
154
153
149
134
132
142
123
131
125
137
144
148
145
129
146
131
156
140
127
130
140
128
126
143
146
142
142
144
153
153
132
146
135
153
150
152
144
148
140
214
284
244
285
263
263
210
153
139
147
137
147
153
137
141
150
146
128
140
135
142
156
136
141
156
149
141
135
154
130
140
142
149
139
139
154
131
128
141
139
134
145
130
139
148
125
143
136
146
146
145
154
147
145
144
141
143
128
141
130
133
140
149
132
154
135
147
143
138
130
147
141
136
136
146
140
147
133
142
146
151
135
132
147
219
126
136
140
130
137
143
129
130
136
124
150
143
137
127
136
144
144
127
134
143
133
139
152
153
142
152
165
133
148
155
134
154
159
143
143
156
146
144
153
134
163
133
142
159
142
146
128
161
155
146
148
143
156
146
151
146
143
133
149
143
142
145
136
131
147
144
142
141
152
152
151
139
132
151
136
147
158
139
129
134
149
152
136
152
144
140
140
140
149
133
135
145
134
133
143
141
141
143
134
136
149
142
146
137
135
142
129
145
144
137
139
137
149
143
145
151
145
129
159
144
149
125
129
146
157
145
123
142
138
146
150
128
161
134
140
149
147
136
144
143
143
128
155
134
148
150
138
150
129
151
140
138
137
147
131
123
141
136
132
140
137
132
128
137
158
136
147
144
140
140
141
142
153
138
148
152
294
224
157
148
144
148
144
153
139
128
137
131
133
142
141
144
272
142
123
154
140
134
120
132
127
121
135
132
132
131
134
129
135
139
138
138
130
156
135
132
125
131
132
139
124
128
132
129
141
140
139
127
134
132
145
151
120
130
122
137
134
119
118
136
143
143
128
140
140
148
131
144
137
142
149
134
143
150
129
144
139
138
138
141
127
145
142
122
127
152
224
166
151
151
147
168
177
150
150
154
188
253
257
272
294
129
125
148
137
169
203
214
205
250
195
269
260
162
179
217
286
267
366
249
294
213
172
210
179
137
178
153
288
192
172
144
142
152
141
121
139
129
129
134
130
136
135
122
137
144
127
128
132
147
143
148
138
134
148
135
121
127
128
318
275
303
279
302
192
227
232
169
163
178
204
184
202
151
124
132
140
131
134
132
154
132
125
132
139
137
135
119
120
141
126
121
120
146
123
136
134
149
151
133
169
161
157
179
151
183
271
274
270
270
265
231
228
215
137
120
139
132
129
128
144
129
145
113
127
140
135
138
137
124
124
129
144
125
136
142
121
131
143
121
126
117
134
148
138
122
126
144
136
146
127
138
135
136
141
119
128
129
139
136
125
138
145
132
144
130
130
148
141
128
146
139
150
121
140
144
142
145
131
150
141
135
124
147
139
146
143
131
156
273
167
179
149
153
159
158
156
137
154
139
122
119
121
121
138
140
158
132
129
131
126
140
144
134
148
134
122
121
128
134
115
129
130
133
117
123
133
131
118
120
118
119
115
139
143
133
152
170
145
147
229
139
141
133
138
122
117
118
138
131
135
154
147
169
155
154
144
171
165
155
159
155
139
151
148
160
144
154
161
145
152
151
139
151
151
144
165
158
245
271
161
151
160
134
134
133
162
150
146
150
151
164
133
138
149
157
151
135
152
141
139
134
142
156
134
142
137
139
142
128
132
141
119
120
129
135
135
126
133
117
126
137
132
126
130
136
117
140
136
134
140
135
135
145
138
139
125
128
142
158
137
144
146
122
130
150
123
145
147
149
135
140
145
132
156
129
154
149
139
162
148
148
174
183
146
138
139
137
141
146
128
121
123
130
127
131
138
136
151
148
159
139
143
143
139
135
136
144
140
150
146
150
142
151
152
148
144
143
143
147
150
140
147
129
143
150
141
144
155
143
151
136
139
144
138
136
141
147
138
146
148
151
138
149
133
130
135
149
140
146
153
127
142
142
128
146
146
131
150
144
149
152
155
130
147
129
139
150
145
136
148
134
143
131
146
143
141
152
140
143
139
140
143
133
142
145
143
126
154
149
146
135
138
132
240
152
134
152
138
140
138
150
149
148
140
