29
31
30
23
24
22
24
36
22
25
24
26
22
25
22
25
23
22
23
26
22
24
23
22
29
23
21
24
25
23
26
23
23
23
26
22
23
23
26
23
23
23
22
25
19
23
23
26
22
22
24
19
23
25
25
23
25
24
24
24
25
25
24
25
25
23
21
15
13
12
15
12
12
12
13
12
12
12
12
13
12
12
13
12
12
11
12
11
12
12
12
12
13
13
15
12
12
12
12
12
13
12
12
12
13
13
11
11
12
12
13
12
12
12
12
11
12
15
12
13
11
11
12
12
12
12
13
12
13
12
13
12
12
12
12
11
13
12
12
13
15
11
12
12
12
12
12
13
12
12
12
12
12
12
12
13
12
13
12
12
13
12
12
14
13
11
12
12
12
11
13
13
12
12
12
12
12
12
12
12
12
13
12
12
12
12
12
15
12
11
12
12
13
12
12
11
12
11
12
12
12
13
12
12
11
12
12
12
12
11
14
11
12
12
12
12
12
12
11
12
12
12
13
12
13
13
13
13
12
13
14
15
11
15
13
12
12
12
13
11
12
12
12
12
12
12
12
12
12
11
12
12
12
13
12
12
11
15
12
12
12
12
12
13
12
12
11
11
12
12
12
11
12
13
12
12
13
12
12
13
15
12
12
12
12
12
12
12
12
13
11
12
12
11
11
12
12
12
13
12
12
12
12
15
11
12
11
11
12
11
13
11
11
12
11
12
13
12
12
12
12
12
13
12
12
12
15
11
12
11
12
13
12
12
12
12
11
11
12
12
12
12
12
12
12
11
12
12
12
15
12
12
12
12
13
13
12
12
11
12
12
12
12
12
11
12
12
12
12
13
12
13
12
15
12
12
11
12
11
12
12
12
12
11
11
12
12
12
12
12
12
12
12
12
13
12
15
12
12
12
12
11
12
13
11
13
12
11
12
13
12
13
12
12
13
12
12
13
12
14
12
12
12
12
12
13
12
12
13
13
13
13
12
12
11
12
12
13
12
13
13
12
13
15
12
12
12
12
12
12
12
12
12
12
11
12
13
12
13
12
12
12
12
12
12
13
16
12
13
12
12
12
13
12
12
12
13
13
12
12
12
13
13
12
12
13
13
13
13
14
12
12
12
13
12
12
12
12
12
12
12
12
13
12
12
12
13
13
12
12
13
11
15
12
13
11
12
12
12
12
13
12
12
12
12
12
12
12
11
12
12
12
12
12
13
11
15
13
13
12
13
12
12
12
12
11
12
12
12
11
13
12
12
12
12
11
13
12
12
14
11
12
12
12
12
12
12
13
12
12
12
11
13
13
12
12
12
12
12
11
12
12
15
13
12
12
12
12
12
12
12
12
12
12
13
13
12
13
12
12
13
12
12
12
12
15
13
12
13
13
13
12
13
13
12
13
12
12
11
12
11
13
12
12
12
13
12
12
12
16
12
12
13
13
13
12
12
11
12
12
12
12
12
13
12
13
12
13
13
12
12
12
15
13
13
12
13
12
12
13
12
12
12
11
12
12
12
12
11
13
13
11
13
12
11
15
12
12
13
13
12
12
12
12
11
12
12
13
12
12
11
12
12
12
12
12
12
12
13
15
12
13
12
12
12
13
12
13
12
12
12
12
12
12
13
13
12
12
12
13
12
13
15
12
13
13
12
12
13
12
12
11
12
12
17
12
11
13
12
12
12
12
12
12
12
26
37
23
28
27
17
14
13
13
14
14
14
14
15
15
14
14
14
15
15
14
15
14
18
14
14
13
14
14
14
15
15
15
14
14
14
15
14
30
14
14
14
13
14
14
15
14
18
15
14
13
14
14
13
13
14
14
13
13
13
13
13
13
13
18
14
15
13
13
13
17
14
14
13
14
14
13
14
14
14
14
13
14
27
16
13
24
14
13
14
14
14
15
21
14
13
13
15
14
16
17
22
32
41
24
21
21
25
24
24
24
20
19
20
29
26
44
27
27
27
20
25
28
25
26
25
42
15
13
22
24
24
16
14
13
14
13
19
14
15
17
13
20
18
15
18
14
14
15
13
18
26
13
13
14
14
14
23
14
13
14
14
14
16
17
14
15
15
15
15
14
14
14
15
14
14
13
14
14
14
14
14
13
29
14
13
19
24
24
15
15
14
13
14
14
27
15
23
52
15
13
13
13
25
25
38
24
26
23
23
24
14
14
30
14
15
13
20
14
14
14
14
14
13
14
13
14
13
14
14
13
20
21
21
21
15
16
15
13
14
14
14
23
25
13
14
44
22
22
23
24
22
23
22
41
