366
344
502
561
562
520
562
442
464
501
447
486
494
506
499
511
465
502
477
487
526
472
464
514
545
462
504
505
449
505
462
445
498
444
709
448
432
889
1003
976
1079
1110
1038
1117
1226
933
1048
939
1174
917
394
1115
1185
1097
1056
1170
1192
1082
1196
1239
1270
1233
527
955
1151
1132
1192
968
869
922
850
972
961
818
742
695
812
599
393
519
523
561
586
567
510
549
559
571
557
515
488
518
507
526
506
505
530
471
510
443
513
503
856
523
983
1063
1179
1099
939
954
1146
1011
1084
1083
1048
1215
1438
1359
1892
1316
698
1504
1366
1400
1492
1448
1111
1290
1042
1299
1022
1354
1554
1898
1087
839
407
469
1041
448
453
437
387
450
1007
760
597
671
440
403
436
396
468
525
505
528
502
379
411
629
743
755
856
799
903
610
712
753
756
658
413
841
380
470
435
391
467
621
557
477
550
538
537
441
399
461
444
463
534
532
520
509
504
528
453
483
503
513
527
452
528
512
463
515
496
429
428
857
658
772
442
480
479
418
564
421
416
1114
665
430
441
530
616
589
455
438
591
547
424
373
487
476
540
611
428
471
500
499
443
493
492
457
465
503
437
538
452
485
524
473
499
460
577
454
503
449
420
441
567
439
432
610
639
433
447
434
445
487
489
462
559
513
449
503
440
523
481
501
511
494
500
532
531
477
496
601
438
426
366
418
453
462
454
428
519
396
562
599
651
448
410
378
388
433
416
457
457
433
451
452
515
517
504
444
507
539
504
509
518
605
480
445
518
538
371
406
480
445
491
447
503
438
514
471
508
489
523
501
481
434
436
457
465
444
501
435
483
513
651
783
1103
1068
1128
1106
1029
1121
1076
1043
1036
891
864
849
1229
1523
1540
1185
1058
985
838
706
436
482
451
535
529
514
497
462
449
623
488
439
490
520
488
450
515
447
510
492
526
528
507
448
489
510
514
510
501
495
506
499
505
496
468
454
513
492
431
462
353
372
477
607
632
413
1255
1044
558
652
531
632
390
490
524
471
588
548
499
540
524
501
504
764
823
782
758
826
782
837
512
717
700
512
603
1162
1301
1281
1205
1236
1115
1185
1141
1459
1038
868
2003
1889
1542
1568
1805
1388
1229
1238
962
1207
1116
1324
743
975
770
578
608
584
566
595
511
568
567
556
500
552
552
507
728
432
437
456
474
461
733
914
1103
799
769
677
533
521
535
490
541
563
509
532
555
548
506
364
463
497
510
481
467
532
491
489
523
488
490
512
516
488
440
532
505
500
526
486
497
453
493
471
661
846
984
461
468
446
514
529
539
439
464
535
610
570
578
508
592
606
578
547
546
804
817
1260
1653
1605
1508
1178
1184
1135
1202
1080
984
1025
1335
398
808
1237
1174
1028
1163
1166
1166
1119
1053
1004
1312
1103
1083
1314
1282
1225
1144
1235
1103
1070
1109
1059
1219
1146
1132
1118
1229
1126
1173
1137
1136
854
965
884
836
1499
991
645
733
747
679
686
769
1161
1224
1006
1126
1194
1015
1572
957
1067
1116
1104
1162
1050
1236
924
1182
1071
1140
1081
646
592
901
1577
752
404
643
698
557
364
465
445
653
614
723
575
442
485
796
963
929
952
960
1058
1528
908
415
403
507
677
951
820
507
485
617
418
779
486
568
422
430
501
602
663
437
404
430
478
514
439
414
535
508
449
500
543
529
531
477
718
370
417
439
435
485
491
487
491
538
475
550
503
552
597
705
570
459
585
448
597
397
585
364
498
456
433
499
528
774
557
453
433
507
477
600
373
418
441
524
436
492
468
450
388
457
499
508
491
548
533
494
530
534
488
428
728
724
674
539
486
758
716
435
473
513
447
754
467
439
580
440
679
467
446
462
384
431
478
505
489
551
582
478
479
430
548
485
505
521
524
489
492
487
430
489
506
439
524
471
496
511
510
492
481
534
535
446
471
583
524
529
430
475
500
458
491
516
517
500
479
454
455
489
434
491
485
510
513
516
505
482
473
445
488
455
522
606
479
493
426
421
407
433
623
649
441
365
535
450
468
557
523
560
513
499
437
471
473
507
509
489
542
511
591
455
336
502
463
462
504
548
473
633
674
746
748
393
465
754
681
438
433
442
374
389
388
548
499
500
479
634
386
364
427
493
483
470
474
465
518
447
480
453
488
445
504
530
445
443
515
499
514
544
517
497
511
519
502
639
412
424
434
457
497
485
450
440
444
541
486
490
533
515
509
524
477
552
507
536
496
569
508
494
567
499
440
494
428
499
522
470
518
502
484
537
516
475
480
535
533
435
507
439
446
501
500
468
504
514
528
505
502
437
489
440
455
444
527
482
437
562
495
464
499
451
494
453
506
491
502
491
451
489
485
439
524
546
448
436
494
453
649
673
781
733
392
1513
1458
794
713
