809
1125
1132
1060
1123
1259
1367
2163
1793
1715
1765
1598
1089
1165
1119
1109
1145
1178
1106
957
1098
1083
1104
1102
1140
925
1386
2618
2503
2368
2602
2399
955
2356
1391
969
942
950
924
1617
1295
1321
1062
1106
959
1085
1104
1172
1134
950
1072
1007
1088
1181
993
1318
783
961
970
1152
953
1126
1627
993
901
1009
1164
1103
1138
954
1131
1046
1092
1126
1061
1204
1267
833
1129
1100
1057
1049
1055
1472
1330
1710
1232
1104
1388
1211
1083
1413
1143
708
2376
2382
2419
2462
1729
1067
1502
1371
1358
1494
1297
1350
1180
1348
1595
702
1036
1099
971
1040
1072
965
1066
1057
1055
1002
958
704
1267
929
1048
1098
1182
1638
2208
2212
2611
2718
2655
2564
2222
2235
2559
969
1813
1061
2608
2562
2475
2273
2050
2656
2411
2467
2312
2302
2141
1736
1658
1601
1520
1817
1675
1389
1594
2344
1546
1193
1056
1054
1100
1123
974
1035
1065
1066
1062
1121
956
1110
1090
1010
935
1134
1109
1101
1025
1072
1099
1067
1000
847
1842
2203
1702
2313
2291
2063
1763
1291
2295
1808
2111
2266
2437
1935
1802
3530
1190
1216
1314
1435
1397
989
910
1083
998
1151
1158
1141
1277
1436
1476
2718
1951
2179
2355
2296
1210
1781
1925
1736
1615
1449
1362
1244
1379
1086
1169
947
1174
1043
1143
1132
1049
1144
931
1050
949
1042
1176
1131
1017
978
1106
1076
985
1061
1060
1059
1053
1003
1108
1026
1151
1316
1636
1216
935
1098
996
995
938
1049
1144
1002
978
1105
882
987
989
916
1081
1119
1160
1173
1017
1096
1103
981
1167
1130
990
1008
1024
1025
1149
1090
1001
1098
1143
1078
1010
1088
1069
966
1172
1112
1120
963
1171
1158
1022
1176
1052
955
1019
974
863
1015
1051
956
1089
938
1152
1078
1147
1058
1090
1042
1106
1718
1627
1121
990
1101
935
1021
967
1077
1085
1127
1097
1186
945
1089
1037
990
1239
1153
967
1097
982
991
1073
932
1034
1043
984
1002
996
926
1085
1110
1025
1081
1117
1114
1091
978
990
1020
1240
1155
1255
1305
1301
1309
2786
2247
2204
1009
1061
1447
1717
2659
1354
867
2494
1684
1461
1622
1873
2396
2209
826
831
2487
2601
2425
2140
1832
1396
2417
2644
2506
2277
2787
2694
2377
2629
2369
2199
2354
2377
2254
2198
2548
2116
2349
2618
2406
2358
2377
2077
2572
2038
2037
2032
1157
1002
1137
1072
1132
1145
1212
1522
870
861
2200
2682
2476
2323
2432
1903
2120
2271
2353
1968
2145
2404
1522
2581
2669
2378
2312
2235
1642
1779
2302
2344
2448
2683
1897
2460
2041
2040
1894
1881
1821
1480
1433
1020
1069
3268
2824
2862
2725
1854
1978
1878
2443
2645
2606
2634
2590
2088
2287
1958
2849
2778
2490
2551
2461
1744
2172
2417
2042
2392
2354
2411
994
693
1626
2509
2592
2620
2636
4105
2552
2311
2759
2280
2469
2172
2433
2404
2745
2959
1457
2706
2495
2598
2163
2916
2202
2222
2733
2738
2570
2171
2093
2313
1876
1577
1636
1627
1303
1358
1033
1143
965
1048
1096
961
1020
1069
1165
954
1129
982
1000
922
1100
968
935
1077
1151
1101
1029
1160
1100
955
998
1079
1089
1027
1117
1260
3395
3473
3327
1757
971
987
1158
1162
1553
1629
3170
2519
2245
2443
1971
3191
1561
1694
1657
1617
2119
2088
2637
1030
1080
1072
1128
1076
1161
946
1089
1708
2283
2279
1311
1283
1423
1333
1225
1158
962
1034
1087
975
936
1077
1221
1105
992
1173
956
1103
1121
1103
1099
1103
927
1139
1062
1119
988
1060
998
1052
1117
1090
1073
964
1183
1050
1089
959
1120
1099
1117
1133
1024
1103
1031
996
1053
1059
1143
1025
1098
1378
1031
1203
1052
1167
998
1088
967
1091
1100
1131
1192
1120
1219
2067
1189
1005
1107
965
1123
1103
962
1103
1113
1102
1250
901
1130
1090
1130
959
1130
1094
1077
1188
1086
1242
1935
929
1379
2487
2612
2555
2177
2269
949
1052
2424
2441
1353
2073
2642
2998
1403
1794
3344
2749
1629
1657
2525
2437
2516
1364
1074
1672
1971
2287
1979
1527
1823
1565
1926
1519
1175
1107
1056
1136
1069
967
1030
946
1050
1114
916
972
969
2188
2802
2477
2582
2420
2063
2771
2322
2096
2353
2459
982
1516
2048
1924
1588
1611
1492
1282
1658
2352
1234
1084
1132
1009
1095
1180
1151
965
1227
1015
1246
856
1174
1161
1134
1083
1075
964
973
1090
935
1042
977
1002
1016
798
1120
1046
1085
1037
1058
1038
1127
1097
1088
1024
1086
1168
867
1160
1076
992
1011
1007
984
931
1125
1214
1106
1108
1087
1013
1039
1129
1127
1100
1011
1237
1130
1119
1091
986
1028
1175
2667
2689
2516
2496
2448
2549
2220
2498
2429
2429
2507
1802
810
2698
3562
1401
2384
4007
2037
2282
1130
2490
2224
1359
2688
2610
2332
2295
2022
1256
1406
1676
1752
1292
1234
1291
1329
1248
1097
938
1192
1091
1049
1068
1169
1115
1094
1081
1099
934
1148
1042
1126
1514
1613
1819
1306
1130
936
1114
983
1347
1406
2030
1927
2575
2547
2558
2391
2561
2383
2078
2028
1853
1824
1545
1483
1450
1225
1226
1118
1289
1004
1078
955
1204
1167
1011
957
1129
894
957
1110
1075
985
1082
1098
1071
1194
1101
1074
937
1099
1608
1155
1012
1187
1048
1114
1119
1008
965
1010
1075
1120
1118
737
969
1086
1037
1011
1085
1179
971
1170
1058
934
1014
1079
979
1029
1072
997
1090
937
1042
1158
1135
974
1033
962
1114
1349
2042
2481
2367
2542
2220
2422
1269
1138
2454
3574
3063
1748
2102
2582
1158
1393
1419
1529
1478
765
1151
1916
1857
1815
1344
1556
1418
1453
1287
920
1988
2456
2425
2376
2390
879
1101
2164
