686
810
822
887
807
899
826
908
1251
1486
1295
717
440
383
511
642
724
712
701
665
599
713
735
804
465
640
451
842
754
763
829
785
597
712
536
559
552
699
592
418
540
453
422
933
733
808
669
675
908
741
967
674
824
601
1057
696
667
696
1066
536
483
530
469
480
405
431
411
468
602
543
752
694
550
773
397
459
473
472
575
1218
616
400
424
746
723
390
669
509
706
689
387
529
470
459
597
447
563
522
761
797
457
509
631
1362
423
521
400
525
588
470
443
495
458
503
487
526
463
556
460
614
859
490
806
608
403
485
446
558
462
467
715
480
469
507
538
605
607
602
535
469
392
607
560
422
474
481
605
657
731
562
488
434
452
447
500
757
772
766
714
747
718
688
524
798
775
781
794
480
631
789
746
816
822
777
697
797
548
408
472
548
572
458
549
429
508
453
597
598
699
849
680
514
744
664
456
430
411
501
516
616
450
784
750
460
474
757
542
432
551
792
799
457
596
561
733
866
572
620
632
563
554
635
579
500
777
791
765
545
594
825
658
739
802
818
636
648
636
734
532
556
538
841
529
578
571
441
661
759
539
462
528
533
527
540
454
472
414
420
524
675
583
463
509
388
937
481
425
542
539
676
769
700
453
431
513
801
716
579
528
434
585
625
628
552
811
416
603
446
468
597
481
574
782
561
661
463
469
612
564
646
633
627
500
641
581
422
602
566
458
495
458
457
472
518
625
686
745
744
677
785
632
747
660
708
718
692
766
597
671
505
584
587
508
516
509
490
580
731
593
762
748
788
499
693
816
441
460
433
697
1235
1561
911
849
786
787
846
1077
991
1063
888
3384
942
985
881
845
773
630
617
768
787
550
798
534
845
869
779
537
788
724
772
786
718
489
413
737
784
678
659
753
824
774
700
464
498
512
405
564
623
868
591
747
865
713
774
820
500
423
469
524
515
600
735
737
760
754
770
728
723
528
444
762
701
531
779
636
516
502
476
502
699
767
652
831
827
447
823
500
523
804
706
649
612
538
461
484
829
633
758
828
822
791
773
783
884
873
845
771
647
748
843
471
505
489
447
828
843
604
775
652
470
568
835
865
605
685
491
575
559
447
543
487
469
466
460
588
549
546
437
490
532
608
469
402
719
678
456
551
447
507
409
495
510
505
550
630
535
704
553
453
536
481
491
596
478
491
487
461
516
519
536
609
497
542
564
531
542
548
527
467
526
524
540
538
538
554
466
528
538
602
796
788
839
825
789
751
815
753
797
808
798
811
784
765
761
835
782
937
792
817
804
819
839
834
821
830
852
846
825
827
843
856
779
870
871
888
806
821
848
863
921
877
822
686
416
1057
946
1097
954
1257
505
760
471
451
1008
1102
982
1000
1109
731
831
1166
1135
1202
1350
1181
1188
1062
1112
1162
1177
1232
1132
1198
1019
1015
993
827
818
753
774
822
1416
1907
1781
963
774
828
813
810
883
451
406
393
448
477
504
452
516
503
515
576
479
520
482
508
485
529
529
636
740
785
655
672
802
838
721
764
777
700
755
792
779
800
788
820
752
770
816
737
802
808
795
800
738
796
740
740
839
843
828
740
806
802
763
857
883
837
850
876
868
854
833
1248
1190
1059
1141
1006
1116
1128
1205
1539
482
381
1100
979
1067
1110
1153
1190
732
943
1107
1002
1033
878
474
502
381
659
1047
1197
1161
1151
1068
997
976
1199
1126
796
418
972
1005
1173
1135
1245
1178
1227
1098
1134
1151
1265
1311
1102
972
1082
1172
1071
1183
1131
1170
1101
1111
1147
1026
407
437
400
962
1045
982
1057
956
918
943
981
947
845
891
667
758
560
456
419
480
544
511
499
552
468
501
525
555
562
510
503
520
522
518
470
482
520
522
489
468
521
536
668
518
511
536
558
498
562
589
576
525
478
517
542
501
515
574
565
531
564
543
536
560
517
536
501
490
622
456
457
545
491
510
504
548
525
470
477
469
511
551
500
562
567
557
542
500
459
537
571
468
549
536
1063
1013
847
689
849
508
686
677
618
892
809
749
498
545
484
490
548
677
640
671
468
427
500
429
408
444
751
1095
502
594
523
542
485
469
769
780
437
422
583
486
754
580
694
541
746
856
676
503
442
425
475
480
496
598
606
605
570
967
649
781
667
784
814
834
678
665
759
484
732
705
575
714
461
520
454
859
706
639
658
826
1033
778
620
523
466
455
397
380
449
445
502
486
503
743
796
970
950
884
932
522
533
603
524
623
477
389
464
408
389
458
443
444
472
525
769
500
655
460
439
447
415
512
522
449
391
514
408
491
951
520
587
950
467
503
516
509
637
471
571
485
722
447
429
686
698
476
519
476
534
534
468
502
