56
73
58
84
94
56
67
69
54
45
54
47
45
52
50
50
54
53
46
47
46
52
53
54
55
46
57
50
51
54
52
50
52
52
54
54
55
52
49
52
47
55
50
51
52
53
49
54
54
47
52
51
53
51
50
46
59
45
53
53
53
47
53
47
48
52
50
55
51
51
53
51
48
49
48
52
59
51
47
55
48
51
46
46
51
52
56
55
47
51
52
47
54
46
50
51
47
45
48
47
51
51
52
47
47
48
52
51
54
46
52
50
50
51
52
56
51
53
56
47
48
48
52
53
55
49
47
46
54
50
50
53
48
47
46
51
50
53
50
48
50
50
55
56
48
48
50
56
52
49
46
50
55
50
55
53
48
55
53
56
51
55
50
50
51
55
51
56
52
52
56
55
56
54
55
51
46
50
58
55
52
50
53
47
53
52
48
51
51
53
49
55
55
49
56
51
55
47
50
50
56
53
53
54
47
51
49
51
54
52
50
59
56
53
51
53
51
52
51
53
55
54
53
54
94
131
64
55
53
52
53
56
52
53
53
62
56
53
49
53
56
53
57
53
52
52
49
50
56
61
57
54
54
57
50
54
55
55
48
57
55
54
53
54
50
51
55
54
55
48
54
52
49
60
56
49
54
54
52
57
53
53
57
54
55
50
52
55
50
49
54
48
57
57
50
53
48
55
54
54
54
59
50
52
59
54
51
53
51
50
58
56
59
53
56
58
54
56
50
58
51
54
50
54
56
51
55
54
53
55
58
56
59
55
54
58
54
54
51
57
59
59
55
57
54
58
59
56
58
54
55
56
49
54
55
56
56
53
55
60
53
56
55
56
50
55
57
53
57
55
57
60
60
54
52
55
57
56
52
54
57
59
51
57
54
59
55
57
55
52
56
60
55
61
52
55
59
53
57
55
52
58
53
54
54
53
54
55
50
49
58
58
58
56
59
58
56
55
52
56
53
60
54
56
57
55
58
50
61
57
59
56
56
56
56
55
57
54
51
57
54
56
57
57
59
52
50
58
55
55
57
57
56
54
53
52
55
54
53
51
61
55
91
87
56
50
54
48
49
58
56
54
52
50
54
53
57
52
51
55
49
52
55
52
54
51
54
53
58
59
50
56
51
55
54
54
53
55
49
53
54
58
56
51
59
52
53
58
59
59
55
57
57
57
56
54
55
51
52
50
53
51
48
59
50
54
54
48
54
52
56
55
53
53
57
56
54
55
57
54
58
51
53
52
52
51
52
55
53
55
50
53
54
57
57
51
56
56
55
55
55
52
60
56
55
56
58
56
55
57
53
54
51
55
57
57
59
54
56
50
53
54
54
53
50
58
52
55
55
57
55
53
54
54
58
56
56
56
57
58
59
56
54
51
54
56
55
61
56
55
58
50
58
55
54
60
58
57
53
53
52
49
54
53
54
58
54
58
51
54
49
56
56
55
57
52
53
55
53
49
48
51
49
53
51
55
53
58
52
54
52
54
57
54
59
54
57
57
51
52
54
60
57
55
57
58
56
51
54
56
55
51
60
57
54
56
56
57
52
55
54
117
57
54
53
54
59
53
50
53
53
53
51
53
50
57
55
55
58
56
57
59
54
56
56
51
57
50
48
51
55
56
50
57
52
54
57
54
49
51
52
52
56
50
52
57
49
51
53
52
47
51
50
51
52
55
51
52
51
47
52
55
51
54
49
51
52
51
45
54
49
45
53
50
52
55
47
47
51
55
50
51
48
51
52
51
50
47
51
51
54
50
52
46
45
45
50
53
51
54
52
46
54
52
50
51
50
51
50
58
51
50
46
52
46
50
55
52
50
46
49
48
50
52
51
50
48
49
52
49
49
49
47
47
51
51
51
47
48
49
46
50
51
50
54
51
52
52
51
45
48
50
51
52
46
50
54
46
53
54
46
50
48
50
49
50
46
50
47
48
51
46
46
52
49
51
49
47
47
48
47
53
54
57
51
48
55
50
46
48
49
50
46
53
50
47
51
52
53
49
46
51
54
54
50
52
49
52
47
46
51
52
50
51
52
53
52
51
50
51
52
47
48
53
52
53
206
55
58
58
57
125
158
139
150
156
154
133
139
158
147
140
166
148
149
147
150
153
155
137
147
147
141
143
142
149
154
142
152
161
146
159
160
56
46
48
53
52
49
51
46
52
54
51
51
52
53
45
47
47
46
49
53
47
48
53
52
50
51
51
51
51
51
48
49
51
54
50
53
50
51
55
50
46
51
50
47
50
52
53
53
47
51
49
51
49
46
50
47
46
