102
84
87
79
88
87
78
86
87
83
85
80
94
81
89
86
90
80
85
90
89
78
81
87
87
88
84
89
86
89
84
79
87
88
84
84
82
93
84
91
78
84
92
82
78
80
84
91
89
92
90
79
88
95
88
89
89
84
88
86
84
95
79
88
96
84
82
90
93
85
88
88
190
175
187
165
166
173
165
168
158
169
161
192
188
102
90
80
89
93
87
89
85
83
88
90
84
89
90
89
87
84
87
89
94
89
93
84
89
85
88
79
92
82
85
87
84
94
89
82
83
95
82
83
91
85
89
87
89
94
79
91
95
84
95
83
93
96
82
88
95
92
88
92
92
92
90
100
91
94
86
86
83
86
87
83
90
92
92
81
84
94
85
93
93
84
97
93
90
94
92
85
92
123
91
95
89
94
93
88
98
99
84
92
93
89
99
85
94
83
97
81
92
95
93
95
96
95
121
123
90
95
93
94
88
97
91
89
99
91
86
91
98
94
92
95
84
95
90
89
88
91
84
98
88
84
88
90
85
85
94
100
91
91
98
98
96
85
88
86
96
94
93
92
91
100
91
93
84
85
103
94
84
86
98
84
91
94
87
91
90
88
90
92
90
90
96
94
95
83
94
93
86
94
95
92
99
97
93
93
94
93
97
97
87
96
103
90
98
92
94
84
95
93
95
98
93
93
92
92
83
83
98
96
92
91
92
94
85
92
87
88
92
85
96
92
91
88
102
94
95
100
90
94
94
87
88
85
96
94
98
95
92
96
92
86
95
93
94
97
84
98
99
88
90
88
93
94
85
90
92
90
85
93
88
94
98
95
91
95
89
92
92
96
92
95
96
96
95
87
94
103
91
97
93
96
90
91
97
95
93
86
88
82
95
88
96
86
84
96
86
93
92
86
90
83
88
83
92
92
99
94
83
93
89
91
92
92
83
98
92
94
95
91
104
86
84
83
89
92
92
97
97
88
92
83
89
95
92
94
86
93
96
98
89
96
83
85
98
87
93
91
94
91
86
99
92
85
90
87
86
99
99
83
88
94
94
95
88
84
97
100
112
100
94
94
89
95
102
106
88
86
97
101
127
116
103
87
81
103
97
101
107
98
158
119
91
89
89
94
99
114
138
128
180
160
146
185
156
176
188
95
95
143
105
112
97
134
90
136
95
94
109
92
108
154
121
160
123
97
102
111
137
131
195
146
127
120
101
87
93
105
101
107
100
214
209
196
180
188
183
176
178
190
184
182
172
169
190
175
175
168
190
188
159
166
166
152
149
88
83
86
88
83
85
81
85
91
88
85
96
92
85
89
86
87
92
85
78
79
94
86
90
82
89
79
91
83
80
79
91
90
83
85
83
88
83
94
88
94
86
94
85
88
90
84
77
77
75
84
86
92
87
85
88
81
79
93
92
89
79
94
89
84
95
90
85
83
96
92
85
78
90
97
91
136
145
103
155
96
128
117
101
99
96
103
94
95
85
87
82
84
93
81
85
95
77
87
79
77
94
82
81
78
79
82
92
92
88
90
93
78
80
87
86
90
88
82
85
87
89
88
88
89
94
81
94
87
91
93
81
81
91
79
96
89
81
91
80
86
93
94
90
81
88
88
84
96
90
87
85
81
81
92
90
89
81
86
81
88
93
87
89
95
84
99
92
80
88
94
87
89
89
86
86
91
94
93
87
83
91
94
96
99
95
85
85
88
93
92
84
91
89
93
97
95
86
95
88
82
89
91
100
88
85
97
88
90
91
91
91
96
208
140
198
95
100
106
92
107
93
91
94
87
93
94
94
91
91
88
95
87
89
86
87
85
87
86
94
91
89
82
90
88
87
75
89
83
87
88
88
93
84
88
87
84
85
85
86
92
85
87
77
83
91
83
80
86
77
85
93
86
84
86
85
88
86
89
89
86
92
88
77
88
87
79
85
87
94
92
87
83
85
92
84
91
79
82
87
87
78
86
78
92
89
88
109
78
88
78
86
89
102
100
91
96
96
89
91
91
83
92
85
91
86
82
83
87
95
90
86
88
90
85
86
95
83
88
91
82
91
88
95
95
93
90
86
90
92
97
92
95
124
101
90
93
93
96
86
90
113
107
93
85
92
89
95
94
100
94
97
82
86
95
86
86
90
83
88
90
95
84
89
86
102
83
90
87
84
94
89
94
85
88
93
97
90
89
93
99
94
93
97
96
89
100
88
101
88
90
95
98
93
95
94
93
85
94
95
88
88
98
97
95
87
94
94
90
86
94
96
92
99
99
94
97
90
101
100
94
