4515
3731
2301
3939
3671
3840
3450
3287
3501
3477
3610
1912
1586
1708
1601
1703
1930
1678
1926
2476
1546
1665
1731
1568
1649
1471
1426
1898
1628
1892
1951
1858
1858
1987
1410
3242
3182
3313
3624
2013
1597
1839
1805
1785
1304
1183
1631
1582
2623
1872
1612
2060
1416
1160
1402
1594
1707
1452
1646
2385
2398
1149
1064
1911
1996
2455
1471
2006
1520
1435
1329
1572
1548
1371
1598
1352
1301
1360
1588
1264
1415
1339
1626
1448
1471
1314
1569
1542
1186
1857
1870
1411
1559
1407
1654
1971
1436
1532
1744
1567
1547
1618
1480
1650
1541
1389
1408
1609
1196
1397
1518
1605
1658
1555
1645
1592
1436
1850
1635
1455
1515
1624
1397
1520
1661
1630
1601
1578
1179
1549
1195
1502
1546
1939
1461
1654
2444
1826
2675
2357
2114
2185
2405
2218
2085
1799
1299
1544
1489
1585
2312
1571
1515
1960
1609
1723
1723
1517
1786
1690
2300
1757
2336
1332
1393
1489
1533
1561
2222
2174
2152
2074
1824
1443
1325
1557
3450
3225
2637
2202
2795
2756
2940
1150
2116
1437
1549
1310
1198
1306
1258
1253
1322
1281
1268
1129
1493
1233
1373
2733
2382
3204
3351
1272
1586
2686
3032
2726
2577
2257
2297
2058
1768
1261
1637
1928
1960
1701
1315
1430
1587
1570
1641
1634
1591
1644
1429
1189
1500
1289
1455
1367
1722
1515
1640
1407
1173
1314
1340
1379
1508
1343
1513
1510
1537
1435
1406
1449
1516
1310
1573
1428
1514
1403
1539
1496
1252
1363
1555
1320
1540
1142
1487
1332
1440
1640
1595
1618
1579
1541
1431
2004
1379
1099
1377
1538
1510
1351
1354
1518
2146
2060
1269
1596
1379
1451
1468
1784
1646
1939
1494
1350
2331
1823
1548
1420
1376
1384
1254
1764
2274
1298
1302
1622
1520
1551
1346
1434
1471
1771
1495
1589
1327
1519
1176
1332
1298
1434
1385
1747
2382
1894
1186
1466
1308
1607
1536
1579
1801
1881
1583
3076
3359
2581
1343
1648
2163
1257
1087
1262
2982
1512
1232
1197
1276
1694
1952
1119
1553
1658
1311
1575
1501
1899
2608
1851
1995
2101
1866
1532
2354
3287
3622
3167
2483
2236
2064
2288
1259
1503
1483
1451
1696
4779
3501
2932
3940
2963
1610
1830
1985
3201
3655
4012
3017
2870
2351
3700
3465
3506
1313
2582
3092
3363
2951
2096
1268
3243
3508
3485
2843
1466
1819
1653
1983
1726
1303
1302
1711
4474
4221
3231
3218
1483
2797
3598
2988
3647
1854
2367
3033
3465
3451
1979
3277
3297
3399
3673
3672
1863
2598
3644
2358
1186
2729
2255
3445
4069
3184
3039
3456
3203
2051
1668
2156
2729
2291
2669
3253
2413
3005
2775
1257
2217
2023
2239
1679
1886
2089
2349
1213
1424
1593
1299
1495
1579
1506
1560
1468
2149
1732
1766
1502
1554
1634
1502
1440
1691
1214
1220
1263
1321
1372
1510
1426
1506
1634
2664
1351
1762
2903
3363
3279
3531
3614
3461
3656
2603
2860
3731
3418
3815
3071
3189
2038
1325
1373
1136
2131
2018
1446
1674
1850
2195
2270
2054
2417
2099
1515
1483
2064
2201
2296
2607
2046
1824
2012
2197
2447
1612
1530
2094
1401
1513
1908
1748
1472
1499
1690
2555
2202
2597
2602
2064
1515
1424
1784
1424
1724
2058
2312
1327
1849
1589
2351
1330
1228
1310
2003
1818
1230
1511
1330
1480
1838
1470
1577
1267
1784
1819
1428
1324
1539
1370
1358
1276
1539
1455
1546
1560
1422
1684
1352
1795
1301
1396
1343
1391
1544
2426
1459
1502
1660
1871
1340
1337
1332
1302
1545
1393
1340
1502
1305
1502
1839
1335
1268
1583
1912
1803
1722
2156
1939
1854
1959
1889
1674
1583
1573
1356
1555
1570
1313
1294
1597
1397
1308
1465
1886
1208
1421
1402
1489
1327
1356
1943
1292
1414
1328
1549
1718
1340
1473
1521
1627
2630
1708
1357
1341
1572
1412
1523
1530
1468
1298
1307
1598
1516
1526
1204
1384
1452
1399
1500
1467
1382
1307
1638
1554
1840
2143
1534
2361
3854
3922
4246
3185
2588
2748
3471
1304
3673
4022
3694
2962
2248
2403
2622
1978
2031
2153
1425
2292
3750
3507
3273
1225
3227
3428
3362
3646
3491
3450
3553
3531
2285
1998
3194
3747
3707
2225
1360
2146
3687
3092
2441
2172
2648
2939
3347
3551
3447
3180
3158
3648
2810
2949
2302
2230
2190
1932
1695
1320
1379
1684
2652
3456
2940
2614
1525
1515
2496
2478
1116
1647
1419
1527
1437
1642
1404
2082
1724
1122
1498
1399
1370
1332
1507
1531
1589
1901
1274
1302
1322
1488
1320
1488
1484
1617
1497
1588
1034
1439
1535
1573
1531
1614
1690
1603
1542
1896
1236
3343
3414
3200
3030
3659
3113
2884
3616
2490
2858
2542
2214
2202
1686
1634
1539
1483
1340
1346
1333
1371
1539
1501
1461
1221
1675
1518
1641
1423
1647
1639
1580
1377
1678
1554
1281
1632
1534
1505
1596
1329
1503
1535
1611
1461
1496
1472
1595
1478
1348
1399
1335
1398
1132
1406
1510
1580
1619
1524
1590
1343
1589
1563
1411
1611
1585
1580
1511
1563
1312
1495
1437
1546
1395
1753
1889
2105
4538
3037
1275
1529
2699
2961
3988
3514
3575
4178
2607
3497
3559
3525
3318
3324
2922
3781
3236
1775
2539
2296
1846
1477
1669
1652
2691
3558
3337
3253
3599
3702
3939
3108
3853
3066
3739
3256
2653
4134
2296
1520
1786
1753
1576
1669
1759
1365
1629
1578
1546
1547
1484
1361
1410
1582
1596
1498
1534
1565
1544
1452
1302
1338
1457
1330
1325
1334
1554
1304
1397
1497
1474
1388
1358
1405
1413
1538
1478
1627
1558
1506
1537
1402
2019
3638
1264
1695
1600
2100
1601
1536
1394
1551
1310
1933
1341
3698
1641
1306
1399
1727
1519
1378
1494
1544
1621
1173
1413
1502
1462
1354
1613
1637
1712
1417
1656
2837
1966
1951
3532
2627
3139
3524
3391
3583
2970
2256
2936
2275
1857
2145
1535
1256
1431
1484
1502
1356
1321
1409
1612
