746
830
693
731
677
660
779
782
910
588
946
903
1854
1318
1144
945
689
913
779
893
1135
1227
1164
1176
1214
1132
1347
1290
1243
1428
1047
1012
1162
1120
1161
1262
1217
1181
1260
1297
1139
1291
1037
693
977
1970
1667
2360
1657
1568
1656
2100
1091
720
911
1093
1248
1205
1123
1038
981
992
923
1012
809
771
1683
606
967
1039
966
679
1135
836
795
871
856
863
924
726
1067
1128
849
1032
857
1155
685
797
806
607
693
807
641
803
752
653
609
538
633
636
870
898
942
1096
1203
1230
1269
1234
1147
1165
1220
1225
1240
1049
722
1110
878
659
802
1061
712
783
1021
671
890
924
604
546
697
886
864
602
719
674
528
687
726
1230
1567
1704
1047
742
774
731
612
742
604
710
811
667
724
1615
1432
1683
1579
1593
1558
2221
2061
2092
1857
1611
1794
1613
1269
709
1665
1708
884
560
1543
1728
1685
1190
535
1547
1083
2122
2078
1644
2809
2212
728
692
788
818
1165
1543
1940
2326
930
1170
1038
1364
599
555
907
862
846
913
866
790
769
875
1235
1983
1194
1845
2083
1371
1173
1246
1308
1293
1273
617
611
636
749
799
858
773
810
844
901
861
856
830
817
781
883
548
876
1820
2342
1151
1266
1240
1309
1271
1171
1151
1299
566
769
688
659
645
663
750
649
749
682
742
757
795
682
657
662
741
698
747
1964
2612
2562
2918
2626
1537
1786
2841
2771
2808
2782
2675
2921
2914
2353
2228
2032
1712
1797
1558
1295
1385
1442
1291
1234
1221
1195
1222
1224
623
688
645
472
644
790
646
734
690
703
759
762
761
729
747
672
1061
652
673
1092
1577
560
1780
1737
1733
1327
1564
1248
521
1685
1495
994
1722
1690
1438
1275
914
1384
2304
1297
934
740
1373
1337
1365
2419
1935
632
734
554
732
677
671
1148
709
516
725
665
723
761
733
922
1085
1160
1185
1186
1143
1233
1219
1255
1246
1204
1207
948
1067
676
643
1088
1028
1486
2219
2503
1369
1189
679
1049
1504
840
814
657
749
762
742
1197
1389
1220
1235
1224
1246
1232
1097
1102
1215
1225
1182
1180
1133
1136
1234
1265
1123
973
672
581
708
680
729
742
668
661
776
785
743
787
675
709
785
776
727
770
771
830
644
762
707
648
766
640
726
672
746
753
798
781
699
656
814
803
761
947
1602
1066
1073
1133
1213
1283
1148
1263
1211
1279
1149
1345
1249
1242
1234
1156
1250
1250
1272
1131
1147
1262
1141
841
649
741
660
783
747
778
657
676
776
657
783
787
741
635
648
686
635
733
715
2412
2741
2807
2491
2549
1511
515
466
1209
1976
1051
748
671
619
914
1395
681
708
740
723
742
910
948
746
1057
1107
1089
932
861
679
736
742
761
746
910
742
729
655
756
781
727
731
677
721
654
715
723
1284
893
731
735
770
655
658
662
699
654
791
767
790
777
744
744
683
744
745
736
625
813
1339
907
823
731
1170
687
737
714
668
763
752
747
759
1060
747
717
518
673
604
731
751
743
708
752
726
750
701
770
753
746
733
682
709
735
741
1471
926
1616
1085
763
698
774
675
676
992
689
804
651
744
780
834
764
817
593
738
641
706
655
760
702
719
761
689
820
801
707
774
752
745
916
909
569
1572
1700
1070
762
796
749
739
2400
1092
746
1097
892
1142
1184
1219
1152
1199
1230
1216
1234
1158
1241
2106
2507
1807
2871
2846
2912
2838
2721
2806
2686
2929
1209
1397
1646
1517
1307
1200
1342
1165
989
994
1215
879
819
785
719
671
766
750
709
734
740
641
703
654
765
675
738
755
739
1052
724
663
647
738
735
746
712
728
657
787
649
803
740
766
689
701
687
653
751
723
724
923
824
1040
756
795
845
952
957
645
798
537
553
711
718
741
730
721
745
807
744
651
734
658
752
657
650
666
677
1000
795
644
617
1061
796
656
641
642
767
652
701
736
731
668
696
714
693
730
742
884
1081
868
1037
1163
1295
1228
1233
1193
1211
1205
1192
1194
1521
1250
929
1303
1266
1016
615
774
642
745
735
587
736
661
689
759
1569
663
1055
1022
726
654
743
836
736
768
745
784
751
785
769
744
773
689
927
1143
1039
639
689
757
864
684
580
673
662
602
563
598
618
552
537
692
782
998
822
794
968
965
1099
1487
1470
1424
1346
1391
1386
1313
677
734
1292
868
624
1023
1053
973
815
1045
877
980
903
963
872
1378
1160
1191
1227
1028
1496
960
676
758
713
742
804
712
743
990
1511
1423
1115
1086
738
797
1297
1576
987
715
779
796
819
631
1447
1410
1027
817
773
680
813
682
650
810
820
663
694
781
1220
1177
1694
2952
2806
2829
2706
1138
2043
2434
2168
1976
3058
2917
2698
1644
778
1553
590
1710
1189
1410
1653
1840
1563
1094
1679
2138
1421
1753
1883
1702
1528
1728
1483
573
1535
2929
2869
2606
1720
1331
1567
1236
674
1448
1581
1235
870
1119
965
603
990
1506
1254
1097
575
884
1049
560
804
697
737
656
738
743
707
763
709
737
755
777
785
884
618
746
753
1045
731
651
770
826
667
764
742
688
715
748
781
750
680
762
952
625
716
616
652
824
1013
1038
1171
1139
1267
1172
1225
1243
