127
95
101
94
102
101
102
102
103
102
99
111
106
95
108
113
116
109
107
107
110
97
120
195
195
184
187
191
146
111
114
107
123
119
112
104
112
106
109
110
108
96
113
111
97
106
111
119
115
111
118
105
111
111
96
100
112
110
121
113
111
101
110
101
116
115
99
112
116
116
98
111
108
104
119
102
99
104
107
114
120
110
104
99
99
109
104
105
114
110
109
113
109
106
119
119
115
107
107
112
109
117
109
115
110
117
117
123
119
106
104
100
119
116
109
110
111
122
114
118
106
110
105
108
120
114
107
114
117
119
102
164
106
113
118
111
111
113
110
113
113
107
110
105
122
116
120
108
107
101
118
109
111
121
111
122
103
117
112
116
120
107
123
103
123
113
114
104
104
111
113
112
112
115
112
111
111
113
114
120
120
121
100
119
112
116
112
114
102
112
119
112
108
116
119
120
116
115
113
115
105
115
128
103
116
114
106
117
111
112
115
114
110
99
119
100
118
119
116
113
121
115
113
108
116
119
111
109
102
112
114
110
112
110
120
114
119
99
115
115
198
120
115
120
113
106
113
113
105
109
106
116
105
114
111
104
113
124
103
113
102
109
125
117
121
116
116
120
119
100
108
108
112
116
119
117
119
113
112
119
98
121
111
114
117
115
110
101
107
109
105
114
113
122
120
110
118
113
111
109
111
101
113
104
103
109
112
114
121
111
108
121
121
115
117
102
116
103
121
114
105
111
121
113
108
107
106
119
113
110
113
104
116
121
107
105
111
103
121
112
116
112
114
106
124
100
116
122
107
102
127
115
113
112
109
102
105
116
116
103
109
112
109
104
118
106
111
116
117
120
113
110
109
107
109
111
100
121
117
111
114
101
107
120
116
103
102
107
116
116
113
102
106
116
110
122
122
106
118
112
109
103
114
110
101
109
111
112
106
115
113
104
112
113
115
101
101
111
111
110
101
108
100
117
111
112
115
113
114
104
118
115
108
102
112
112
105
110
116
113
110
110
99
117
112
111
114
117
110
116
103
111
110
112
109
117
100
109
100
102
99
126
127
118
120
135
119
115
108
119
118
114
143
123
108
121
108
167
171
237
177
110
108
120
121
128
118
124
126
123
147
115
110
108
120
119
120
129
178
159
130
118
118
141
130
112
124
223
247
289
230
233
188
116
117
135
105
106
107
112
117
130
113
97
101
111
113
118
106
120
108
103
124
107
102
117
113
117
121
112
103
101
117
113
108
112
118
102
111
114
115
104
101
110
107
104
111
127
110
106
116
102
104
101
121
99
105
108
108
110
115
103
108
109
118
110
115
105
120
109
110
113
103
114
112
125
116
117
111
112
113
114
118
113
110
106
116
115
118
117
108
110
104
113
108
117
119
104
114
112
121
115
115
114
116
109
114
112
110
106
110
199
120
115
193
256
235
250
212
214
119
106
119
103
101
109
109
109
101
114
118
114
112
104
112
112
110
111
107
96
101
103
94
100
109
106
106
103
102
101
93
106
111
102
102
105
90
91
125
112
111
105
105
97
107
106
102
113
108
103
108
99
94
104
119
106
94
104
104
109
102
109
109
107
103
96
99
100
103
115
116
116
110
95
98
107
108
106
98
108
107
103
104
94
108
101
96
96
105
108
105
97
116
109
105
106
109
111
112
115
274
140
102
121
157
177
167
161
118
119
124
119
126
166
144
148
126
108
125
128
124
108
119
119
109
157
120
126
112
117
113
123
114
114
128
116
124
126
123
110
118
111
120
120
127
124
107
109
117
109
117
118
108
117
114
108
109
114
105
115
126
124
116
116
118
122
119
116
104
109
106
124
120
113
106
123
110
107
110
117
103
117
117
113
123
114
127
114
120
113
106
108
110
119
118
114
116
119
108
110
116
113
118
111
116
122
120
125
131
109
123
128
125
112
120
124
125
126
189
165
110
122
119
121
122
120
130
121
108
144
108
119
117
111
126
108
101
106
110
101
95
104
104
110
110
101
99
107
102
93
93
104
97
118
121
106
105
105
102
98
96
106
110
109
112
98
113
124
110
113
108
108
106
99
105
108
105
112
109
101
104
100
98
93
110
111
91
102
102
105
94
110
113
106
107
101
102
106
110
105
95
122
113
98
112
108
103
103
94
110
96
106
108
99
112
105
107
97
99
105
113
111
100
94
98
98
119
114
97
100
108
109
111
95
106
120
121
154
144
243
222
240
209
212
221
185
116
121
125
104
110
120
107
120
125
117
115
121
126
123
121
120
116
116
120
126
107
115
117
123
