787
688
668
731
774
834
923
749
854
845
793
870
893
771
834
922
920
799
787
832
856
760
831
876
896
859
741
841
880
864
897
747
818
777
545
689
663
603
954
788
956
1030
812
758
983
817
786
768
756
970
930
1888
1860
1891
1840
1960
2043
1943
1918
1352
855
1902
1780
1792
1955
1836
1666
2086
1950
1962
1986
1537
1594
1613
1337
1247
2026
1719
1926
2037
1635
1930
2040
2098
1691
1796
1847
2060
1919
1820
1802
1258
2055
1939
1950
1747
1702
1883
1294
1266
1577
2051
2039
1633
1657
1582
1575
1963
3263
2622
1679
2071
2046
2175
993
1268
737
781
780
895
916
809
720
948
810
608
865
725
830
898
857
769
906
870
852
891
829
771
819
837
828
674
634
719
850
902
852
788
846
853
842
900
838
740
851
840
816
783
668
862
884
832
816
761
824
825
737
761
882
813
884
796
836
889
942
640
594
833
846
735
748
842
850
850
857
836
824
862
841
816
892
803
699
783
829
758
773
758
780
827
834
896
850
917
845
882
874
852
846
767
883
859
679
753
905
802
781
859
792
756
842
912
891
893
818
873
778
918
716
645
773
941
864
746
877
845
878
779
905
798
914
936
782
847
853
798
877
695
826
876
765
826
748
792
753
868
760
801
933
879
846
833
1126
667
792
775
736
867
843
753
764
933
831
852
877
836
957
920
974
726
699
670
856
809
726
842
864
797
842
855
805
820
846
823
869
923
748
734
674
825
772
860
925
932
906
912
859
873
888
866
873
799
818
1326
1081
818
941
914
739
901
847
884
898
873
752
735
835
786
1123
808
654
796
884
909
793
864
803
844
957
873
804
762
803
859
1010
1024
878
694
678
804
916
820
873
824
695
709
825
893
832
895
742
726
671
859
862
788
789
955
837
985
1191
798
756
754
849
810
990
1274
1437
1497
1551
1340
1369
1713
3422
2085
1909
1759
1997
1954
1022
1375
702
1428
1491
1355
1296
1135
1042
985
1118
1317
954
1328
803
1446
2131
2108
1699
1687
2131
1904
1781
651
2158
1884
1991
2104
1669
1877
2277
2835
2484
2083
2075
1683
2027
878
1471
1351
1996
1995
1737
2054
1936
1843
1789
1978
1921
1998
2018
1880
2181
1188
1406
1347
1512
1181
1160
1172
987
1132
885
1072
2165
1794
1979
1771
1756
1767
1936
1923
751
1993
1985
1970
1954
2107
1938
1930
1930
1580
742
779
713
947
819
783
752
690
794
802
1187
1570
1773
861
1547
895
657
552
1030
1678
1682
1971
1807
1971
1973
1380
736
950
1413
1369
1518
1437
1462
1254
1199
1171
882
972
848
898
778
841
887
883
860
865
845
749
893
837
804
892
783
840
962
622
926
851
856
844
845
917
729
849
882
970
862
748
901
874
832
844
1345
1409
829
844
887
908
949
1949
1943
1817
2054
1613
1487
1509
1720
1592
1329
1291
1168
1303
1250
1062
755
815
916
989
817
957
841
886
771
834
811
803
839
914
870
765
875
830
907
789
789
789
869
882
879
848
820
846
812
868
897
837
833
769
1554
2004
1821
1784
1840
1739
1409
1159
2487
1234
1490
1642
1300
1352
1245
1388
1142
1106
1113
900
1029
955
812
876
773
796
922
905
894
746
900
925
631
875
921
931
855
1547
1089
1337
1482
1506
1229
1043
1478
1449
1113
753
1124
854
920
777
741
686
722
799
792
1214
1082
1650
1398
1620
1525
1406
754
1037
836
1023
998
977
979
951
976
929
977
863
898
864
865
2424
2524
2161
1782
1698
2120
2106
853
714
764
1914
1716
1929
2136
1750
2013
1954
1737
1953
1728
2019
1960
1775
1562
784
1247
1274
1264
1379
957
1089
1079
1135
1104
948
916
847
798
849
906
730
687
851
836
844
894
886
856
846
894
856
851
867
734
742
856
788
763
1022
698
877
928
872
805
891
750
847
863
923
810
888
897
870
1528
1386
854
940
881
799
922
885
965
900
900
903
911
897
982
684
897
736
740
792
902
704
697
962
906
892
771
860
911
751
899
774
795
641
743
841
736
760
864
840
936
745
849
757
862
746
904
901
872
759
684
757
767
844
758
826
786
858
871
825
848
813
917
790
876
818
870
714
597
768
891
913
810
882
854
896
916
734
813
865
946
851
1566
1402
1125
844
838
1108
774
724
682
908
736
617
759
811
716
888
774
769
818
852
796
788
901
795
867
768
724
681
601
651
902
1368
1378
1539
1314
1358
1230
1327
1073
680
1089
1669
1732
2057
2028
1881
2026
1457
1007
1303
2021
1866
2050
1721
1974
1999
1380
2105
2927
2976
2746
2103
2080
1198
1136
1067
1046
1029
1056
1071
850
838
893
745
826
805
804
819
767
683
769
834
741
900
776
953
872
870
890
744
774
784
818
800
907
777
765
685
875
862
871
869
751
870
748
759
853
958
875
860
841
875
615
823
925
651
883
795
894
922
943
783
781
747
915
791
883
911
860
778
863
847
784
923
855
783
871
756
852
906
854
848
878
826
825
936
634
733
836
888
795
735
883
940
809
904
890
813
874
775
912
866
1163
1175
1406
843
