178
164
152
168
149
179
153
157
168
148
159
146
128
139
184
148
126
132
147
133
141
133
143
128
149
127
150
135
138
151
143
138
145
193
165
144
220
390
285
174
165
170
166
164
149
153
152
178
131
146
151
140
141
139
125
137
146
148
146
137
151
139
129
129
142
155
154
140
149
137
149
150
156
152
149
137
154
146
152
149
163
160
149
139
148
151
150
161
139
162
143
153
153
160
154
161
159
153
158
153
150
148
153
141
163
152
161
154
163
163
150
141
151
164
145
144
158
205
226
168
156
154
173
173
138
163
146
165
149
148
135
156
153
140
140
153
160
126
149
151
148
146
127
141
155
140
145
137
148
130
141
136
150
147
150
141
143
134
141
137
139
131
153
149
150
127
148
152
130
131
140
145
129
171
143
148
145
134
146
142
148
156
139
139
162
138
146
142
132
152
139
131
136
158
151
151
149
141
159
149
157
214
148
153
158
158
133
134
132
172
176
157
145
159
151
130
139
172
157
131
151
154
161
148
138
153
157
152
159
141
153
144
155
155
160
159
152
137
161
152
153
154
163
158
147
151
136
144
151
148
159
156
145
147
147
138
157
149
164
145
146
152
160
166
163
146
154
147
136
137
143
161
163
157
159
145
160
151
153
156
152
153
141
223
155
157
146
159
140
151
139
152
157
142
152
155
137
144
157
145
151
146
158
154
168
160
139
144
157
154
154
150
153
158
140
161
137
151
161
145
144
145
159
154
151
166
163
156
152
152
141
166
155
155
162
143
155
141
156
152
147
156
152
141
140
153
152
160
157
156
150
157
162
151
156
156
154
156
145
155
140
155
149
154
156
152
154
153
163
146
162
139
138
144
151
154
146
139
137
153
164
171
157
164
138
156
147
208
195
159
161
159
141
158
155
152
161
156
154
156
144
156
144
162
153
160
167
158
153
137
152
156
141
138
155
150
153
153
165
144
149
156
160
157
141
141
150
145
167
156
162
157
150
152
159
160
157
163
148
162
169
161
149
171
147
142
155
154
158
153
164
154
148
143
163
143
166
167
169
157
153
150
148
161
172
164
158
171
170
567
174
161
161
169
239
313
155
157
154
162
150
148
167
213
187
327
292
240
201
170
156
149
167
144
129
136
143
133
130
140
144
150
132
147
145
140
153
148
135
140
133
154
140
127
144
143
142
136
141
151
139
127
146
146
150
135
130
143
143
126
141
144
151
141
144
146
149
145
129
148
137
169
144
144
143
143
135
131
137
134
230
165
152
159
159
150
143
141
145
140
151
162
147
154
155
137
139
125
150
139
142
131
141
152
138
142
129
133
133
127
152
149
130
141
147
129
132
144
139
133
128
142
146
146
147
141
144
149
141
133
141
152
152
143
156
135
152
141
129
146
141
154
146
145
144
135
144
155
152
131
146
153
161
151
141
136
156
137
143
150
144
131
152
151
133
147
145
134
219
287
301
136
150
155
153
135
162
148
150
134
151
148
150
146
149
135
151
134
141
134
156
143
155
146
136
147
143
141
145
144
140
151
144
146
128
127
128
131
132
145
157
147
154
146
156
148
145
142
136
146
136
131
150
147
145
158
128
143
145
157
150
145
151
154
141
147
157
162
140
134
132
156
134
160
158
151
142
146
149
134
160
150
189
165
151
155
149
135
154
144
139
164
149
153
143
142
155
152
157
149
159
135
159
159
137
167
142
155
151
156
136
159
160
149
142
157
152
134
135
147
147
139
154
152
153
138
144
149
148
136
138
155
155
150
141
158
143
166
139
145
139
154
161
146
151
159
148
159
154
165
143
155
156
160
163
155
150
154
152
155
157
137
149
161
135
149
194
187
142
148
158
157
151
156
145
151
139
136
141
155
146
161
139
154
159
162
163
156
145
137
148
146
139
153
155
153
146
158
148
140
160
148
142
157
150
149
137
140
157
154
142
150
153
166
157
150
153
139
155
146
153
140
139
157
137
142
163
156
151
143
159
152
155
153
150
153
153
156
135
157
142
165
153
149
142
151
166
158
162
153
193
159
153
151
161
156
148
152
169
172
166
164
179
152
170
157
160
162
165
140
149
138
151
145
158
145
139
161
167
149
164
161
165
158
151
142
143
142
168
145
170
154
160
174
164
139
157
149
162
161
142
148
158
159
140
158
151
171
174
169
148
160
167
141
157
147
161
158
154
162
152
164
148
143
174
144
169
168
164
161
144
199
154
154
174
137
155
147
150
141
150
160
158
154
156
147
141
157
164
154
147
146
156
154
157
162
152
155
158
156
