1407
3088
3157
3049
1470
2640
1898
2319
1736
1950
2374
2096
2409
2143
1561
566
1449
1304
820
692
862
902
1242
669
980
1009
968
1141
1752
1595
1235
583
643
1005
843
2710
2607
2975
2782
1919
1725
1538
1938
1731
1651
1798
1525
1128
2424
1880
1473
1180
1232
1138
1009
982
1212
1165
1898
1883
1305
1249
1015
615
653
718
723
716
739
641
1003
641
574
1185
1105
683
538
900
1035
1017
950
916
1040
1034
1115
1112
1040
883
1023
790
967
1094
1050
1086
1104
1107
1085
1014
1100
807
698
636
693
715
799
1068
708
735
641
784
733
1012
915
1066
1698
765
734
621
740
688
685
682
669
1403
893
1286
1010
1099
817
699
709
690
1636
1153
1039
909
921
1115
744
785
697
671
630
870
1080
712
995
1094
1057
1102
1341
836
1060
1118
1114
726
537
730
744
770
1095
1023
1170
975
659
1486
748
946
1019
662
852
943
655
936
771
739
552
629
961
1615
1004
794
648
1119
1087
774
654
1069
1136
1015
541
618
888
702
658
646
650
572
764
669
723
706
710
763
718
654
802
932
664
540
588
626
693
709
730
715
666
628
761
714
737
739
713
748
661
516
805
754
935
552
664
985
1639
725
733
725
662
704
722
802
1660
865
649
744
690
837
601
533
626
648
673
730
1175
1184
1260
1261
1673
715
699
660
901
1318
1190
627
772
748
748
749
721
743
775
802
746
748
743
737
733
816
674
688
742
747
681
667
773
684
674
698
764
696
715
729
734
777
759
634
662
761
727
740
770
732
653
774
768
799
1175
806
974
1273
660
625
745
784
881
723
773
763
755
700
749
751
738
648
654
742
669
760
674
720
762
671
737
726
489
727
712
675
697
650
640
748
708
723
705
669
668
669
628
641
665
722
774
878
614
625
640
618
742
703
789
650
832
733
694
762
638
733
648
633
630
710
664
803
1002
955
1288
981
740
709
635
651
657
714
631
706
717
702
735
734
793
2332
2565
2911
1579
1603
2294
1853
829
928
1457
2893
1546
1449
668
888
879
852
871
1671
1883
1231
1459
1081
706
1069
2011
1101
934
671
1244
646
508
685
1270
1239
1290
938
966
1010
668
1020
625
1249
1202
1435
1121
1347
923
535
646
743
717
801
805
898
753
669
735
621
743
714
735
787
741
732
1113
1173
1189
485
694
631
728
644
782
542
545
583
514
649
728
777
725
754
723
748
787
666
780
763
632
734
685
1641
2099
778
962
622
1408
610
652
692
597
727
616
548
1306
1360
1462
924
987
1113
1041
1062
1165
1116
1177
797
1162
560
635
689
667
583
1499
853
624
688
702
702
657
687
735
764
725
648
732
730
785
737
680
626
777
604
842
784
968
531
1506
1110
827
600
1211
1114
1091
684
639
833
956
730
819
629
698
703
901
541
708
730
732
727
536
562
674
707
1401
1408
736
560
594
605
559
644
822
623
659
546
743
696
656
743
764
656
788
843
630
633
652
736
623
699
686
640
772
740
708
737
638
732
751
660
646
668
718
741
720
688
678
541
633
674
710
680
719
725
725
749
734
784
624
743
718
710
721
723
777
733
758
850
894
813
712
1375
873
983
1465
1525
1037
1079
828
747
697
763
756
643
740
1124
2734
1849
1683
1515
1743
1590
1654
1523
1713
1644
1845
1639
1693
1412
1617
1334
1524
1357
1239
1139
1178
1281
963
879
874
1016
955
895
837
678
735
798
824
808
756
680
719
619
721
624
655
709
717
715
728
678
727
737
722
704
673
725
679
717
680
729
770
505
602
760
632
757
689
812
841
733
640
647
655
652
721
665
772
715
712
723
826
785
666
762
779
752
823
659
726
737
627
727
737
727
639
722
731
632
706
920
685
732
755
628
762
752
725
770
654
737
740
749
674
670
760
765
722
722
678
682
713
674
641
734
741
636
799
664
693
633
691
741
718
686
640
644
721
688
1195
572
628
737
712
751
859
661
663
767
646
742
673
718
675
677
749
710
696
782
518
579
766
755
716
646
653
792
742
747
724
714
753
747
773
724
734
714
772
791
723
763
762
717
691
779
722
679
713
746
641
739
642
624
805
725
694
667
779
1228
1363
1238
1223
780
627
782
626
757
671
668
749
784
656
631
701
797
855
959
1021
806
837
883
693
792
928
1210
742
779
1125
826
1275
934
1768
1697
1693
1480
1758
1246
659
655
823
921
653
653
795
764
646
622
712
577
537
672
627
774
650
731
835
602
592
620
686
722
674
781
751
714
1561
1475
1328
825
1329
692
686
673
654
727
874
638
672
760
742
688
669
794
661
739
735
765
735
771
648
643
646
935
765
640
633
875
1103
809
633
538
636
625
635
765
706
597
611
555
656
634
524
853
675
599
735
719
796
791
742
623
627
772
667
755
783
739
928
539
688
820
825
756
543
708
564
735
913
663
671
556
643
615
815
530
588
750
656
671
729
636
717
749
913
632
892
775
717
749
