644
1294
1375
1394
1489
2373
1157
880
834
929
491
817
613
584
779
1024
836
998
857
620
533
613
609
541
952
953
731
992
1048
688
507
660
564
601
588
607
663
550
555
596
564
572
914
1103
686
959
939
572
474
614
1772
1972
847
1330
774
521
677
764
826
1081
791
769
1039
802
711
993
1330
985
1877
1075
999
993
1153
1414
2541
1552
702
1095
839
568
1194
763
952
1399
773
925
597
1436
1463
1291
1343
1229
1298
1159
1223
991
1123
599
562
597
639
694
628
624
648
587
685
571
579
628
612
612
638
600
545
540
556
561
651
912
918
494
585
643
586
723
872
804
458
553
661
638
650
593
839
440
564
593
579
664
609
672
625
671
561
640
550
916
947
720
971
1009
536
539
635
580
700
1197
848
539
726
464
571
680
633
587
569
625
592
614
562
639
567
551
544
491
489
617
621
628
641
616
555
491
479
602
1363
1243
1501
1260
1397
1485
1389
1414
1004
503
397
720
1143
1336
740
1255
1131
1044
1110
948
897
454
917
846
778
760
827
820
721
541
625
630
545
559
628
583
633
568
634
622
577
628
545
628
626
840
751
752
768
744
713
445
609
627
620
561
539
628
656
670
634
655
676
667
636
586
669
531
584
637
636
651
604
636
661
663
599
609
614
593
665
626
630
648
672
636
547
589
590
628
584
619
613
665
621
612
540
655
616
581
631
655
610
650
535
599
647
609
549
642
577
534
545
660
643
544
635
649
668
625
627
616
637
581
579
623
686
539
643
586
620
616
663
662
535
594
620
542
690
595
574
602
661
673
674
863
1387
1748
2027
639
1400
1786
455
824
1509
1278
1489
1223
1445
840
1604
1386
1256
1459
1561
1482
1414
1370
1514
458
479
1209
669
823
909
903
892
821
938
890
557
511
490
458
507
633
669
534
712
468
577
568
566
635
534
603
607
556
647
632
577
616
540
553
589
547
650
566
575
636
555
578
472
624
620
632
553
629
628
915
655
703
825
729
630
552
696
565
916
549
539
614
515
927
1064
1065
571
562
782
937
687
578
460
737
992
740
560
696
620
570
614
558
688
556
543
795
723
657
496
474
568
535
590
519
653
515
592
810
804
902
843
847
698
902
721
488
595
607
578
788
516
695
530
489
699
548
518
555
544
466
618
634
670
609
605
678
771
617
578
682
752
810
775
850
842
851
749
729
758
758
757
863
776
664
709
581
786
536
441
527
581
593
609
611
621
448
598
640
579
675
621
608
616
629
635
551
623
653
472
557
591
537
611
593
613
573
550
633
616
545
606
640
622
620
619
586
672
669
646
593
691
568
662
598
578
534
556
583
556
620
608
620
614
573
586
561
538
615
608
609
537
584
623
747
498
505
541
585
665
627
623
591
580
658
625
686
578
539
546
604
585
616
678
594
633
637
635
906
1706
2017
2046
605
584
707
1657
2265
1625
684
514
431
1389
1500
1418
1446
1537
1100
796
1144
1229
1417
1373
1369
1433
1406
1457
1640
1542
1533
1380
1416
1433
1436
1440
1507
1153
862
1181
756
836
896
883
784
952
925
722
690
705
628
686
621
693
612
634
637
1292
1369
1383
1223
1344
1306
1329
1176
1408
1302
1320
1408
1377
1243
1283
1365
1362
1215
1467
1303
1476
1267
1274
1494
1337
1376
1430
1210
1131
1126
998
1268
1166
859
830
746
917
812
873
729
543
614
673
541
581
618
609
619
602
578
736
627
535
481
533
552
535
632
664
618
596
663
622
547
625
551
665
574
556
585
619
642
623
974
1165
1214
1183
1254
1488
1373
1202
1434
1248
1600
1888
1405
1245
1486
1329
1335
1395
1318
1527
1860
2600
2310
1434
1196
1119
1132
1105
951
952
995
891
1004
859
736
767
728
736
686
646
689
636
630
582
582
560
629
615
536
646
744
699
795
720
731
704
727
945
725
1049
892
705
638
752
904
744
584
639
561
652
692
444
486
518
552
636
609
570
658
587
622
560
642
648
642
557
631
634
589
663
633
642
1274
597
509
609
593
617
677
588
586
640
579
656
624
655
635
646
619
617
667
656
626
628
1150
1542
1421
1212
1406
1311
1396
1300
1340
1416
1504
1321
1417
1346
1216
1481
1462
1534
1473
1233
1343
1373
1652
1421
1309
1329
1141
1452
1196
846
974
963
822
842
765
771
685
709
760
784
725
618
659
544
670
429
641
607
537
614
563
578
659
618
551
640
537
605
660
648
557
575
636
619
676
547
646
1307
1389
1390
1324
1443
1348
1322
1282
1457
1282
865
417
690
1439
1419
1347
1297
1269
1437
1423
1249
1614
1357
1230
1417
1407
1416
1245
1341
1351
1452
1327
1608
1382
1315
1473
1411
1167
1419
1275
1405
1508
1320
923
1576
758
449
1411
1430
1381
1306
1484
1545
1270
1540
1282
1237
1536
1507
1501
1163
1393
1139
2087
2216
1509
1847
2168
728
861
1465
1551
950
1766
2371
1579
1440
1879
1914
1566
1355
1295
1387
1385
1430
1460
1490
1408
1303
1222
1084
632
596
624
578
559
