304
338
332
321
309
276
299
325
414
329
342
281
275
318
333
346
325
355
342
313
347
325
280
294
327
299
290
309
323
374
295
325
328
334
322
299
326
301
324
282
330
304
373
323
314
304
298
319
311
322
354
351
342
327
329
334
327
363
358
334
347
328
295
323
291
313
334
328
317
325
337
331
339
341
302
304
325
322
371
360
327
352
329
337
345
305
282
311
309
332
316
340
345
344
345
354
330
339
318
316
341
360
299
294
287
336
316
335
343
325
349
309
321
319
293
320
328
337
330
320
347
290
330
337
343
361
312
318
306
289
306
295
331
425
341
358
357
341
335
340
288
330
333
333
304
316
305
324
330
304
352
344
322
311
328
365
331
307
301
288
328
331
332
319
331
302
344
342
300
299
327
346
355
411
379
312
331
326
330
328
287
339
307
338
295
325
322
332
311
340
308
362
328
313
338
347
340
363
345
361
335
291
348
347
332
290
336
365
315
282
331
291
294
332
410
311
348
338
313
325
336
335
349
353
360
363
350
349
355
336
346
338
344
330
330
301
311
349
309
326
319
360
357
297
364
314
330
352
313
356
316
314
343
331
417
383
759
328
655
290
283
330
323
334
267
348
320
298
287
330
314
318
285
291
318
303
318
329
329
282
336
309
338
318
310
322
296
319
297
304
286
319
305
347
326
306
317
326
342
353
287
283
323
300
331
272
350
281
305
316
294
328
308
319
294
339
296
323
317
296
307
297
342
320
303
346
291
297
326
326
324
349
287
293
289
326
301
383
329
302
295
381
362
349
410
350
330
367
427
401
339
351
483
431
480
345
342
397
420
428
386
335
367
360
301
351
317
348
342
352
338
361
330
353
340
330
348
299
281
284
293
303
290
297
296
259
292
314
300
263
296
330
293
301
300
290
277
307
477
447
333
345
345
320
322
284
287
321
337
289
301
289
304
335
328
338
331
321
276
285
278
318
328
355
303
288
279
293
335
285
304
358
310
286
331
309
310
342
346
304
355
376
356
357
339
311
320
342
333
310
328
324
319
328
352
322
326
334
320
315
326
348
309
355
334
350
367
346
342
342
301
366
333
318
337
341
361
336
306
308
326
343
301
319
343
338
342
331
334
342
281
343
348
284
320
288
329
297
318
337
336
290
291
316
316
322
313
287
317
295
343
316
339
317
327
310
320
308
319
327
292
335
384
291
338
292
311
324
339
370
331
296
328
326
313
327
340
345
307
302
331
340
296
325
332
339
365
296
326
329
332
298
324
335
293
289
299
307
312
335
341
343
333
343
329
348
350
298
286
299
329
338
332
354
357
437
378
323
349
338
355
362
362
426
368
362
324
381
394
335
388
361
378
314
399
305
320
325
303
351
422
357
475
335
364
313
356
357
344
336
302
358
314
636
631
638
645
497
390
309
353
326
358
347
356
383
342
320
370
346
354
369
305
352
335
343
306
303
340
314
334
320
340
351
307
354
303
320
326
403
319
387
381
321
358
325
372
335
354
350
347
304
314
312
272
340
325
346
354
326
300
319
320
336
295
325
334
328
350
291
334
285
289
296
314
342
284
343
358
376
302
360
323
338
300
324
352
328
335
358
314
304
342
336
334
309
332
314
349
332
329
294
356
310
299
294
354
346
293
347
340
341
332
354
321
326
292
326
312
327
343
362
354
331
360
308
346
302
348
342
344
311
300
317
294
337
342
341
347
357
299
332
311
300
294
349
352
318
316
326
358
336
338
312
332
330
353
298
291
333
342
424
359
336
343
303
323
345
326
351
321
357
340
337
336
292
305
328
300
318
335
334
382
336
305
340
318
343
350
295
334
329
343
295
307
299
303
357
310
340
354
381
301
346
329
318
341
356
333
339
332
341
335
326
314
356
337
307
374
369
312
303
308
332
302
293
306
291
330
339
293
350
349
336
332
355
360
342
305
357
344
299
325
390
321
306
361
358
298
333
294
333
330
348
359
335
338
337
334
345
340
310
336
350
320
333
335
347
355
332
289
320
299
353
305
352
312
349
327
332
343
331
296
330
491
363
360
417
302
318
503
312
568
462
518
561
583
512
492
323
549
421
414
417
385
337
394
308
328
327
374
349
363
329
357
312
310
285
266
278
320
290
318
298
322
279
310
271
300
324
281
297
301
329
319
295
314
444
407
564
564
524
343
300
296
314
313
295
303
304
315
315
278
305
355
309
271
436
550
343
323
348
337
375
361
351
311
341
355
330
301
319
350
353
305
302
305
307
266
524
551
543
636
690
672
533
473
588
538
505
