45
40
39
37
38
38
34
37
35
38
37
38
35
38
39
38
36
37
39
37
38
37
38
37
35
38
39
38
38
36
40
35
77
83
43
38
36
35
36
38
39
38
38
37
37
35
37
35
39
36
38
37
37
38
39
34
35
38
38
35
41
34
38
36
37
38
39
37
36
39
37
35
38
36
37
38
36
37
39
39
40
37
38
38
35
39
39
36
36
39
40
37
37
35
39
37
34
36
35
37
36
36
38
37
38
34
40
37
36
36
36
35
36
35
35
39
38
39
34
40
38
36
38
35
35
34
38
38
36
38
35
38
38
34
36
40
38
38
37
41
35
35
36
37
37
37
40
38
40
39
38
40
38
38
38
37
39
38
38
39
38
37
38
38
35
40
36
37
37
37
38
35
38
36
36
34
40
37
43
37
38
38
38
38
37
39
37
41
38
38
37
40
38
35
38
38
40
38
42
36
38
38
40
40
39
41
39
40
38
38
35
41
40
39
38
37
38
40
40
39
38
37
40
37
38
39
40
36
39
37
38
36
39
37
37
35
38
42
41
34
39
39
40
38
37
38
39
34
38
40
40
38
40
39
35
42
39
41
39
42
38
39
41
36
37
39
37
36
40
37
38
36
42
36
37
38
42
37
39
40
39
39
41
37
39
39
39
36
37
41
39
36
40
39
40
40
38
41
36
42
35
35
41
39
36
41
38
36
40
42
39
42
39
36
39
38
43
39
40
38
40
40
36
38
101
77
68
64
37
41
41
42
39
41
39
43
41
37
39
40
41
43
40
41
38
42
35
41
39
37
39
37
40
41
40
41
42
38
42
41
42
37
38
39
39
37
39
36
41
40
38
39
35
42
40
42
39
39
38
40
41
43
39
41
38
42
39
39
41
41
40
39
38
41
41
41
38
42
40
40
41
41
40
37
43
37
41
43
39
41
40
36
41
40
45
40
39
40
43
37
39
40
41
39
41
42
36
39
43
40
43
41
38
41
39
41
43
42
41
40
39
39
38
42
41
38
40
38
41
36
41
38
41
36
43
40
36
37
35
40
37
38
41
40
41
38
41
43
42
41
39
37
39
42
38
37
43
35
39
44
42
42
39
40
40
37
38
41
42
38
43
39
40
43
41
42
41
42
36
39
41
41
39
41
36
41
40
39
41
41
39
40
40
42
41
38
39
42
41
42
41
41
41
40
39
40
43
42
38
42
41
39
42
36
39
38
38
43
37
44
35
41
44
41
37
41
42
40
40
41
37
41
43
40
42
40
43
42
40
38
43
40
40
40
42
40
39
41
37
38
42
40
44
38
41
40
42
38
43
37
40
38
37
41
43
38
41
39
37
37
36
43
42
39
41
40
41
37
39
42
81
72
54
58
84
81
56
44
42
41
42
47
42
42
43
61
39
59
40
53
55
48
43
42
45
42
42
39
42
43
45
47
54
41
44
44
81
46
73
44
43
57
50
50
57
51
83
46
44
53
42
55
47
42
42
41
45
41
44
39
46
40
57
46
40
56
51
46
44
44
82
67
53
77
57
55
41
40
84
43
44
45
42
40
36
44
57
43
44
41
70
41
50
62
71
61
48
73
72
63
41
43
42
48
39
42
45
42
43
39
45
46
37
57
82
45
40
41
42
39
43
43
37
41
42
39
45
61
45
56
40
42
41
42
40
80
42
43
78
39
42
43
40
40
44
43
39
63
46
44
41
55
42
68
71
65
78
42
51
48
51
45
40
44
43
43
39
41
45
46
43
43
40
44
44
44
39
48
44
43
40
44
44
44
42
46
40
45
49
43
44
42
44
47
44
45
38
47
43
44
40
39
43
41
43
43
38
44
46
43
44
47
43
42
46
45
44
47
45
44
39
42
45
39
41
42
45
45
46
53
72
64
60
67
87
46
39
44
40
39
43
44
40
43
44
44
42
48
43
41
42
43
40
40
43
60
66
40
72
71
76
75
74
71
74
74
68
77
69
70
39
75
69
72
54
41
47
43
45
43
45
46
43
39
45
43
43
47
47
42
49
46
46
46
45
45
43
43
38
43
44
43
44
43
42
45
44
48
47
44
40
44
43
45
40
41
45
44
44
46
54
47
68
60
84
47
44
43
44
44
42
44
47
42
65
60
47
46
42
44
44
44
70
84
78
71
73
70
67
77
72
92
72
45
45
45
44
43
43
44
42
45
43
42
42
43
48
44
42
43
45
44
45
40
44
44
44
43
40
47
43
39
49
42
44
42
41
45
40
45
42
44
44
43
41
45
44
42
45
40
