269
243
253
241
220
213
245
254
237
255
250
256
265
224
254
277
253
253
270
285
265
252
275
264
260
254
262
263
284
252
283
244
280
253
283
262
288
248
254
289
264
277
275
231
291
280
276
325
268
265
265
247
299
279
257
258
282
259
254
258
245
267
278
227
274
271
227
275
253
269
246
267
268
275
235
286
263
268
228
242
236
237
270
302
232
264
283
267
274
260
260
258
282
253
269
274
296
489
501
464
457
300
268
257
259
251
250
261
279
281
284
272
279
252
271
266
259
277
244
270
237
270
257
284
273
273
297
304
282
276
273
258
239
262
263
266
228
288
270
275
280
258
271
268
360
258
236
254
259
283
267
267
250
230
254
263
262
255
260
260
273
295
276
276
280
275
280
277
247
266
266
250
278
230
274
259
245
263
267
275
240
263
262
234
266
252
246
237
268
242
273
253
285
250
307
281
242
266
247
268
277
260
287
272
244
293
274
254
273
275
226
239
273
278
274
264
269
256
228
264
260
279
228
271
277
242
260
241
276
263
257
237
243
255
244
269
250
272
265
270
257
243
264
261
230
255
466
279
237
251
236
251
250
235
231
270
242
261
254
255
240
262
248
249
243
231
247
215
246
233
249
246
240
245
240
239
243
246
243
246
256
239
228
258
260
253
221
233
271
239
265
267
249
226
278
242
257
261
268
268
263
259
244
261
227
283
228
255
256
258
232
267
227
233
234
256
286
235
260
237
235
267
224
248
268
286
238
268
264
256
263
281
292
234
258
242
271
264
276
273
268
276
235
245
266
276
269
267
252
273
350
276
259
295
297
267
255
273
246
251
272
270
264
275
286
237
259
273
262
232
235
263
279
259
263
269
264
282
261
234
263
288
283
262
289
279
250
259
265
263
283
241
289
272
284
266
266
253
242
338
261
267
248
240
260
258
265
268
237
261
263
269
258
260
259
274
233
230
232
259
287
280
251
286
247
260
230
265
280
266
257
235
293
261
241
244
234
229
275
229
253
268
243
261
257
266
275
275
243
252
290
253
261
270
272
343
461
379
292
290
334
284
327
306
286
277
410
405
254
322
368
370
249
258
304
389
288
308
257
269
283
281
315
284
278
299
271
243
237
262
274
263
283
279
253
224
252
235
235
250
238
243
252
219
237
213
245
225
236
237
238
232
212
254
253
243
239
243
234
227
257
243
236
214
263
277
373
280
306
265
258
226
246
244
247
246
220
241
248
253
256
258
247
223
273
251
226
260
260
229
251
259
251
265
248
234
258
258
244
261
240
284
262
261
267
273
250
271
257
229
218
265
242
246
248
264
259
241
316
312
391
403
261
248
270
248
253
252
264
251
251
274
229
255
264
260
279
254
265
267
233
269
265
230
264
242
270
272
257
269
259
237
258
230
231
271
230
273
254
264
270
262
233
241
258
239
259
244
289
266
255
256
265
242
294
245
263
240
281
271
260
270
261
237
247
228
230
237
253
242
266
280
275
231
260
228
261
266
265
228
238
254
240
246
268
271
296
262
235
276
234
257
266
270
234
262
270
259
282
269
255
309
277
277
254
279
259
265
261
243
290
267
241
261
283
247
251
268
273
255
268
244
236
259
229
240
255
234
263
262
259
268
276
280
275
266
268
273
233
232
236
267
267
251
239
281
223
248
259
268
240
236
269
271
265
266
235
280
246
281
281
277
711
513
465
513
479
233
264
218
254
264
257
216
243
226
215
247
218
259
246
234
221
235
224
221
214
238
212
232
244
226
239
212
267
232
261
231
211
208
234
238
214
220
256
258
249
237
252
264
264
232
348
233
217
249
216
215
246
250
257
239
262
245
258
250
251
250
222
248
271
233
251
250
228
232
264
245
264
254
258
232
253
257
238
226
232
235
257
239
256
273
256
261
273
252
266
266
234
257
266
263
236
269
257
344
242
300
282
235
267
253
282
232
259
255
284
270
240
269
260
238
269
249
238
250
275
264
231
265
244
280
257
264
263
267
237
284
289
230
272
248
281
286
272
279
244
240
226
241
229
279
275
226
259
237
276
240
366
275
263
275
278
268
285
267
275
240
278
271
286
300
280
288
270
284
270
285
243
269
232
232
261
304
288
282
298
240
287
286
276
258
246
263
279
273
286
280
233
278
257
238
246
233
296
235
264
279
315
282
239
273
260
280
267
259
261
279
284
267
260
255
266
258
260
278
247
235
277
261
258
227
250
257
233
273
265
260
263
278
268
272
225
239
270
264
255
266
272
280
266
267
257
267
265
279
285
266
274
277
