3296
3037
2928
2498
2487
2484
2271
3251
2124
1508
1523
1430
1443
1659
2575
2556
3082
2121
2003
1251
1373
2083
1775
1626
1118
1376
1331
1731
2787
2006
1321
1352
1640
1315
1077
1251
1137
1233
1219
1106
1345
1148
1216
1359
1289
1492
1320
1383
1296
1193
1143
1112
1192
1367
1110
1139
1303
1481
1351
1267
1292
1287
1406
1343
1423
1426
1396
1326
1416
1393
2387
2054
2851
1398
2307
2808
1684
1348
1598
1505
1368
1435
1224
1316
1426
1394
1358
1202
1369
1452
1338
1828
2798
1456
1478
1543
1369
1183
1501
1498
1254
1116
2087
2337
2132
1813
1779
1861
1528
1259
1468
1331
1512
1170
1373
1378
1267
1186
1173
1129
1237
1341
1443
1122
1333
1338
1402
1362
1336
1358
1457
1358
1092
1240
1289
1378
1580
1257
1670
2672
2854
2795
2708
1132
1387
1913
1773
1750
1343
1472
1374
1388
1214
1254
1290
1491
1224
1416
1403
1240
1338
1341
1228
1520
2753
3255
3393
2735
3119
2673
2667
3313
2874
3381
2319
2956
3037
2514
2682
3172
3084
3042
2772
3188
2920
2928
2663
2337
2850
2437
2418
1766
1785
1464
1584
1413
1410
1406
1399
1421
1424
1316
1415
1472
1351
1392
1230
2529
1326
1342
1493
1207
1428
1381
1207
1366
1245
1402
1312
1330
1392
1436
1505
1366
1507
1205
1306
1420
2440
1395
1393
1179
1433
1321
1167
1398
1196
1383
1413
1484
1180
1444
1390
1358
1275
1199
1240
1367
1342
1370
1326
1249
1376
1490
1328
1109
1592
1865
1586
1556
1484
1349
1382
1376
1702
914
3119
3057
2761
3054
1936
1038
1771
1675
1453
1465
1689
1989
1789
1324
1671
1311
1164
1274
1236
1318
1304
1398
1274
1224
1299
1374
1601
2844
2982
2596
3103
3203
3170
3017
2762
2673
3368
2647
3115
2737
2631
2372
1982
1894
1533
1338
1342
1492
1185
1445
1762
3100
2650
2622
3020
3285
2365
2043
2869
2955
3024
1309
2315
2941
2507
2527
2074
1391
1603
1709
1598
1507
1241
1269
1400
1403
1404
1946
1984
1280
1268
1336
1550
1660
1170
1344
1203
1441
1353
1374
1215
1303
1486
1968
1160
2417
1780
1322
1340
1702
1498
1225
1469
1388
2021
1198
1301
1237
1893
1146
1252
1997
2813
1936
1892
1895
1609
1249
1377
1489
1439
1441
1347
1346
1208
1406
1489
1527
1271
1403
1186
2584
3355
2754
3151
2723
3198
3194
2623
3087
3058
2047
2947
2371
2260
2022
1614
2487
3401
3153
3067
2655
2814
2440
1355
1384
1399
1177
1246
1169
1593
2632
2794
3198
2929
3622
5373
2566
2677
2914
3311
3121
3113
3123
2998
1124
1501
1277
1223
1365
1197
1685
1259
1028
1339
1783
2855
3210
1591
1106
1355
1321
1602
1451
1322
1471
1337
1368
1573
1229
2650
3356
3150
2927
1941
1823
2622
3680
2058
1741
1669
1520
1306
1244
1368
1198
1405
1157
1361
1382
1520
1335
1485
2779
2934
2911
2678
3142
3051
2723
3098
3200
3022
3073
2744
2491
2404
1811
1748
1893
1307
1399
1207
1368
1230
1210
1165
1364
1278
1221
1482
1435
1228
1397
1245
1168
1451
1281
1411
1380
1224
1318
1252
1185
1414
1258
1437
1468
1258
1283
1352
1400
1305
1170
1462
1171
1347
1491
1435
1281
1455
1291
1684
1850
1383
1410
1442
1383
1176
1196
1331
1388
1438
1547
1380
1059
1224
1560
1531
1442
2565
2527
2633
2662
2060
2156
1673
2571
3327
3259
1599
1112
2809
3181
2665
2746
2577
1043
2513
2381
1770
2115
1882
1547
1055
1153
1295
1455
1224
1438
1451
1343
1503
1402
1968
1577
1460
1432
1179
1593
1509
1322
1454
1458
1418
1483
1011
1259
1224
1479
1325
1261
1402
1339
1351
1275
1368
1323
1365
1447
1365
1343
1385
1311
1335
1220
1301
2176
1289
1402
1276
1360
1343
1358
1354
1390
1389
1199
1414
1216
1469
1457
1449
1296
1462
1404
1398
1398
1184
1398
1172
1412
1244
1343
1355
1345
1316
1386
1216
1378
1397
1512
1343
1148
1369
1230
1468
1422
1401
1127
1095
1349
1165
1248
1365
1259
1278
1424
1200
1255
1323
1192
1334
1214
1128
1559
1375
1101
1227
1254
1801
1572
1341
1380
1350
1341
1224
1451
1537
2048
2123
1730
1841
1615
1346
1633
1479
1532
1372
1351
1387
1204
1402
1463
1235
1218
1158
1155
1391
1290
1439
1403
1287
1370
1331
1343
2219
1352
1520
1487
1489
1226
1426
1277
1388
1521
1394
1305
1310
1168
1011
1342
1051
1259
1398
1214
1377
1155
1185
1453
1667
1143
1314
1318
1803
2100
1860
1421
1307
1419
1190
1383
1357
1405
1342
1313
1193
1180
1431
1595
1473
1404
1590
1830
1237
1548
1243
1565
1527
1506
1837
1109
1289
1288
1367
1269
1509
1265
1576
1554
1615
1422
1467
1015
1380
1213
1362
1498
1388
1221
1472
1951
1925
1417
1726
1633
1538
1606
1036
1399
2124
1754
2020
1619
1749
2278
2150
2163
2432
2175
1555
1073
1094
1469
1229
1543
1553
1630
1565
1311
1507
1097
1615
1134
1152
1398
1776
2049
1038
1397
1278
1403
1148
1557
1161
1396
1347
1210
1543
1524
1536
1353
1564
1380
1185
1243
1256
1303
1190
1359
1380
1338
1518
1315
1376
1210
1382
1398
1444
1369
1180
1360
1271
1254
1202
2906
5125
5260
2615
986
1737
1856
1851
1720
1602
1501
1280
1695
1845
2150
2277
2369
2399
1248
1377
1451
1407
1447
1413
1358
1161
1372
1202
1343
1273
1209
1325
1292
1198
1360
1268
1210
1324
1396
1377
1360
1471
2079
1753
3153
2875
2960
2757
3643
2970
2687
3471
3038
2281
1780
1144
1348
1221
1255
1320
1859
2210
2757
2169
1273
2849
3129
2840
3150
2370
1068
2006
2523
2539
2608
2325
1770
1969
1728
1741
1462
1245
1567
1187
1365
2485
1284
3233
3291
3124
3164
2176
2096
3046
2850
2828
2447
2626
2694
1829
1840
2190
1444
1580
1244
1363
1273
1331
1319
1182
1397
1321
1439
2595
1164
2735
2729
3173
3303
