20
17
18
18
29
31
17
17
17
18
14
15
14
16
16
15
14
16
16
16
16
16
17
15
14
15
16
15
15
16
18
15
15
16
15
14
14
15
15
18
17
18
17
17
17
18
20
17
18
16
17
17
19
17
18
18
17
18
18
17
16
18
16
17
16
18
17
17
17
18
15
16
15
18
15
15
16
15
14
15
15
14
15
14
16
16
15
15
15
15
15
15
14
15
18
15
16
15
15
15
14
14
14
16
15
14
14
14
15
14
14
15
15
14
14
15
18
16
15
14
14
15
15
16
15
15
14
15
15
15
17
17
17
17
17
17
17
20
28
16
14
15
15
17
16
18
17
18
17
18
17
16
16
16
16
16
16
15
18
15
15
17
17
17
17
17
17
16
18
17
16
17
18
15
18
17
17
18
17
17
20
20
17
18
15
16
14
15
16
14
14
15
14
15
15
14
16
16
17
16
16
33
17
17
17
18
16
14
15
16
15
14
18
18
18
14
15
15
15
16
15
15
17
16
15
14
15
15
15
15
15
16
15
16
15
15
16
15
15
15
15
14
15
15
18
16
14
14
15
16
15
15
16
14
15
14
14
15
15
14
14
15
14
15
15
19
15
15
15
15
15
15
15
15
15
15
14
16
15
17
18
17
19
22
44
40
44
18
18
16
16
16
18
16
17
18
17
16
18
16
18
16
16
17
18
18
16
17
20
17
17
17
17
16
17
17
17
17
17
16
18
16
18
17
17
18
17
19
17
20
17
18
18
18
17
16
17
18
16
17
17
17
18
18
17
17
18
17
18
18
20
16
16
17
18
18
18
16
17
17
16
17
17
19
17
16
16
16
17
18
17
17
19
18
18
16
17
18
16
17
17
16
17
18
16
16
17
18
17
16
18
20
18
20
18
18
18
17
18
16
16
17
17
17
18
16
17
17
16
17
16
16
17
17
20
16
17
17
17
16
16
17
17
16
17
17
18
17
17
17
15
14
15
15
16
15
18
15
14
14
14
15
15
15
15
15
14
14
15
15
14
15
14
14
15
15
15
17
15
16
16
14
15
14
14
16
15
15
14
15
15
14
15
15
14
16
15
15
18
16
15
16
15
15
15
15
15
14
15
15
15
14
14
15
14
15
15
15
15
15
18
15
15
15
14
14
14
15
14
14
14
15
15
14
15
14
15
15
15
14
14
20
16
16
18
18
15
15
15
14
15
16
15
14
16
15
15
14
15
14
15
16
18
14
16
15
15
15
14
15
15
15
14
14
15
15
16
14
15
15
15
15
15
16
19
16
15
15
15
15
16
15
14
16
16
14
16
15
15
14
15
14
15
15
15
17
16
15
15
15
16
15
16
15
15
15
15
15
14
15
14
16
15
15
15
14
18
14
15
15
15
15
15
14
15
15
16
14
15
15
15
15
16
15
15
15
15
15
18
16
14
15
15
16
15
15
15
16
15
15
14
16
14
15
15
15
15
15
14
17
16
16
15
16
16
15
15
15
15
15
15
15
15
15
15
15
15
14
15
15
18
16
14
15
14
16
15
14
16
14
15
15
15
15
14
15
14
16
15
14
16
14
18
14
16
15
14
15
15
15
15
15
15
15
15
15
15
15
16
15
16
14
15
17
16
15
15
15
15
16
15
14
15
15
15
15
15
16
14
15
15
15
15
15
17
16
15
15
14
15
16
15
15
16
17
18
16
16
17
17
16
17
16
14
16
16
19
17
16
16
17
17
15
15
16
16
15
16
16
17
16
16
17
17
16
15
16
19
16
15
16
16
16
16
16
16
16
17
16
17
15
16
15
16
15
16
16
15
18
16
15
16
15
17
17
16
14
16
15
17
16
15
15
15
16
16
16
15
16
16
19
16
16
16
15
16
15
17
17
16
15
16
15
16
16
16
15
16
15
16
15
19
15
15
16
17
16
16
16
15
15
15
16
15
16
15
17
16
16
16
15
15
18
16
15
15
17
17
16
20
18
17
17
17
17
16
15
16
15
15
16
15
15
16
19
16
16
15
16
15
15
15
15
16
16
15
15
16
15
15
15
16
15
16
15
17
16
16
14
16
15
16
14
14
15
14
14
16
14
25
32
28
29
31
29
29
57
33
36
32
33
34
35
33
31
33
36
31
33
36
33
34
34
32
32
34
37
34
39
32
33
34
34
32
38
33
35
35
28
35
36
33
33
29
32
32
33
33
32
34
35
34
34
34
35
34
45
47
36
37
32
22
15
15
15
16
15
16
15
16
19
14
16
15
14
14
15
16
16
17
