42
37
35
37
35
33
22
30
20
21
21
16
18
21
16
17
18
17
17
17
17
18
16
17
17
15
16
17
17
17
17
18
16
17
20
18
18
18
17
17
17
17
18
18
17
17
17
17
17
18
16
17
17
16
16
17
21
16
17
17
16
17
17
18
17
16
17
16
17
16
18
16
17
18
16
17
17
20
17
16
18
16
18
18
16
16
18
18
18
18
18
17
15
16
16
18
18
17
21
17
17
17
17
18
17
18
17
15
16
17
16
16
18
17
16
17
18
17
15
17
19
18
17
16
18
16
16
17
18
17
16
18
17
16
18
17
18
17
18
17
18
19
18
17
18
16
16
17
18
17
17
18
18
18
17
17
15
16
16
17
16
17
23
20
17
16
18
16
17
17
17
17
18
17
17
17
17
17
18
18
17
16
17
17
22
20
20
19
20
18
16
16
16
18
17
17
20
19
17
17
17
18
17
16
16
20
17
18
17
17
17
18
16
18
17
16
17
17
17
18
17
16
17
18
17
17
21
17
18
16
17
16
18
17
18
18
18
16
16
17
18
16
18
17
17
18
16
16
20
16
18
18
17
16
17
16
17
17
18
17
17
17
16
17
18
17
16
18
16
20
17
16
17
18
17
17
17
16
17
16
16
17
18
17
16
18
17
18
17
17
19
16
17
18
17
17
15
18
16
17
18
17
18
17
16
17
17
16
16
17
16
16
19
16
16
16
18
17
18
22
20
20
23
25
19
20
20
29
117
95
59
72
64
70
57
58
59
43
29
21
20
21
28
32
33
34
34
27
34
33
35
34
48
34
50
33
38
27
27
28
36
21
19
20
29
29
23
26
21
28
22
19
19
29
27
21
32
18
19
33
20
20
19
20
20
20
20
19
19
19
20
20
20
23
19
31
31
24
18
20
19
20
19
31
21
18
17
18
17
18
18
16
17
18
20
19
20
20
37
20
20
21
20
18
21
20
18
17
17
16
16
18
17
17
17
17
17
17
16
17
21
18
17
18
18
17
16
16
18
16
16
17
17
17
17
18
18
17
17
16
16
19
17
18
16
17
17
17
16
17
17
17
17
17
17
17
17
16
17
17
16
18
23
20
20
20
17
20
21
17
19
20
20
19
18
20
16
17
16
16
17
17
17
17
19
17
18
17
16
16
18
18
18
18
18
17
17
17
15
17
18
18
17
17
16
20
17
17
16
17
16
16
17
17
17
17
16
18
16
17
17
17
18
16
17
17
22
17
17
17
18
16
16
17
17
17
17
17
16
17
16
16
16
17
16
16
17
17
20
17
16
18
18
17
16
16
18
16
16
18
18
17
17
17
16
17
18
18
18
20
16
17
17
18
17
17
17
18
16
17
17
16
17
17
17
17
18
17
18
17
19
17
17
18
17
16
16
16
18
17
17
18
17
18
18
17
16
17
17
18
17
18
21
17
17
17
17
17
17
17
17
18
16
17
16
17
17
17
17
18
18
18
17
20
16
18
17
16
17
15
16
17
17
17
17
17
17
16
17
18
16
18
17
16
20
18
17
17
17
17
17
18
17
18
16
17
17
17
17
17
18
18
16
18
17
18
20
17
18
17
16
16
16
17
17
16
16
18
17
16
16
18
17
16
16
17
17
19
15
17
17
16
17
18
16
17
17
17
17
17
17
17
16
16
18
18
17
19
20
18
18
17
18
16
16
17
16
18
18
17
16
17
17
16
18
16
16
18
17
18
21
18
17
18
18
17
17
16
16
17
18
17
17
17
17
18
17
17
16
17
17
19
16
18
17
17
18
18
16
18
17
18
18
16
16
18
17
18
17
18
16
17
19
16
18
16
18
17
18
17
19
18
18
16
17
19
17
18
17
17
17
18
18
18
21
17
18
17
16
17
17
17
20
21
18
18
17
20
20
17
18
18
18
19
18
21
18
17
17
18
18
18
18
17
18
18
17
19
18
18
17
17
18
18
18
18
21
18
19
17
17
18
16
16
17
17
19
17
20
20
19
17
20
19
20
18
20
18
22
20
21
19
23
39
30
34
30
31
22
20
19
21
26
20
21
29
26
20
41
34
32
36
21
20
30
30
30
28
20
30
20
19
21
21
19
19
18
17
18
18
21
18
18
18
18
18
16
18
16
17
17
17
18
18
18
18
16
22
21
17
16
19
24
17
16
17
20
20
21
21
18
20
20
22
20
19
17
17
16
16
16
17
17
20
18
17
17
17
17
16
16
17
16
17
17
16
16
18
18
18
17
15
18
16
20
18
17
17
17
17
