169
181
162
150
157
170
170
152
181
149
165
182
167
186
163
180
160
181
178
169
161
177
172
183
160
180
169
182
153
161
155
182
200
156
160
177
174
276
248
225
181
179
190
171
191
170
185
176
161
174
153
166
152
178
163
165
182
177
156
179
176
172
154
170
184
157
175
166
174
168
150
199
169
154
183
181
173
156
167
153
176
183
174
170
152
190
159
163
156
188
185
162
189
196
181
182
194
184
183
180
178
162
177
182
162
160
179
188
176
163
184
187
188
162
181
168
201
185
162
174
187
178
155
184
177
179
182
173
175
179
185
167
188
191
182
180
179
179
190
161
184
172
165
174
184
181
186
175
183
184
209
166
195
190
165
197
178
204
185
166
186
177
190
182
193
174
181
185
191
172
184
178
166
186
183
181
177
175
200
175
189
288
198
173
194
181
194
171
192
181
194
175
178
173
179
170
185
184
178
193
194
188
176
169
175
176
186
181
184
193
195
191
199
186
178
196
174
191
192
167
193
190
193
195
180
173
184
167
185
167
178
171
165
190
189
186
185
182
186
174
177
175
189
179
168
164
173
194
196
166
189
168
226
194
179
175
181
174
183
199
168
192
189
170
188
192
194
191
196
186
208
194
164
192
194
181
187
196
203
179
199
196
162
186
168
192
184
200
163
176
190
163
186
168
197
192
187
187
187
197
190
188
172
189
176
186
175
192
190
181
187
190
187
170
199
192
196
185
184
167
194
201
180
182
201
198
190
216
166
181
190
187
182
173
195
193
176
202
183
177
347
335
319
340
325
344
227
186
165
187
208
197
184
186
175
183
193
189
176
165
193
195
167
180
188
189
185
177
189
177
180
169
186
179
188
203
200
195
169
205
199
188
180
187
201
189
178
182
197
191
185
182
198
170
192
189
205
188
166
184
181
187
181
188
371
207
187
174
190
162
185
184
169
193
185
165
169
174
183
176
183
180
165
172
186
184
202
188
188
195
189
167
194
200
187
188
173
174
192
194
191
188
167
193
188
177
183
182
183
188
169
178
194
181
170
204
169
188
197
190
189
168
190
173
165
192
163
183
165
179
187
200
192
262
243
206
212
175
187
181
180
192
188
186
193
168
187
184
182
169
187
195
179
171
167
215
171
186
191
170
168
194
173
174
170
195
166
173
201
170
167
195
166
176
174
190
186
172
195
168
198
174
167
167
189
163
196
188
211
185
182
191
175
172
192
167
189
200
171
162
190
193
185
187
196
281
562
369
340
909
521
908
573
424
181
181
152
169
178
179
170
153
169
167
173
164
148
152
178
175
169
170
168
176
156
164
183
175
177
153
162
166
173
168
174
166
170
172
167
171
168
175
179
188
167
180
152
173
155
177
158
172
175
203
161
172
195
169
180
176
194
184
177
194
183
161
158
187
187
168
190
176
180
191
175
184
192
195
188
170
181
192
184
183
181
185
187
183
178
180
171
183
176
176
169
190
192
177
197
183
182
170
179
189
195
168
190
195
188
170
187
175
195
186
199
168
189
184
186
182
190
187
185
287
198
187
166
194
179
166
182
165
188
183
179
189
187
165
180
175
185
167
186
170
163
184
196
185
186
164
184
181
170
177
189
191
171
189
177
190
184
182
195
165
189
182
174
170
184
165
169
185
174
172
185
192
168
187
195
166
184
192
182
162
174
187
167
182
183
187
183
181
180
171
763
359
338
341
334
327
183
190
195
180
159
180
178
177
166
162
189
193
163
183
165
176
176
179
165
172
179
187
182
174
177
172
160
172
178
177
185
180
164
176
177
163
186
166
184
185
182
159
181
178
163
171
188
182
187
168
180
178
187
160
183
185
186
174
178
192
222
202
178
195
175
206
238
198
205
205
230
200
250
190
233
196
217
212
265
210
208
205
220
204
228
301
183
260
216
280
213
167
192
261
341
303
216
209
212
197
194
248
608
192
180
199
197
192
189
188
204
179
211
171
194
192
204
174
208
196
187
198
188
172
182
172
168
162
183
172
182
178
161
189
173
176
192
180
186
170
167
179
168
174
183
189
200
166
184
179
196
174
159
177
209
180
231
273
220
214
213
169
177
157
179
168
177
179
177
177
160
171
162
151
164
163
170
152
183
177
166
178
158
156
163
154
147
170
157
169
166
173
166
162
172
166
166
159
169
155
151
163
172
176
178
181
163
154
150
170
158
169
174
169
167
186
188
183
184
172
156
161
180
179
163
181
180
178
192
169
258
196
195
254
207
198
193
189
193
185
162
156
154
169
172
180
186
188
168
159
