218
207
178
191
189
187
205
197
181
202
183
187
186
192
204
210
198
213
208
186
207
219
212
190
190
216
272
277
257
190
219
207
209
228
205
210
188
192
193
183
194
207
207
215
195
181
215
192
213
207
188
227
201
217
220
236
197
217
233
222
188
186
197
211
206
214
223
203
216
204
213
217
207
218
234
226
228
196
201
235
203
200
223
200
217
224
219
273
297
205
248
225
225
236
216
222
209
312
253
232
241
243
302
267
223
270
238
222
261
256
284
227
280
224
247
312
275
249
230
259
204
235
230
261
231
203
209
244
235
246
204
230
238
242
239
242
261
230
212
249
204
215
212
199
207
214
177
218
199
219
201
181
191
213
190
212
185
213
205
202
218
196
202
206
204
220
222
211
204
201
193
278
277
251
225
193
206
226
217
185
190
207
203
214
188
207
222
204
216
203
184
201
189
209
210
223
206
214
210
210
216
216
209
220
207
201
204
195
225
206
210
205
210
219
214
216
211
189
202
184
219
215
206
213
188
204
216
226
206
200
195
215
209
205
326
235
233
251
244
248
245
208
230
204
212
218
226
210
203
227
213
221
222
200
191
214
213
238
230
226
192
235
216
216
212
227
223
223
237
192
211
215
210
212
219
220
225
224
218
231
216
220
221
193
201
205
224
216
213
220
218
213
232
238
207
235
223
200
240
243
260
255
233
227
218
212
222
222
210
205
212
222
212
191
221
215
221
232
215
192
230
194
199
216
202
205
193
192
215
223
215
209
226
225
218
213
208
233
189
203
229
224
213
233
204
235
208
226
219
221
224
199
225
220
192
236
221
205
219
191
227
229
221
210
245
199
221
233
193
205
214
226
193
213
218
213
218
198
220
213
206
214
231
208
225
210
215
219
230
223
232
219
205
195
198
237
211
197
238
222
241
209
227
218
217
232
230
207
216
215
208
200
200
209
195
202
214
201
211
216
222
213
221
204
225
218
198
315
221
232
207
213
199
210
219
223
211
225
206
211
194
186
187
216
211
181
192
175
182
178
176
194
196
194
203
211
211
194
197
194
215
200
179
192
201
181
182
202
204
196
213
197
195
186
219
210
197
212
211
205
205
215
211
209
198
225
202
201
194
210
204
214
200
184
222
289
240
214
237
203
206
232
202
229
200
226
218
191
216
202
207
227
208
220
190
220
192
184
183
218
223
211
203
222
219
207
215
192
223
225
216
243
207
210
186
198
209
210
200
194
211
215
224
189
205
194
200
211
215
191
263
216
220
230
215
218
255
229
248
279
267
270
274
285
290
288
262
249
208
212
208
212
240
236
225
211
209
209
210
206
174
180
188
198
214
195
199
175
195
198
191
198
195
204
196
198
176
175
186
204
187
197
205
207
203
192
205
215
220
213
187
188
193
200
199
204
199
218
209
213
232
208
189
211
207
183
200
204
200
186
209
193
210
207
217
220
216
191
224
220
205
215
220
211
214
204
200
199
206
214
207
208
196
202
224
200
186
221
225
218
218
198
203
209
214
216
215
200
213
215
235
200
212
225
218
219
194
215
195
215
226
207
280
281
282
245
263
241
215
237
238
221
197
226
223
223
218
228
246
224
224
240
240
199
216
214
238
211
236
193
209
203
212
225
228
204
193
234
221
228
198
229
203
223
209
222
226
224
225
223
228
230
227
226
229
238
231
229
219
232
426
394
401
424
411
323
258
213
212
226
225
242
242
234
233
223
233
212
192
225
212
202
224
238
230
195
190
219
214
225
231
242
202
207
224
216
225
194
213
202
207
237
201
232
224
202
227
196
244
237
243
199
227
225
224
230
203
226
215
224
218
207
217
213
220
225
208
227
209
247
290
376
372
239
230
228
226
218
289
240
211
233
199
198
228
245
209
218
240
235
220
227
232
223
238
231
203
229
226
224
239
232
238
245
223
221
214
224
224
229
248
244
250
240
252
190
223
233
232
219
209
229
228
247
252
224
230
212
221
200
232
225
199
217
221
223
221
236
191
223
218
208
196
226
218
231
229
194
220
232
222
218
218
218
201
200
242
196
196
219
236
215
226
212
198
227
237
229
238
246
247
236
230
238
222
225
402
442
294
266
205
222
246
277
218
268
247
218
233
223
243
305
227
237
233
241
246
228
319
221
250
272
253
212
220
213
196
202
190
212
193
190
217
197
199
199
208
198
212
213
202
208
202
199
181
219
236
199
221
201
222
195
223
222
210
209
209
199
240
218
236
234
204
225
238
240
208
212
331
242
217
259
331
439
317
252
247
225
218
229
