671
711
1802
1789
1018
856
786
1220
1254
544
630
619
1099
788
665
714
736
663
771
725
721
698
718
685
668
718
703
678
750
518
622
653
645
1200
902
643
751
736
823
649
661
706
709
662
745
690
670
769
718
689
580
629
741
739
691
746
644
744
633
763
779
748
799
669
682
695
738
642
744
810
752
621
714
715
700
736
708
619
662
676
734
748
633
618
652
761
625
712
717
594
592
707
761
653
625
732
684
718
739
774
648
660
747
720
790
693
633
704
913
539
564
705
690
636
721
760
762
727
714
711
770
755
666
725
732
708
746
672
916
952
601
724
752
722
709
713
648
756
780
673
780
734
745
753
704
739
657
778
692
739
630
740
790
659
740
638
691
718
622
790
720
749
739
732
748
766
701
720
597
607
676
691
728
575
642
616
688
623
724
731
696
692
784
654
723
772
793
730
689
684
651
702
709
710
696
793
731
680
764
660
657
671
754
806
680
706
696
565
760
727
738
776
688
713
612
538
681
719
734
706
638
712
669
647
721
1218
598
616
526
501
1377
1587
1579
1510
1092
1502
1619
1635
975
917
960
874
546
535
711
1703
1245
653
894
1704
1596
785
730
725
695
892
994
994
844
756
872
809
965
1253
623
757
763
777
1083
1205
1097
1093
1218
950
920
1044
838
1567
1006
1302
1003
907
1091
763
651
655
671
617
727
657
739
721
823
698
890
615
792
535
695
660
750
767
653
764
706
726
682
700
682
724
729
655
541
782
659
645
757
771
1273
1068
514
494
754
631
681
678
770
697
655
613
725
573
704
1471
3072
2502
1837
1707
2852
2552
2100
578
517
1214
1022
1646
1386
1469
678
1211
1147
653
723
649
908
700
867
813
817
776
849
755
776
726
648
634
750
723
700
522
711
705
633
676
764
744
623
703
703
624
627
719
722
670
769
1184
1024
901
1182
861
609
653
745
676
737
760
709
726
690
720
639
770
675
625
748
637
812
704
679
750
787
767
701
620
713
657
728
729
741
768
643
722
650
744
632
751
885
1114
1487
1314
1717
723
1663
1229
609
1569
1552
2517
2802
1994
976
1312
834
1129
1124
1144
1193
1096
649
1436
1352
1360
1399
1402
1317
943
1685
2101
1598
871
1427
1350
1340
1468
1003
767
896
792
934
1086
949
606
706
763
631
711
676
709
642
652
838
963
498
683
712
766
656
761
683
707
667
736
710
633
753
711
733
721
677
1258
1902
578
634
2677
2698
1569
1142
1303
1326
1629
768
619
660
971
976
1133
1037
1199
870
834
805
871
868
2277
1001
1472
1665
1712
1685
1517
1343
1266
1273
1185
552
1204
1186
1635
1416
1430
680
1070
1327
1620
1711
687
1535
522
1086
492
975
1471
1658
1504
1581
1359
1766
710
513
1451
1408
615
624
1040
1196
1189
1082
942
848
875
833
744
620
788
723
714
726
709
624
702
1285
1283
725
694
756
682
652
666
818
976
802
717
626
726
700
709
767
702
636
733
673
751
1087
1027
721
1072
1012
652
635
758
768
742
711
747
786
1289
949
526
657
638
738
635
622
718
640
739
472
465
670
630
758
714
662
708
725
639
987
580
519
714
705
1244
1402
1111
728
625
634
1076
1061
861
786
822
1214
801
589
646
699
704
714
745
754
694
703
754
695
713
717
729
659
691
735
723
720
941
1737
811
1149
1598
1600
1665
1533
1641
1626
1291
1186
760
728
1054
1067
1102
1060
1134
955
788
759
981
921
785
731
1403
940
701
1358
1841
1657
1351
1644
1419
1680
623
622
533
1779
1470
1492
1800
1647
1718
1642
1547
961
1043
1621
1660
1478
1505
1493
1544
1489
1446
631
1018
720
1028
1060
636
803
684
683
775
776
699
795
825
638
729
528
706
609
707
756
728
619
785
623
710
726
756
725
783
665
743
724
628
760
704
644
744
711
724
639
680
675
722
713
781
752
705
650
622
657
706
654
634
696
638
781
746
880
718
673
733
735
735
701
681
617
628
624
730
786
619
647
656
742
755
762
719
619
553
806
700
705
782
663
635
709
748
655
755
767
719
740
760
760
736
1160
1127
1193
744
716
653
708
634
712
663
659
753
635
770
705
682
634
732
1671
507
1342
2109
2072
961
769
1470
2121
1331
624
892
612
733
1555
1642
915
1149
603
621
541
666
996
1151
866
806
947
812
802
793
896
803
729
564
733
714
641
653
708
775
754
770
724
695
721
591
560
669
720
730
738
696
743
645
741
505
712
842
587
716
742
632
732
754
635
657
711
658
692
710
657
716
699
667
722
652
737
579
713
892
740
473
609
702
552
711
765
670
747
716
722
667
608
722
664
637
697
841
505
720
781
609
619
478
747
684
714
653
725
654
727
721
653
717
821
770
742
1065
2563
2531
1709
1444
1425
1668
1454
1634
1742
1672
1603
1390
1596
1713
1786
1585
1320
1798
1743
1393
1762
1545
1515
1143
1275
1162
1103
685
761
924
783
760
723
735
657
701
659
623
