373
404
342
386
379
334
340
340
362
393
387
387
338
337
343
334
359
323
298
304
339
347
377
359
716
381
381
419
323
398
411
364
334
356
352
381
297
297
305
376
340
346
319
330
378
351
339
327
364
335
365
327
382
346
344
363
375
374
379
308
394
422
364
377
354
340
310
366
376
351
396
389
505
632
674
683
694
714
524
556
632
393
426
368
436
437
370
506
411
527
704
402
341
552
672
602
632
632
659
589
615
637
783
703
693
675
725
634
397
358
345
507
667
506
576
677
635
326
355
427
412
502
343
346
417
405
426
429
544
355
572
582
537
727
695
659
637
394
387
439
446
503
496
576
729
403
439
392
388
366
375
554
721
398
420
385
404
439
394
393
388
331
487
550
528
627
652
649
523
385
410
489
496
560
707
645
627
501
334
467
641
573
623
729
630
673
639
383
407
391
666
592
635
466
389
372
464
503
693
750
456
562
806
862
1083
648
763
746
709
863
710
495
523
390
494
981
583
361
367
423
410
363
405
375
349
334
354
412
521
995
583
385
413
395
332
398
343
371
350
369
371
628
716
628
347
342
385
392
381
366
335
422
331
386
351
399
346
358
385
382
379
407
649
380
386
413
409
375
389
417
368
344
372
429
377
396
351
372
406
402
390
391
335
371
359
392
352
362
367
387
406
378
384
376
391
364
635
511
613
442
340
393
379
348
446
403
350
406
403
406
328
388
338
372
396
396
344
389
395
403
392
423
403
387
384
377
378
373
368
331
413
614
708
579
464
371
508
368
350
617
642
614
553
518
333
404
404
387
564
347
470
412
451
533
466
377
369
450
402
428
346
377
373
392
548
708
607
445
381
388
396
379
377
383
372
363
388
360
323
389
323
383
357
347
307
340
332
345
367
319
374
396
360
373
374
363
342
319
337
335
356
340
427
412
730
525
409
370
380
348
364
378
366
368
348
329
403
364
329
340
371
376
364
369
377
340
364
397
395
399
401
372
383
347
369
347
371
394
363
358
403
375
406
369
329
325
380
389
375
374
387
331
369
383
369
350
408
364
397
367
380
369
343
372
393
358
382
391
348
329
387
357
373
333
361
398
348
407
351
367
341
385
359
396
371
393
384
392
370
364
327
330
375
372
377
379
409
381
376
402
355
381
378
360
366
343
365
331
342
388
332
330
357
408
523
648
716
392
384
361
408
396
429
343
349
403
348
373
377
377
356
404
396
339
387
408
378
363
382
401
418
324
369
369
370
336
401
361
458
529
391
364
381
399
386
370
682
649
392
339
377
344
414
330
372
328
342
370
387
393
373
358
347
331
410
376
371
364
371
384
373
373
369
388
407
410
350
406
382
380
335
403
395
420
383
362
402
377
361
384
346
389
400
349
362
375
337
376
323
350
340
396
383
379
367
353
379
368
410
329
332
384
406
365
370
377
331
340
369
381
388
335
406
380
380
329
371
404
410
330
339
346
370
396
364
352
377
372
354
378
347
348
381
343
330
679
467
348
690
741
582
528
617
587
457
716
643
516
732
1086
1783
1743
1662
1688
1359
542
483
513
1407
898
1043
1784
1901
1868
1578
1625
629
640
1123
1248
1154
615
587
1046
974
989
1044
735
914
1022
1066
1046
1056
1243
773
593
620
681
969
975
953
1048
1127
1022
1022
759
1022
1053
1100
618
616
583
534
512
776
763
793
676
586
733
785
713
615
361
556
629
587
612
617
874
545
475
692
761
569
811
807
814
489
464
472
452
448
283
325
441
405
380
329
318
365
340
353
331
290
365
310
410
304
328
350
331
327
336
365
433
350
402
362
365
381
359
347
347
343
335
338
368
323
326
344
315
349
320
366
387
367
383
370
351
368
321
370
360
372
1125
1056
1739
1677
1279
1335
1203
924
631
438
414
433
477
908
810
570
724
671
638
598
542
542
559
585
543
502
555
567
562
656
633
565
439
345
301
342
337
337
352
321
556
649
608
479
480
405
372
361
326
405
1029
603
844
1014
1048
1003
561
405
875
741
709
978
621
673
795
449
373
391
560
713
534
539
568
586
555
342
296
400
435
341
303
293
374
592
592
590
543
648
575
601
342
307
364
487
391
383
334
379
379
344
347
329
347
326
364
353
404
444
389
366
360
396
317
327
373
339
364
320
362
365
337
335
328
329
357
344
349
393
373
394
526
634
691
704
713
679
642
515
372
430
369
415
356
337
347
388
368
404
356
333
367
335
356
328
338
384
344
393
397
373
354
369
660
363
391
489
441
428
453
426
408
460
337
806
910
701
708
437
370
351
386
428
383
407
410
348
371
341
377
356
383
344
334
379
399
