239
214
217
222
197
183
183
221
197
258
222
236
215
206
208
209
209
180
182
196
227
214
203
194
200
214
184
237
242
224
245
200
199
244
244
222
216
230
199
228
218
201
222
236
231
213
209
209
240
231
217
213
222
191
198
222
220
236
227
220
227
214
203
226
198
210
205
207
206
215
259
203
241
204
215
201
222
234
225
198
224
225
236
211
201
225
226
236
241
235
224
240
235
242
206
221
211
194
217
233
224
206
208
228
223
209
241
255
219
241
246
223
220
222
218
205
211
198
203
221
224
201
220
218
220
228
236
198
236
253
222
208
217
214
230
201
201
219
235
218
229
206
220
228
248
197
207
221
220
220
217
230
227
200
218
226
206
224
216
234
226
201
195
218
223
229
232
198
238
210
227
224
205
218
203
229
226
228
203
223
220
220
223
195
226
200
221
227
255
251
252
243
222
207
214
248
243
242
268
241
244
247
238
231
196
235
226
222
225
203
212
245
213
233
225
232
218
203
196
230
224
223
202
240
227
229
223
206
214
200
195
195
198
220
215
220
232
232
225
229
240
227
209
207
224
214
265
216
220
219
217
236
210
230
199
219
239
224
219
208
201
215
212
225
218
205
225
221
218
231
216
227
223
206
221
226
226
236
224
225
216
251
235
219
236
218
196
217
225
234
208
219
234
227
227
227
218
221
221
234
217
219
230
225
217
229
213
244
217
197
239
199
224
233
204
225
223
221
253
236
228
226
250
219
232
221
206
230
192
231
197
227
225
237
222
230
231
237
227
236
236
206
213
202
205
213
236
237
226
230
198
209
237
224
213
229
212
207
240
221
224
217
204
222
234
289
370
207
211
238
229
233
202
213
216
220
208
212
223
236
234
212
233
192
196
209
214
237
222
230
216
205
210
229
230
219
244
225
199
221
222
218
219
227
219
224
235
197
226
220
208
210
228
216
216
220
235
198
224
239
217
198
224
219
324
273
213
255
233
255
271
383
465
289
232
237
257
252
368
458
435
487
291
287
352
357
376
364
342
425
368
288
398
366
235
316
378
350
258
242
243
222
212
203
212
189
203
200
198
208
217
204
199
207
206
213
186
198
216
221
235
207
200
194
209
192
220
226
207
231
216
220
193
201
218
203
201
224
203
195
240
223
255
286
241
250
226
244
236
239
237
230
251
232
331
221
238
234
400
408
298
238
243
236
227
213
208
205
228
233
256
248
233
295
248
241
197
220
204
214
227
251
221
205
227
218
220
188
206
208
194
206
212
226
197
219
221
190
198
205
215
230
267
267
509
330
257
253
206
227
230
219
230
204
213
214
209
184
218
206
198
206
203
216
208
181
209
185
192
206
228
213
219
188
200
225
226
194
220
203
187
190
234
217
200
227
217
207
210
212
190
210
208
200
212
217
229
216
195
217
222
217
219
351
323
262
231
257
307
204
213
236
204
193
192
216
219
188
209
232
218
201
197
198
215
209
184
202
195
199
204
192
211
210
216
200
192
205
191
211
218
207
210
205
210
219
186
218
214
218
223
189
215
217
207
195
207
199
214
234
228
225
194
226
393
243
231
220
214
236
251
220
205
208
218
219
191
194
229
215
198
203
220
213
218
215
233
212
211
220
196
213
211
229
218
215
227
214
196
227
228
209
193
196
196
229
215
208
195
201
219
227
202
203
233
233
233
209
221
216
281
247
217
196
244
228
220
228
244
231
229
217
232
219
216
219
203
242
222
225
225
219
231
197
215
222
199
221
203
245
247
236
241
233
248
216
216
230
229
234
232
208
240
224
240
217
208
214
210
209
202
223
237
199
208
241
233
225
224
221
216
216
237
220
204
195
233
220
205
215
231
229
236
235
238
242
246
211
230
230
210
235
237
211
238
384
402
357
246
340
382
401
197
198
230
204
230
205
218
210
204
195
185
195
195
203
203
218
206
185
226
197
202
205
188
209
196
207
204
210
225
211
187
212
229
217
221
229
217
192
226
196
209
317
228
218
207
230
218
231
226
225
193
212
211
216
208
235
231
218
214
220
220
205
243
254
215
200
213
214
215
225
234
193
213
231
200
214
213
212
216
209
208
219
230
206
228
216
217
204
218
213
218
217
199
221
223
204
221
222
194
205
236
260
315
226
195
244
207
250
240
232
217
221
237
219
244
216
235
252
209
238
217
228
213
224
217
196
213
230
226
220
236
216
218
207
195
223
222
194
234
219
215
218
232
224
213
223
212
209
233
205
234
204
234
219
220
229
234
219
229
222
234
328
464
262
244
210
239
229
