136
121
126
116
117
121
119
123
106
105
121
103
115
115
122
111
115
108
120
121
117
122
119
113
115
124
103
126
119
112
126
126
134
129
124
132
131
133
134
130
139
138
134
134
129
137
121
122
122
127
116
127
126
117
124
131
166
225
134
111
113
132
126
109
123
115
120
107
134
121
123
131
132
127
139
120
133
106
127
111
108
108
112
136
137
114
138
133
135
136
135
138
124
129
135
124
122
129
134
137
126
113
126
125
133
123
113
121
128
119
115
111
115
125
125
116
133
137
131
132
127
125
117
136
126
124
118
124
133
124
111
122
125
127
139
134
121
140
137
139
124
127
125
113
131
134
120
125
138
118
128
130
113
121
130
166
158
129
125
117
126
122
136
127
121
134
115
127
126
131
114
142
129
127
115
129
128
129
128
128
134
142
131
131
115
123
136
138
135
127
133
119
127
132
130
120
140
132
132
124
130
133
118
112
128
124
135
132
136
133
128
127
131
135
116
126
129
129
133
125
125
116
133
125
127
124
122
114
125
133
123
124
126
133
123
127
115
135
121
137
127
117
136
122
118
124
133
124
113
135
114
128
124
126
117
127
128
231
127
136
142
129
153
127
142
160
144
138
137
200
203
222
199
239
235
266
278
261
138
191
223
155
162
255
201
188
273
156
153
200
150
168
147
134
141
219
245
155
155
225
173
137
132
159
171
131
143
112
116
123
109
119
112
122
120
121
105
105
109
116
115
101
111
119
115
122
118
106
114
115
118
118
114
116
133
122
126
115
116
117
128
119
126
124
135
117
123
113
114
122
116
118
112
105
125
125
126
120
124
111
123
113
117
121
117
120
123
117
123
110
132
125
119
120
321
283
163
139
146
136
130
137
156
141
169
120
155
123
128
126
144
118
118
136
114
109
122
109
120
124
118
129
105
111
103
115
108
106
121
124
124
110
131
110
112
109
125
132
121
114
121
124
117
113
126
117
118
128
127
117
108
109
121
109
134
132
116
125
108
134
132
125
121
124
122
129
120
122
127
133
126
124
124
126
132
113
123
114
123
123
114
115
127
133
121
114
128
135
113
133
128
128
140
136
129
122
137
126
229
155
147
263
241
236
229
160
121
135
126
127
121
131
130
113
108
131
130
123
135
116
122
110
123
123
137
126
131
122
128
121
112
124
113
132
116
126
111
127
132
124
137
123
114
109
119
126
125
119
123
110
118
128
130
123
120
122
128
120
126
124
112
118
130
131
122
125
134
127
131
119
117
117
131
125
122
121
133
132
113
121
127
120
121
119
129
136
128
118
130
129
127
133
129
124
129
133
176
169
148
184
153
162
145
155
130
116
118
126
115
136
114
116
124
125
122
121
113
106
106
120
124
109
115
115
115
122
120
124
115
115
120
116
117
106
121
116
118
129
113
116
125
105
118
124
114
115
111
119
118
128
120
116
109
119
127
116
119
126
115
106
121
118
124
124
112
123
123
108
127
108
123
124
129
119
115
127
111
119
125
110
114
110
116
130
113
121
127
116
126
122
128
125
153
124
121
119
117
110
119
136
122
118
122
126
121
122
131
126
128
133
130
112
123
123
121
124
117
123
124
138
130
124
124
116
128
116
130
110
129
119
129
121
121
118
127
110
110
113
112
125
122
126
125
121
134
133
129
113
123
127
117
126
122
114
130
117
116
128
130
126
130
124
124
122
127
134
135
120
127
115
129
123
116
121
118
114
116
111
128
141
122
114
122
128
125
116
118
124
137
125
123
129
115
124
124
113
128
116
132
185
120
112
116
112
132
130
130
115
116
113
124
116
126
118
114
126
133
112
118
132
129
118
129
135
121
131
117
123
121
126
125
118
129
123
124
119
120
126
119
120
136
131
118
114
127
117
129
114
122
132
123
124
120
129
127
125
116
124
114
127
126
120
119
117
128
121
126
132
123
133
118
125
132
130
132
168
137
126
127
126
127
117
126
126
116
149
135
115
119
128
130
123
129
133
125
118
114
116
124
123
124
122
120
140
131
142
127
133
116
113
107
104
127
114
123
142
120
130
125
106
239
165
124
110
124
109
106
115
114
117
113
159
138
126
125
141
123
134
134
146
133
125
129
134
133
139
141
207
138
134
139
125
118
115
108
120
129
138
132
128
138
125
127
118
138
133
141
139
163
136
137
118
133
143
135
133
132
131
125
122
122
129
139
133
131
140
122
133
118
120
121
105
108
128
123
124
115
119
122
107
119
105
125
108
126
122
118
109
115
115
107
127
122
122
126
132
113
125
165
162
