64
63
61
48
54
55
55
50
53
56
56
52
54
48
53
52
54
54
54
50
53
51
52
49
47
51
54
56
54
49
47
53
48
55
51
52
53
53
53
50
50
51
53
48
53
57
49
52
47
49
48
52
53
49
49
55
54
55
56
48
53
51
51
55
49
51
53
55
56
53
47
52
53
52
52
52
49
48
52
54
47
56
54
52
47
52
51
54
56
54
51
52
55
54
62
124
100
60
52
54
57
57
56
60
53
56
57
60
55
56
55
57
56
54
59
50
51
53
58
50
54
54
50
56
53
52
56
55
50
57
54
49
50
55
54
54
53
56
54
54
55
51
57
52
60
58
56
56
54
57
52
57
50
60
59
55
51
55
53
51
50
57
50
58
60
61
51
60
53
58
59
54
58
59
57
57
56
55
54
54
53
52
56
57
57
60
52
61
56
55
60
61
54
51
54
55
54
55
59
54
59
58
60
61
58
61
59
57
57
56
56
57
56
52
51
56
59
55
60
60
55
59
52
57
56
57
55
61
59
56
58
59
54
57
53
56
57
60
55
59
57
54
56
57
55
56
58
60
58
60
58
58
57
59
57
54
52
54
60
60
55
54
58
60
56
53
57
52
54
53
58
58
58
58
61
59
56
56
57
57
58
58
58
62
53
59
59
61
55
58
54
57
58
60
56
59
57
53
59
55
113
65
61
59
58
59
60
56
55
58
58
59
59
55
59
54
54
53
59
60
52
57
55
57
58
56
54
59
54
59
56
57
58
53
57
56
59
61
53
58
59
51
57
52
53
52
59
53
59
56
58
55
59
57
53
55
62
52
52
58
56
56
55
50
57
56
57
60
58
58
55
58
56
58
56
55
55
51
55
58
57
59
57
54
56
52
57
50
56
58
52
53
60
58
55
53
53
55
54
51
57
50
51
56
58
54
55
50
60
55
51
59
54
54
57
54
57
52
51
55
50
51
53
57
58
52
56
60
59
55
57
58
51
57
55
57
54
52
56
53
58
58
56
56
56
60
51
62
57
52
60
61
51
51
53
54
56
59
54
56
55
58
51
57
57
62
54
56
57
54
56
57
55
58
56
54
57
55
55
51
55
54
54
53
56
54
58
55
58
54
55
52
56
51
59
54
56
52
54
56
59
52
63
57
60
60
51
61
55
58
58
57
54
55
65
59
58
60
53
58
57
57
60
56
55
62
54
54
57
57
62
62
58
56
60
60
51
58
54
58
59
59
60
56
51
62
62
56
61
58
59
55
59
58
54
54
59
59
56
53
56
55
56
61
59
57
50
57
53
53
56
52
54
57
59
64
51
53
56
54
55
54
56
59
54
57
58
55
54
57
56
53
54
58
59
54
53
58
57
55
56
53
58
56
55
57
58
51
59
55
54
61
58
57
54
57
53
60
52
59
57
58
61
56
57
59
59
51
51
60
55
55
50
57
51
56
57
60
59
58
54
55
57
58
60
59
54
58
62
61
59
58
56
61
55
55
58
54
57
54
58
51
57
55
55
57
56
60
57
56
60
57
62
62
58
61
62
62
58
56
60
60
56
56
56
64
53
56
58
52
60
51
56
55
58
58
58
59
53
61
57
56
57
63
57
57
55
56
58
61
56
51
59
52
57
60
63
54
61
68
56
60
60
62
59
54
53
58
58
57
59
58
51
58
55
56
52
58
55
58
59
55
54
54
58
52
52
56
50
56
56
50
54
55
60
58
57
57
60
56
60
52
58
52
57
58
55
59
59
56
62
60
54
59
56
59
58
59
56
51
55
57
55
56
56
56
59
63
57
58
56
59
59
60
56
61
55
57
61
57
56
58
58
57
55
58
55
58
54
56
59
55
59
62
58
57
56
60
57
59
56
57
57
54
57
58
55
61
61
54
52
62
53
56
57
57
53
60
56
56
59
56
56
54
55
54
51
60
54
63
60
60
60
60
60
60
54
53
57
52
58
58
55
56
58
61
58
62
59
61
52
62
57
61
57
54
60
60
52
57
56
56
60
59
57
54
54
55
51
56
57
53
55
55
56
57
54
53
58
50
55
52
56
57
63
56
57
57
56
58
62
53
52
54
62
58
60
58
57
53
58
60
64
63
58
56
58
56
60
55
59
52
63
56
58
57
57
64
56
52
57
60
52
53
51
58
60
52
53
50
54
57
52
52
58
53
59
53
57
60
61
58
56
58
59
60
55
54
61
58
53
56
61
54
55
55
57
59
57
55
58
55
53
57
55
54
52
57
56
56
58
61
58
51
57
53
61
55
58
56
