634
603
360
467
397
312
338
368
345
327
320
323
348
339
345
346
376
365
357
368
364
321
319
376
457
459
317
374
403
332
341
387
335
324
330
384
327
346
337
341
315
389
370
380
320
300
335
305
333
348
333
370
361
355
353
303
341
349
320
396
368
380
367
398
414
381
557
507
373
338
313
354
355
341
361
423
347
343
314
376
318
343
372
318
301
339
332
325
312
321
351
312
349
342
347
349
350
319
304
356
324
345
385
343
301
355
700
618
635
589
658
437
368
450
345
416
350
341
378
337
352
315
353
339
346
357
368
323
344
311
343
301
347
321
351
328
349
363
307
409
368
306
395
314
345
381
374
341
338
374
347
370
344
313
379
375
364
309
349
311
381
382
402
344
371
347
355
324
366
339
381
361
375
335
352
353
346
325
402
366
352
364
319
360
312
358
459
358
323
326
392
366
373
335
356
328
365
320
337
386
330
332
384
356
423
337
355
347
342
305
570
529
470
466
561
667
598
660
656
449
448
324
589
457
368
370
352
415
568
452
452
603
630
615
476
358
549
565
618
610
597
595
623
622
465
378
494
628
440
390
344
323
418
472
306
360
416
350
390
485
442
597
599
392
571
611
541
406
614
614
688
581
445
526
641
333
410
362
398
464
689
615
501
311
370
301
302
289
320
301
381
362
352
315
306
341
360
345
302
363
315
338
351
336
455
429
340
301
395
587
625
625
863
531
480
493
528
553
557
360
325
540
323
349
303
385
366
308
313
351
318
302
344
345
320
349
329
351
351
329
371
362
298
372
309
363
349
361
322
363
777
583
477
369
358
351
384
365
389
342
324
318
321
360
316
334
370
346
331
356
364
374
301
353
335
352
318
333
347
358
346
309
320
375
369
304
340
406
424
583
562
343
304
342
342
312
345
595
546
370
342
348
304
356
511
559
465
356
355
384
362
458
2268
486
432
880
613
781
671
685
685
626
606
364
323
352
363
314
309
380
315
334
318
314
369
340
362
352
427
608
594
570
457
554
682
463
559
500
636
623
654
676
644
664
367
360
623
632
674
358
369
310
381
323
306
316
300
426
435
442
350
349
341
325
338
335
343
316
343
334
402
392
310
630
571
688
586
374
375
310
363
371
310
348
353
343
365
349
346
302
332
359
328
334
313
322
340
309
346
371
352
301
359
369
337
316
337
350
345
502
357
311
344
349
360
322
353
345
291
305
325
329
317
308
343
296
342
327
328
283
332
299
347
312
338
345
329
328
340
335
350
318
316
324
334
338
342
360
300
315
612
506
469
426
378
436
504
579
637
367
316
349
336
376
352
318
337
336
325
314
313
319
313
339
338
349
341
343
344
336
295
295
321
366
314
345
533
631
387
340
476
368
365
369
310
323
461
365
332
359
356
432
331
333
310
333
325
346
324
326
335
330
351
348
290
334
315
326
297
327
339
314
326
323
508
573
607
600
595
583
379
418
294
361
346
316
325
322
355
307
329
347
384
358
363
334
298
320
344
349
378
337
332
310
357
339
344
471
320
396
321
338
320
372
385
355
356
378
427
360
376
483
339
379
339
307
322
362
349
350
322
331
319
325
321
349
319
308
290
305
303
326
321
326
346
288
311
321
289
412
300
388
363
315
368
301
340
381
398
331
315
340
345
379
367
356
359
353
333
310
354
336
344
340
316
347
376
309
366
351
306
290
345
361
338
339
297
354
388
362
317
398
351
417
454
590
452
310
368
557
350
367
364
375
363
363
321
308
370
362
306
305
334
353
588
334
340
374
335
336
376
384
352
345
415
381
464
358
501
418
386
613
654
536
474
505
508
647
470
384
431
403
352
343
343
392
379
525
311
342
324
315
331
356
303
328
351
334
304
303
339
310
365
345
348
351
365
324
269
316
272
305
313
349
327
564
615
642
450
305
334
353
356
353
367
333
318
345
282
317
281
311
309
312
329
338
338
307
321
326
301
339
339
350
346
341
293
318
314
333
337
300
414
359
466
340
309
439
373
328
293
309
369
310
310
344
320
330
309
337
299
283
343
330
302
291
285
297
311
282
283
317
291
327
291
297
345
331
315
329
343
298
441
614
342
357
498
587
525
374
395
370
338
340
320
301
299
302
307
303
312
281
296
295
262
270
306
309
308
332
313
318
310
307
328
308
298
311
285
340
308
326
457
549
535
589
390
303
341
313
308
318
343
322
308
501
561
294
345
335
348
305
342
347
354
365
321
347
335
355
313
344
331
327
327
328
307
336
291
316
338
341
309
353
299
358
347
339
303
340
