89
51
47
40
40
44
40
47
44
45
44
43
41
46
45
47
47
45
43
44
45
43
48
45
42
45
43
45
44
40
46
41
43
46
45
47
47
45
39
44
43
41
42
41
42
41
40
41
44
43
47
39
42
49
89
48
49
48
70
51
52
49
67
91
49
45
39
45
40
44
43
49
50
52
48
43
43
40
44
43
41
40
45
43
45
43
42
43
39
42
42
43
44
47
42
44
41
42
42
44
39
42
40
41
45
43
43
43
42
43
39
41
49
46
39
43
42
44
44
47
41
43
38
43
46
45
43
41
42
45
43
47
43
47
45
45
45
42
43
47
45
43
46
45
47
44
46
44
47
44
40
42
44
49
46
45
43
42
47
47
42
46
44
42
45
43
48
45
45
42
41
43
46
43
44
43
42
44
64
46
39
44
48
45
44
45
41
41
42
45
45
41
50
40
45
41
45
44
45
46
41
48
47
44
46
44
44
45
45
45
46
46
49
48
48
41
50
46
47
47
46
42
45
42
42
43
45
43
44
44
46
48
41
41
46
46
45
47
44
45
44
45
45
46
47
46
44
45
46
48
45
51
46
46
46
46
47
42
44
45
41
45
41
43
46
44
48
41
43
41
45
48
45
42
46
41
41
45
46
41
46
41
46
45
49
43
47
45
42
43
48
47
45
44
46
44
46
41
46
44
47
46
46
46
42
44
49
73
91
53
49
49
56
46
48
42
46
42
41
44
45
50
46
50
49
53
71
59
50
67
59
50
47
48
44
45
48
45
51
44
44
43
48
46
41
48
45
45
44
47
47
43
46
45
47
42
45
46
46
45
48
47
41
44
44
45
47
47
43
48
44
45
46
44
47
45
43
47
49
46
46
47
47
46
43
47
46
49
46
49
45
43
46
49
49
45
42
47
47
47
46
48
44
46
48
47
47
47
45
48
49
46
44
43
49
45
45
46
47
44
46
46
41
50
46
47
43
48
49
47
47
43
48
48
48
47
49
46
47
48
48
44
47
44
49
47
46
48
48
47
46
49
47
48
47
53
42
42
49
46
48
42
47
42
42
45
49
41
50
47
46
49
48
45
45
48
47
46
48
46
46
46
42
46
47
46
47
52
48
45
46
42
47
49
46
49
49
49
44
44
45
44
47
46
44
42
44
52
44
40
48
46
46
45
43
45
47
46
42
47
45
44
44
45
47
46
50
48
46
48
47
43
42
49
48
47
47
47
47
45
46
47
47
43
48
46
50
45
44
46
56
50
46
51
48
46
44
45
45
45
44
48
48
47
42
50
53
43
44
46
47
46
47
44
47
46
42
47
48
43
45
46
48
42
47
47
54
46
47
44
47
44
48
46
45
48
51
52
52
49
43
49
48
44
48
48
46
49
43
46
47
48
43
43
46
43
43
51
48
46
50
47
45
50
47
51
47
45
49
48
48
46
47
49
48
42
49
47
44
47
47
45
45
45
48
53
47
49
48
50
41
44
47
47
44
45
44
43
43
47
49
51
49
45
51
50
49
49
46
49
45
49
46
43
47
47
46
46
44
47
44
46
46
44
50
47
49
48
43
49
48
47
43
43
43
45
45
46
47
47
49
48
48
48
53
44
43
49
47
48
47
47
47
51
48
49
46
45
50
50
48
46
48
44
47
48
50
44
46
45
44
48
49
45
48
50
49
44
49
48
45
45
47
54
48
47
47
48
48
45
48
44
49
47
47
46
44
46
45
48
45
48
50
52
48
49
45
49
53
48
52
44
49
51
48
50
49
49
53
45
46
50
47
53
49
47
50
50
51
48
49
48
49
46
45
47
45
50
48
49
47
47
48
44
49
47
47
45
47
48
47
43
43
48
47
49
49
49
49
46
44
50
50
49
52
49
51
49
50
49
48
50
47
49
49
49
48
51
48
50
100
57
52
50
45
42
45
47
47
43
46
44
45
43
43
47
48
45
47
47
45
50
46
42
45
42
45
42
45
45
41
46
46
46
42
44
41
45
46
44
45
47
46
41
43
45
44
43
46
46
47
46
41
42
45
43
41
41
43
40
43
44
43
43
43
44
41
44
43
43
45
43
44
43
41
41
46
43
43
44
50
43
43
46
44
42
43
40
39
39
43
44
44
45
43
41
42
45
41
44
46
41
46
43
44
42
44
43
39
44
45
44
46
43
39
41
43
43
41
40
47
39
44
44
40
43
42
44
45
44
44
44
40
45
44
44
45
42
39
40
45
45
45
41
44
41
42
40
40
41
41
43
45
46
43
43
41
45
40
45
