347
353
333
325
296
302
261
322
295
315
299
402
366
311
333
329
372
364
376
340
297
314
331
305
335
299
325
311
267
262
320
304
286
277
315
319
292
316
324
331
291
308
293
314
314
310
294
289
318
318
294
370
330
316
546
341
310
320
330
312
343
315
316
328
331
316
324
281
287
321
329
305
334
301
320
281
310
312
321
301
315
328
332
352
327
311
347
343
308
341
329
323
354
288
313
300
354
401
357
324
343
330
352
325
301
342
300
356
309
354
324
302
302
356
362
326
340
347
291
324
336
330
337
326
320
325
358
285
314
344
342
304
330
330
330
340
323
942
695
346
323
414
346
352
342
341
322
292
316
280
305
303
278
333
319
268
327
273
274
300
285
320
316
325
317
329
348
305
289
311
301
311
275
291
328
309
317
404
322
336
283
333
327
387
373
684
526
562
632
510
491
475
477
390
497
414
440
462
435
333
345
348
283
305
257
295
281
288
284
289
277
355
329
266
327
374
340
317
384
307
506
604
519
346
358
342
298
306
318
333
322
340
304
302
362
347
279
307
308
330
331
325
316
334
314
324
328
345
332
329
344
286
347
319
339
357
312
350
292
300
317
533
296
311
350
333
342
362
339
329
310
323
314
302
281
339
323
300
278
337
302
304
340
302
307
291
297
306
308
285
327
314
288
330
310
297
305
345
345
335
324
314
353
321
366
357
299
320
360
302
284
312
292
366
317
326
291
323
362
314
329
304
318
335
342
290
307
346
331
341
314
332
303
339
344
337
346
314
344
387
367
307
368
309
341
315
327
331
334
337
351
292
323
355
343
296
339
290
350
320
304
308
331
296
296
350
322
297
332
313
337
301
334
341
356
328
349
354
343
351
322
292
306
342
290
318
322
339
329
315
291
375
349
302
295
305
326
313
319
342
314
354
329
294
296
318
341
333
300
296
293
287
324
334
327
328
342
315
301
343
336
307
298
319
330
329
314
316
291
333
351
323
295
556
624
636
622
673
311
299
301
294
335
346
322
346
331
289
297
363
357
313
358
366
330
319
326
311
304
294
320
330
337
334
334
361
340
316
293
289
357
387
341
352
330
351
350
338
356
335
336
333
320
344
351
312
301
329
331
334
317
344
343
310
344
338
298
328
337
295
322
338
334
349
319
318
307
328
290
324
317
318
891
343
343
353
312
313
355
323
319
317
334
333
315
315
328
315
333
325
338
342
312
324
338
313
334
334
302
290
324
346
312
288
300
348
330
330
286
329
286
331
322
403
381
350
309
368
382
351
298
334
303
331
367
368
355
318
356
324
338
332
351
344
346
315
339
355
313
297
343
345
331
360
288
298
333
303
367
332
317
333
291
396
342
338
334
329
309
339
294
333
345
314
335
355
311
295
356
285
308
332
343
348
331
348
304
296
363
315
342
309
359
324
324
338
327
308
327
330
364
367
322
337
480
373
317
321
330
363
288
327
322
299
306
306
345
326
306
293
294
265
304
291
285
290
291
318
301
318
268
299
307
314
283
281
305
279
272
301
270
321
302
270
267
271
308
270
354
318
290
367
303
283
309
298
286
282
276
308
300
325
283
269
325
323
336
326
312
333
273
318
321
327
338
276
324
292
311
324
314
319
308
331
328
317
282
310
305
334
365
362
354
340
388
332
463
402
449
427
458
503
439
409
369
466
382
564
566
298
400
350
351
323
309
339
312
318
290
284
292
283
264
293
263
296
361
349
322
303
287
275
294
294
279
287
305
292
293
304
326
316
320
309
314
276
277
300
314
330
382
586
685
638
617
658
484
301
310
275
323
309
312
294
299
326
258
324
327
319
337
319
260
314
332
322
319
280
305
300
317
324
332
290
298
323
327
331
321
364
330
355
303
288
328
287
304
323
285
292
300
322
317
307
304
277
338
274
323
325
344
284
291
286
313
284
315
293
347
317
321
339
319
306
330
285
319
336
281
294
342
329
296
388
330
404
328
357
287
314
322
279
282
331
316
343
284
316
317
322
320
309
287
287
290
309
334
281
326
324
291
300
330
316
330
302
316
301
299
321
302
341
297
329
418
328
319
321
296
314
337
335
302
325
310
310
302
316
293
349
297
294
324
335
335
338
312
332
342
296
333
349
288
322
300
322
296
318
308
329
323
337
322
337
319
324
303
317
346
361
355
337
354
331
459
405
298
310
312
316
318
333
297
314
323
330
329
332
318
319
335
325
315
309
337
318
294
305
344
295
339
317
326
298
343
302
310
319
331
333
304
343
303
332
298
330
390
347
391
353
