15
13
13
12
13
15
13
13
12
13
12
13
13
12
12
13
13
12
12
12
12
12
12
12
13
12
13
13
17
12
14
13
11
11
14
13
12
13
14
11
11
11
12
15
12
13
12
11
13
13
13
15
13
13
11
11
11
12
12
13
13
13
13
11
10
11
12
13
13
12
13
13
13
12
15
14
12
12
12
13
13
12
12
13
12
13
13
12
13
13
12
11
12
11
13
12
12
12
15
12
12
16
21
17
12
17
20
13
18
21
13
12
11
12
12
12
12
12
12
11
12
15
11
12
12
12
12
12
12
12
12
12
12
11
12
13
12
12
12
12
12
11
12
12
15
12
12
12
12
14
12
12
12
10
10
10
10
10
10
10
10
10
11
10
10
10
10
13
10
10
10
10
11
10
11
10
10
11
10
11
10
11
11
11
11
11
10
10
13
12
11
13
10
10
10
12
12
12
12
11
12
12
12
33
22
35
12
11
11
11
12
12
12
13
30
12
12
15
12
12
12
12
13
12
13
12
12
12
12
12
12
11
33
19
21
19
13
16
12
13
12
13
15
12
14
21
16
13
11
19
13
11
12
11
12
13
12
13
11
12
18
15
12
12
12
12
12
12
12
12
12
11
12
17
21
22
23
21
17
19
20
19
23
13
15
12
10
10
10
11
10
11
10
11
10
11
10
10
11
10
10
10
11
10
10
11
11
13
10
11
10
11
10
11
10
10
10
11
10
11
10
10
10
10
10
10
10
10
10
10
13
10
11
11
10
11
11
10
10
10
10
10
10
13
12
11
10
10
10
10
10
10
10
11
14
10
11
10
10
11
11
11
10
10
10
11
11
10
11
10
11
10
11
10
10
10
10
13
11
10
10
10
10
10
11
11
10
11
11
10
10
10
11
11
11
10
11
11
11
11
13
10
10
10
10
11
10
11
10
10
10
10
10
10
11
11
10
10
11
10
10
10
11
14
10
10
11
11
11
10
10
10
10
11
11
10
10
10
10
11
11
10
11
10
11
10
10
14
11
11
12
12
12
11
12
11
13
11
10
10
11
11
10
11
10
10
11
10
10
10
13
11
11
10
10
10
10
10
10
10
11
10
11
10
10
10
10
11
11
10
10
13
12
13
11
10
11
11
13
10
11
10
12
12
11
12
11
12
12
12
12
12
11
10
10
10
10
13
10
10
10
11
11
10
11
11
12
12
12
12
12
12
12
12
11
11
10
10
10
10
13
11
11
11
10
10
10
11
11
11
11
10
11
10
11
11
10
11
10
10
11
10
11
13
10
10
11
10
10
10
11
12
12
13
12
11
29
21
21
18
12
12
12
12
12
12
16
13
12
16
24
23
23
23
22
34
19
28
22
30
37
19
20
20
32
24
21
34
27
20
16
11
12
16
21
21
21
20
22
44
36
23
22
28
24
23
27
23
23
24
23
30
21
23
22
35
23
21
21
23
24
22
22
23
22
24
21
23
22
21
22
19
20
22
25
18
23
21
24
22
34
26
20
35
21
20
21
35
21
20
17
12
12
12
12
11
15
12
17
15
11
18
19
28
13
15
13
15
14
12
13
12
17
13
12
12
12
12
12
12
12
11
13
16
12
12
12
13
13
12
12
12
13
13
13
12
38
13
13
12
12
13
12
13
14
12
17
12
13
12
12
12
12
12
12
13
11
13
12
12
13
12
12
12
13
12
13
12
15
15
11
11
11
11
10
11
11
10
10
10
10
11
10
11
11
10
10
11
10
10
20
12
12
15
12
12
13
12
12
13
12
13
13
13
12
12
13
13
13
12
13
12
13
12
13
12
16
13
13
13
13
13
12
12
12
13
13
12
12
14
12
12
13
11
11
11
10
11
10
13
11
11
11
11
11
11
12
11
12
11
11
11
11
10
11
11
11
11
11
11
11
11
13
11
10
10
11
10
11
11
10
11
11
10
10
11
11
10
11
10
11
11
11
11
10
10
13
10
11
11
10
11
10
11
11
11
11
11
11
11
10
11
11
11
11
11
11
11
11
15
11
11
11
11
11
11
11
11
11
11
11
11
10
11
11
11
12
11
11
11
11
11
13
11
10
10
10
11
10
11
10
10
11
10
11
11
11
10
11
10
11
11
11
10
11
14
11
10
10
11
11
11
11
11
11
11
10
11
10
10
11
11
11
11
11
11
11
11
10
14
11
11
11
10
11
11
11
11
11
10
11
11
11
11
11
11
11
10
10
11
11
11
14
10
10
11
11
11
11
11
12
11
11
10
11
11
11
10
11
11
