301
315
305
306
301
304
324
300
302
306
314
294
268
296
303
306
274
287
304
273
300
341
250
324
337
348
307
307
327
276
265
266
289
281
288
253
259
271
244
274
274
259
241
278
293
258
280
301
277
253
280
301
252
295
263
288
308
292
285
308
281
286
276
284
277
263
290
286
270
276
281
351
298
284
306
264
290
310
284
299
305
299
257
302
301
260
294
288
253
308
303
302
282
320
292
284
267
286
259
298
309
279
301
303
301
262
299
274
321
287
271
270
263
264
311
290
276
322
317
301
299
303
295
352
286
273
303
287
289
268
292
273
298
317
268
279
296
274
275
325
294
279
294
294
267
278
298
293
290
266
280
324
259
284
301
329
297
298
288
299
276
320
313
308
288
304
303
283
293
306
259
284
290
282
313
306
309
297
299
292
296
299
298
262
288
322
277
298
292
273
281
324
299
302
286
296
312
318
274
305
276
300
292
342
300
294
305
291
287
278
291
300
309
301
308
312
291
304
313
304
307
289
306
309
301
306
315
303
316
294
290
306
316
307
301
293
286
300
268
288
295
311
293
284
288
305
275
288
302
278
282
257
288
311
281
310
289
270
304
289
305
322
296
273
793
808
757
775
777
802
753
520
466
479
483
477
356
282
309
288
266
295
281
287
284
286
271
268
278
265
262
264
265
316
251
265
243
273
252
279
250
250
249
266
285
276
235
236
242
268
287
275
255
244
287
296
246
244
246
265
250
239
252
274
280
276
273
260
247
245
260
271
266
258
298
264
248
279
270
298
299
254
294
338
305
269
288
282
296
312
284
249
305
297
301
257
291
294
279
267
251
278
302
266
271
294
294
270
280
314
317
287
300
285
271
296
265
300
296
276
278
262
256
310
288
280
332
300
267
297
341
297
293
335
294
301
305
277
290
314
302
295
282
294
306
291
296
316
276
317
286
298
260
290
320
317
272
281
254
312
291
293
302
277
318
301
296
300
297
292
307
275
307
292
334
348
311
299
306
312
363
344
371
352
310
383
355
481
609
480
591
558
393
379
337
289
270
280
242
270
257
291
288
250
285
293
267
275
267
243
298
271
266
272
271
267
250
278
276
274
257
279
270
270
258
276
286
274
261
360
319
326
317
413
338
464
472
297
305
316
267
302
267
262
289
239
271
271
256
289
249
271
251
271
290
254
276
284
290
289
298
311
259
306
265
286
278
277
313
262
271
267
256
255
301
276
297
263
272
260
262
289
322
285
309
535
399
314
288
328
294
277
275
254
275
276
276
268
274
242
267
257
272
280
274
269
271
278
253
241
254
283
277
294
279
268
268
307
293
283
256
293
297
285
279
293
285
251
270
291
256
297
257
275
382
344
327
319
289
293
315
286
253
311
301
260
265
322
297
264
302
273
281
289
263
262
265
291
297
260
318
262
297
282
291
287
306
312
299
308
315
299
329
303
305
262
292
267
328
331
330
307
326
319
280
302
269
302
310
266
268
294
312
292
300
276
303
333
289
280
280
282
330
307
314
310
259
295
333
269
317
317
291
298
301
253
292
262
319
299
325
274
313
314
304
347
268
311
308
298
323
287
271
300
307
279
325
294
263
293
309
297
271
307
261
292
307
285
263
286
322
285
263
273
305
298
299
252
291
256
285
288
307
278
284
265
310
264
282
308
326
294
303
312
276
268
287
267
306
301
403
275
262
319
293
303
260
301
273
276
281
295
290
316
274
307
286
314
281
302
271
302
271
286
256
290
294
264
263
293
296
315
294
293
314
312
266
271
313
267
286
330
288
266
306
274
286
292
315
290
304
289
263
319
299
296
264
303
308
297
285
302
273
314
307
312
301
303
301
296
279
293
277
275
295
283
277
311
281
280
322
310
260
261
281
311
276
308
260
313
312
317
299
296
298
283
270
302
276
295
271
314
298
283
310
298
261
272
264
261
300
298
272
289
294
290
291
285
315
267
262
297
268
276
269
296
276
261
268
305
296
326
294
308
275
278
290
339
269
267
300
275
310
262
290
300
319
309
279
295
290
307
310
302
276
308
295
310
292
303
280
286
302
298
277
273
316
287
278
297
267
276
259
294
299
287
319
259
277
300
269
297
264
272
316
258
282
303
282
279
267
300
259
293
281
308
289
267
294
293
311
269
311
287
301
301
292
302
294
277
313
265
288
287
295
301
299
293
291
278
316
274
322
277
291
313
277
293
304
318
307
288
267
268
318
311
294
290
297
292
300
264
302
297
312
333
281
281
264
272
274
293
274
281
302
297
313
266
313
290
