31
28
32
24
25
25
22
25
24
23
23
24
24
24
24
29
16
14
17
16
16
16
15
15
16
15
15
16
15
16
15
15
15
15
15
16
15
13
17
13
14
13
13
13
13
13
13
13
13
13
12
13
13
13
13
14
14
13
13
14
13
17
13
13
14
13
13
13
14
13
13
14
13
12
13
13
14
13
13
13
14
13
13
13
16
13
13
13
13
12
13
13
13
13
13
13
12
14
13
13
12
14
13
13
13
13
14
13
17
14
13
13
14
13
14
13
13
13
13
14
13
13
13
13
14
13
13
14
13
12
12
16
15
15
13
14
13
15
16
13
13
13
13
13
13
13
14
13
13
16
14
12
15
14
16
14
14
13
13
13
14
13
13
13
14
13
13
14
14
14
15
14
13
13
14
14
13
13
16
13
13
13
13
13
14
16
15
15
16
15
14
13
14
13
13
14
14
13
13
13
13
16
15
15
13
13
15
15
13
13
14
13
13
13
41
44
16
16
18
14
16
16
13
14
15
14
13
13
14
13
14
12
14
13
13
14
14
13
13
14
13
16
15
15
16
16
16
18
14
14
14
14
14
13
13
12
14
14
14
17
16
13
13
14
13
13
14
14
14
13
14
16
12
13
13
12
13
14
14
14
14
13
14
14
13
13
14
13
14
13
13
13
13
13
16
13
12
13
14
14
13
13
14
13
14
13
14
13
12
14
13
14
13
13
13
13
13
16
13
13
13
13
15
14
13
13
13
14
13
13
13
12
12
13
13
13
13
14
12
14
17
13
14
13
13
13
14
13
13
13
14
13
14
13
14
13
14
14
13
13
13
13
13
12
16
12
13
14
13
12
13
17
16
15
15
14
16
19
15
14
15
15
15
15
16
15
15
18
15
15
16
15
14
15
15
15
14
13
13
13
13
14
14
13
13
13
14
13
13
13
16
14
13
15
13
13
13
12
13
12
14
13
14
13
13
13
13
13
13
12
14
14
13
17
12
13
14
12
13
13
13
13
13
13
14
13
13
12
13
12
13
14
14
13
13
13
14
17
12
13
13
14
13
13
13
13
12
13
13
14
12
13
13
13
13
13
12
14
13
14
16
13
14
13
13
14
13
13
13
13
13
13
13
14
13
13
13
13
13
14
13
13
13
16
13
13
13
14
14
13
12
14
13
13
13
13
14
14
13
13
12
12
14
13
13
13
14
18
16
14
15
15
15
16
15
16
16
16
13
14
14
13
12
13
13
13
13
13
14
14
17
13
14
13
14
12
14
13
12
15
15
15
14
15
16
16
15
15
15
15
14
15
16
18
14
15
16
16
15
14
15
15
16
15
16
16
16
16
15
16
15
16
14
13
13
14
16
13
14
14
14
14
13
13
13
14
13
13
13
14
12
13
13
14
13
13
13
13
13
14
16
13
13
13
13
13
12
13
13
13
14
13
13
12
14
13
13
13
13
13
14
13
13
18
13
13
13
13
13
13
13
13
14
13
14
14
13
13
12
12
13
13
13
14
13
14
17
14
13
13
12
13
13
13
13
14
13
13
14
13
13
14
13
13
14
16
15
16
16
18
18
14
16
16
15
15
15
15
15
16
15
15
16
16
16
16
15
14
15
15
14
16
15
18
14
15
14
16
15
14
15
15
15
16
16
15
15
16
15
16
15
14
15
15
15
14
18
15
15
15
15
14
15
16
16
15
15
15
14
15
16
16
16
16
15
16
16
22
16
20
15
15
13
14
13
13
13
13
14
14
13
14
16
14
16
15
15
16
13
14
13
12
13
17
13
14
13
14
13
14
16
16
15
15
17
16
15
16
14
13
16
15
13
13
13
13
16
14
14
14
14
14
16
16
16
16
13
13
14
14
13
13
13
13
14
13
13
13
14
16
13
13
14
15
16
15
14
14
13
13
14
14
14
14
13
17
15
14
17
17
14
14
17
14
14
13
14
14
13
13
17
17
14
16
15
14
13
14
13
14
13
13
13
13
14
13
16
14
14
14
16
16
15
14
15
16
15
16
16
15
15
17
15
13
13
13
14
14
14
16
14
14
16
16
16
14
17
16
16
16
16
16
15
16
14
14
14
16
35
31
24
43
34
24
21
15
14
18
16
17
14
15
16
15
16
15
15
16
14
14
13
18
14
20
16
22
14
14
15
15
14
16
14
15
15
15
16
15
20
14
16
13
14
13
13
13
13
14
13
15
13
12
13
13
14
13
14
13
14
16
16
16
14
16
15
15
13
12
13
13
13
13
17
14
13
13
14
17
16
16
