1113
905
1127
1331
1027
1017
917
1043
1061
1096
920
1040
1037
1112
1031
1137
1186
1095
931
1001
1040
962
1014
1018
1049
1032
964
1091
903
1052
1125
851
917
1044
1020
965
1161
1041
1040
999
1033
1043
1032
1032
1045
916
1148
1427
1188
1486
2157
3855
1751
1113
950
1053
1121
1065
997
1371
991
1615
1063
943
1061
1108
1000
1052
1106
1078
936
1018
1051
1159
1433
1152
693
988
1011
981
1039
1069
952
1037
1102
1124
1031
966
1037
1039
947
811
1114
1064
1022
869
1081
1033
967
840
1010
867
967
1439
1422
1016
978
973
1048
1066
1040
1101
1073
922
1052
940
1056
997
1253
762
919
1046
901
1029
997
1050
1128
1112
1070
1271
2066
1028
1761
1719
928
1075
1087
925
1093
1021
968
903
1120
758
930
2519
2072
2285
2255
1878
1873
1380
1586
1699
1451
1166
1136
1153
1266
1237
1202
965
1016
1112
1072
1043
980
1053
1073
904
1030
999
1042
969
1560
2278
2549
2446
2147
2031
2407
1046
1794
2199
2153
2356
2289
2263
1729
3790
2581
2632
2418
2394
825
2183
968
1082
2908
2967
3628
1328
1625
3312
4139
3754
3086
1300
1280
1706
1271
1195
1569
1932
1819
1764
1804
1470
1245
1690
1727
1657
1624
1627
1605
1368
1050
1087
861
1020
913
944
1004
926
1088
1034
1435
843
1073
1109
1121
922
916
895
965
827
877
1067
1131
1019
1048
1065
1010
977
1078
992
1445
2329
2482
2465
2574
2120
2533
3727
2344
2081
1981
2417
2444
2395
1685
1685
1823
1431
1550
1440
1913
1819
1257
1054
1029
1081
922
1069
1090
1152
1047
1124
1128
758
1192
1076
947
1104
1124
1077
1097
945
901
1144
1110
1179
851
984
1028
1054
925
1051
985
1120
965
1069
1046
1052
955
1171
811
932
1050
994
921
1046
1058
976
1117
835
1068
852
873
789
1040
1249
1424
1223
1356
1471
893
972
1316
890
1041
1008
1096
1025
1076
970
957
948
1103
1000
1019
930
1914
1144
1459
1038
1172
968
834
921
990
903
925
1033
842
1229
912
896
976
958
942
886
789
896
824
786
968
918
789
939
910
882
875
967
962
887
958
865
881
939
998
868
1022
799
1022
907
959
938
936
911
848
1035
1610
2172
1915
2102
1816
1887
847
1087
1221
1366
1360
1220
1257
1209
1128
992
1051
1182
930
1044
1015
1089
1081
967
1048
899
927
950
1040
928
953
1074
994
941
1167
1115
921
973
935
999
919
1158
981
1070
1123
1126
998
971
946
1051
1087
1140
1127
1095
1149
1077
943
1182
1041
1191
851
979
1095
1098
1026
1044
1063
946
940
949
1025
1023
1067
1086
1021
939
997
790
1022
923
854
838
959
921
1253
1293
781
1490
756
1126
1171
1235
1090
805
776
1019
775
924
957
831
909
1102
1059
1366
1458
1011
986
1470
1461
1710
1708
1900
1305
791
931
996
1094
1054
1271
972
1217
903
1016
905
1125
946
1030
1037
1018
1047
1043
1097
1050
1120
1030
887
1087
898
939
957
1037
1436
2351
2290
1374
1282
1326
1508
1545
1353
1477
1238
1223
1268
1395
1376
1031
1063
901
1046
1175
1150
992
1103
1183
1005
1058
970
1158
1678
1689
882
949
1006
950
838
923
1227
1151
945
869
1052
1239
936
1045
1004
916
1036
928
926
1024
1027
891
794
937
872
910
895
989
1092
1075
983
926
1050
1060
1069
1445
2504
1631
1894
1954
2019
1538
1571
1695
1468
1534
1615
1333
1490
1443
1840
1448
1707
1173
1131
939
907
1048
1361
1277
750
1124
1035
972
1049
1084
961
1054
894
1418
1447
1354
819
1113
964
1150
970
978
904
1071
908
869
1264
1275
1443
1670
1584
1686
1687
1669
1626
1605
920
1191
1598
1482
1366
1438
1430
1245
1126
1138
1034
1283
1005
1109
1162
898
888
1044
1019
1407
1101
855
877
977
869
1001
922
961
1024
897
940
959
1440
1405
1358
1140
1141
1557
1609
1197
1686
1718
1297
1329
822
1277
1271
3676
3994
4133
2770
4446
3778
2922
1227
766
974
893
917
889
1019
1075
928
898
1555
1147
1491
1771
1058
917
1326
1263
2341
1000
1651
1568
1349
962
1381
3472
3402
3704
1160
1648
1976
1296
916
1652
1508
753
1244
1125
865
1297
922
1035
1296
1624
1773
1779
1574
1084
994
1158
989
976
1024
846
976
1057
862
878
922
1119
869
807
1030
930
956
1028
888
989
1653
1410
1584
2443
3680
3154
1715
1145
1529
1234
1642
1057
896
1083
1594
3246
3772
1559
1599
1504
990
872
975
996
780
1294
1576
2577
2428
1373
840
3342
3025
3620
3246
1346
1310
934
852
1119
1550
998
1250
934
807
1392
820
1600
1383
855
795
1061
920
1091
1556
4114
1712
1283
1515
1189
1333
1501
1547
1337
3783
1615
766
1371
1340
1512
863
1017
972
976
769
1014
1263
974
1221
1202
1063
926
1002
993
1075
1026
930
904
823
819
1000
1040
1085
957
1166
2197
3466
3227
2974
1546
1063
918
880
913
1332
886
939
1212
4370
1349
932
823
878
957
1239
1544
1302
1189
987
1413
980
1675
1042
1176
1123
1250
1085
1110
1013
1077
1000
953
976
1066
1023
1087
875
1009
970
1025
957
876
978
907
1007
886
910
945
797
1118
969
1119
1390
1456
1444
1537
1221
1034
1508
1670
1200
2148
957
1657
786
1591
1845
1842
1989
2369
1001
1634
1156
1299
1238
1301
964
1004
881
1167
1051
854
880
1039
1327
1140
877
797
1087
2552
1440
1520
1032
1239
888
1325
848
1144
1462
1361
1492
1258
1731
1111
1145
834
824
1051
1027
1217
920
1011
871
