4631
4996
4636
5015
4439
2690
2170
2670
2121
2851
1858
1123
1148
1452
1075
1171
1201
1261
1528
3973
2965
2546
2685
2909
3926
2619
2436
2748
2374
2652
1916
2140
1906
1583
1408
1365
1460
984
1186
1118
1148
1211
1145
1165
1171
1061
1155
1302
1182
994
1017
1205
729
1212
1029
1144
1172
1207
1205
1088
1261
1246
997
1477
1787
1057
1027
1125
1179
1201
1000
993
1218
1154
1172
1110
1321
929
1064
1126
1114
1165
1021
1022
1135
1092
1016
985
1374
1046
1144
1077
1030
1139
1196
1101
1156
1238
991
1220
1027
1367
872
1077
1150
1181
1167
1167
820
1108
1199
1164
1083
1191
1182
1017
1010
1122
1143
1012
1176
1102
1139
1078
1160
1152
1161
990
1063
1159
1153
1071
1198
981
1168
996
1221
1159
1052
1134
1186
1294
1019
1191
1029
1075
1120
1201
1025
1148
1122
1216
1044
984
1023
1229
980
1227
1572
1316
1152
1225
1870
1446
1091
1013
1260
1180
1258
1288
1629
1561
1053
1090
1146
1058
1143
1034
1198
1190
1073
1183
1010
1266
975
1165
1075
1227
1017
1042
1043
1049
1149
1213
1155
1019
1449
1044
1050
1076
1101
1022
1175
1152
1123
1129
1216
1172
1273
2191
1801
1147
1070
1010
982
1113
1192
1277
1021
1085
1097
991
1163
1245
1129
1425
2472
2121
2129
2044
1862
2159
2407
2500
2601
3059
2716
2743
2476
2596
2392
2378
2163
2220
2588
2436
2984
2243
2593
2308
2585
2499
2206
1935
2251
2141
1925
1704
1763
1522
2154
2567
2542
2406
2532
2435
1599
2475
2616
2156
2447
2127
1904
2628
1519
2426
1762
1721
2278
1971
2279
2635
1296
1232
1261
934
1169
1201
1144
1276
2277
2332
2567
2201
1884
2780
2680
2357
2701
2662
2245
2537
2434
2654
2364
2408
2187
1646
1423
1634
1263
1343
1142
1128
1184
1115
1015
1100
1126
1061
1201
1171
1025
1034
1087
1208
1231
3462
2624
2746
2562
2356
2338
2320
4455
2635
3081
2590
2370
2141
1393
1629
942
1186
1285
1262
1110
1261
1023
1156
970
1068
1149
1102
1135
1192
1175
1045
1223
1044
1024
1006
1064
1028
1049
1025
1087
1112
1001
1139
1127
1012
1146
1014
1167
1258
1271
1187
885
1214
1153
1163
1110
1165
1177
1918
1543
1233
992
1140
1006
1131
1124
1156
1232
1147
1177
1322
1495
2466
2383
1808
1734
2623
1412
1242
1006
1066
1539
1492
1332
1297
1336
1454
1617
1511
1401
1279
1393
1264
1253
1173
1109
1110
1389
1454
1774
1048
1139
1122
1153
1213
1179
1049
1223
1389
1145
1234
1158
1221
1186
1160
1094
1165
1044
1223
1201
1148
1108
1161
1007
1091
1058
1004
1175
1230
1176
1036
928
1015
1007
1278
1302
1153
1220
1010
1218
1674
2561
2414
2328
2332
2878
2702
1962
763
2264
2809
2307
1394
2770
2767
1729
2527
1742
1452
1404
2064
2364
2974
2316
2337
2434
1921
2052
1556
1585
1734
1560
1326
1235
1254
1216
1075
1185
1116
1017
1028
1343
2304
2714
2897
2934
2314
2591
2341
2612
2424
2018
1829
2742
3992
3116
3355
2910
1872
1018
2400
2034
3450
2675
2447
2265
2365
2245
1675
2366
2764
2148
2677
1469
862
2490
2738
2165
2482
2273
2688
2780
2547
2613
2314
2601
2626
2554
2264
2517
2696
2295
2622
2326
2511
1537
2482
2871
4943
4863
4699
4853
3178
6089
6327
5925
4506
3740
3040
2904
2616
1277
1181
1193
1131
1216
1181
1199
1038
1009
1026
1205
1657
2565
2636
2740
2589
2107
3286
2955
1468
1188
1583
2071
2086
2658
1322
1180
1025
1126
1245
1381
936
870
1004
1135
1151
1137
1187
1077
1173
1231
1167
1170
1262
876
1232
1239
1128
1263
1025
1019
1158
1262
1286
1138
1564
4333
2140
1097
1187
1266
1210
1983
1691
4366
3188
2467
2225
3025
3990
2257
1653
1950
1780
1485
1237
1326
1393
1001
1093
1149
1181
1167
1195
876
1166
1146
1120
1285
1003
1145
809
1116
1201
1208
1189
1236
1051
1047
1201
984
1061
1135
1003
1192
1152
992
1132
1081
1198
1145
1099
1161
913
1177
1148
1169
994
1171
1037
1164
1070
1139
1202
1048
1216
987
1204
1136
1172
1409
2584
2781
2878
2690
2469
2624
2647
2533
3492
3583
3669
1822
4195
2735
2722
2052
1316
1025
1302
2148
2490
2276
2651
1897
849
2636
2656
2806
2668
2536
2684
2480
2600
2874
2561
2351
1521
2004
2155
1409
1515
1531
1361
1019
1240
950
1173
1155
1307
1197
1148
1039
1156
1232
1092
993
1429
1319
2453
2440
2299
2278
2560
4300
3096
2606
2298
2778
4738
2637
2024
2177
1878
1651
1499
1674
1152
1351
1319
1345
1086
1102
1126
1026
1111
1163
1112
986
1088
1070
1227
1131
1171
1167
996
1167
1347
2156
2157
1244
1168
1102
1016
1527
1501
1227
1554
1268
1218
1220
1287
1040
1223
1262
1265
1216
1283
1100
1165
1639
1240
1413
1495
1330
1212
3711
3582
3504
996
2298
1661
1040
806
2926
2674
2579
2354
2600
1142
1454
2557
2319
2552
2544
1957
2586
2791
2352
2630
2707
2662
2099
2029
2060
1731
1655
1592
1584
1794
1089
1231
1252
1755
1844
2109
2626
2839
1984
2487
2657
2589
2746
1866
1689
1573
1493
1381
1299
1134
909
1004
1127
1072
1193
1180
985
1186
1178
1252
1174
1203
1074
1194
1224
1364
2114
2686
2691
2683
2185
2288
2672
2159
2147
2023
1937
1819
2710
2239
1519
1137
1014
1070
1033
1085
1086
1179
1507
2036
3142
3697
2359
1817
2190
2864
2774
2539
1782
2816
2592
2080
2036
2312
1102
1291
1484
1307
1392
1361
1367
1138
1044
1197
1178
1271
1139
1502
1027
976
1018
1153
1159
1137
1220
1198
1151
1248
1556
2399
2505
2284
2581
2653
1926
2755
2863
2325
2701
2334
2674
2479
2545
2731
2564
1899
2141
2727
2439
2630
2370
2294
1913
2571
2350
2275
2427
2917
2288
2361
2366
2623
