161
146
159
154
167
177
143
161
163
141
181
161
142
167
168
152
175
141
148
149
191
355
340
339
342
340
298
186
156
160
143
161
164
159
168
145
159
167
163
171
152
157
165
155
161
162
162
170
162
148
165
161
166
158
153
171
153
166
151
166
175
164
151
153
148
166
165
165
173
150
176
162
150
176
152
172
150
161
165
176
150
172
160
155
168
167
185
172
162
174
157
178
161
212
196
178
159
150
172
164
160
172
160
190
182
186
168
164
157
184
179
160
171
184
182
168
171
181
172
168
155
178
165
189
167
169
164
175
173
166
179
175
174
150
175
184
168
155
190
172
191
178
198
181
165
154
176
160
156
187
171
176
172
162
166
162
181
178
153
166
168
187
159
160
167
163
156
168
191
182
191
177
193
196
173
192
176
203
176
165
157
159
175
213
177
177
173
171
176
184
168
174
154
173
161
166
163
170
169
172
163
156
169
157
152
173
185
180
170
159
169
173
167
186
167
188
176
175
183
179
170
166
177
171
171
169
176
168
166
156
154
168
170
171
181
166
156
171
173
159
157
175
171
181
156
178
163
173
172
183
183
192
265
185
203
196
178
174
193
190
188
207
184
182
171
189
190
168
177
183
180
184
167
189
188
184
183
185
184
186
188
187
186
188
186
168
181
173
194
188
179
180
185
190
193
168
192
186
162
179
177
191
187
168
176
164
163
172
182
182
191
186
164
201
186
197
169
196
194
183
198
217
193
174
181
196
189
184
184
181
196
198
182
184
168
189
182
165
179
183
189
186
171
189
182
186
144
160
170
157
144
152
146
164
170
160
175
146
150
163
145
175
153
156
183
175
146
175
163
172
154
164
169
184
188
184
184
176
169
161
172
159
172
168
170
175
178
181
157
164
174
179
160
158
170
154
189
163
158
180
186
170
171
173
168
167
170
173
176
174
162
163
158
174
159
153
176
166
158
181
167
154
166
175
162
169
168
179
184
182
174
174
173
176
169
167
167
184
176
172
164
180
178
169
156
182
183
173
176
164
158
173
174
173
179
159
168
174
160
184
174
173
174
157
156
168
178
156
153
170
165
276
181
178
159
169
173
181
174
172
171
181
191
185
194
175
164
172
180
178
173
192
178
173
167
167
175
176
182
189
177
165
169
158
191
172
180
192
182
154
172
152
159
182
177
161
173
177
187
164
178
160
161
186
165
177
195
168
189
179
174
176
158
158
188
181
181
160
174
157
172
174
178
206
206
183
177
172
185
167
168
170
172
155
153
171
175
176
178
166
186
186
177
193
183
161
158
170
169
185
171
160
162
179
180
178
173
176
164
175
181
180
186
183
189
175
168
182
182
160
164
153
173
183
167
151
160
153
175
176
159
191
164
170
174
163
170
184
161
175
174
169
179
159
162
156
178
184
165
187
255
175
161
173
185
181
192
208
222
182
182
185
213
200
174
197
173
186
190
170
225
200
216
188
193
175
199
269
224
328
177
176
218
191
192
221
178
160
219
263
302
207
173
176
181
268
189
184
185
167
187
201
189
173
185
190
171
182
169
188
180
183
178
176
190
177
180
184
169
172
157
167
163
140
168
152
157
150
165
167
156
150
158
164
166
171
156
156
165
145
146
157
153
157
153
159
169
147
154
140
160
148
158
156
160
169
163
284
331
381
340
306
287
274
284
268
244
172
142
169
146
153
192
161
196
169
161
166
158
160
148
162
159
175
167
167
171
161
161
179
170
164
164
189
183
176
174
162
166
163
175
183
177
165
159
149
180
180
188
156
182
163
172
176
155
164
193
181
181
160
171
176
162
186
191
176
189
250
339
376
357
334
320
301
310
157
173
158
183
169
179
173
167
171
177
169
176
161
181
158
173
168
171
172
169
175
164
155
186
162
178
167
195
177
173
186
162
169
155
175
176
176
158
184
180
157
182
174
183
189
176
161
182
179
170
176
163
170
165
185
169
157
183
191
164
165
160
164
226
175
180
189
191
212
209
181
192
193
169
177
167
171
183
169
179
160
155
176
161
179
175
177
160
193
181
174
173
184
182
174
176
179
181
183
180
186
197
196
171
181
175
193
181
184
194
182
185
179
180
183
191
191
172
188
176
172
188
167
179
191
192
198
175
182
182
172
192
192
668
177
180
169
171
174
153
174
176
170
177
180
151
176
175
170
153
171
155
175
172
163
189
155
177
166
184
180
156
157
162
183
180
182
189
176
188
180
187
181
201
181
169
190
188
170
183
174
188
179
191
156
190
158
183
189
186
192
193
176
181
182
