15
16
13
13
12
13
14
14
14
14
17
17
15
15
14
14
14
14
14
14
14
13
13
12
12
13
14
13
13
13
8
17
15
13
14
14
13
17
13
14
14
13
13
16
13
27
13
15
28
12
13
13
13
12
13
13
13
12
14
14
13
14
13
13
13
13
13
14
13
13
14
18
21
18
17
24
13
17
13
13
15
12
13
13
13
12
12
13
13
13
14
14
14
13
14
14
14
14
14
14
14
13
13
13
13
13
13
17
13
14
13
13
12
13
13
13
13
13
14
15
14
14
13
13
12
13
13
13
13
13
12
13
13
13
13
13
12
13
13
15
13
13
13
13
14
12
13
11
12
13
13
13
13
14
14
14
13
14
13
14
14
14
13
15
13
14
16
14
14
13
14
20
14
14
14
13
12
13
13
12
13
13
13
12
13
14
13
13
13
12
13
13
13
13
14
15
553
17
18
21
15
14
14
18
14
14
13
14
14
14
35
17
14
15
14
15
14
14
14
14
14
14
13
14
19
13
15
15
13
13
13
13
13
13
12
19
14
12
13
12
13
13
13
14
14
15
14
14
13
14
14
14
14
14
13
13
13
16
15
17
14
15
15
16
13
8
8
11
8
8
10
9
8
8
8
8
9
7
7
7
7
8
8
7
7
7
7
7
7
7
8
7
7
7
8
12
8
7
7
10
8
8
8
8
8
13
13
14
14
14
14
14
14
15
13
27
16
14
17
14
13
13
12
13
13
13
14
14
15
18
15
17
24
23
14
13
20
14
12
11
14
13
13
19
12
11
8
7
8
7
18
12
24
14
14
13
21
14
13
13
22
35
48
56
43
45
44
22
13
13
21
14
14
14
13
14
14
15
14
14
15
13
14
14
13
14
14
14
13
14
14
15
17
14
15
20
14
21
14
14
14
14
12
11
13
14
13
14
17
15
14
18
14
14
328
16
14
14
13
13
14
14
17
14
14
14
14
27
14
14
13
17
14
14
13
19
14
14
19
16
15
17
19
18
15
39
37
22
14
38
14
13
15
17
14
14
18
13
15
18
17
14
14
14
21
14
14
20
14
14
14
18
14
14
19
14
14
14
18
13
14
17
14
14
14
14
14
14
11
14
13
20
12
13
14
12
29
14
13
14
13
13
17
14
14
14
13
15
14
12
12
13
13
13
13
19
11
21
16
15
14
21
15
33
14
15
14
14
16
17
17
14
14
13
14
14
32
34
15
21
14
14
14
13
14
14
13
13
14
14
14
14
13
14
14
20
14
14
34
95
11
18
18
18
14
15
14
15
14
14
1984
15
14
16
14
18
14
13
14
14
15
17
16
14
15
14
14
18
14
14
14
14
14
15
15
14
14
14
15
14
14
14
14
11
14
13
13
13
13
14
13
14
13
13
14
16
15
14
17
17
16
14
14
14
14
14
13
14
14
14
14
14
16
15
13
14
14
15
13
14
14
18
14
14
13
21
14
16
14
14
14
17
13
14
14
14
14
13
14
14
14
13
14
14
14
17
14
14
13
13
14
13
14
14
13
14
13
14
14
14
14
14
13
17
14
14
15
14
14
14
14
14
14
13
13
13
22
14
14
14
14
14
14
12
12
14
12
13
14
15
13
21
13
12
13
16
12
13
13
13
13
18
13
14
12
13
13
14
13
14
14
16
34
12
13
12
13
12
17
12
13
14
14
14
14
15
12
21
20
15
15
12
17
14
13
12
12
14
16
15
12
13
16
11
13
13
16
14
12
15
13
16
13
14
13
12
12
19
18
16
13
13
14
14
12
13
13
13
13
12
12
11
12
12
12
13
12
13
12
7
7
7
8
7
7
7
9
9
7
8
7
14
7
17
15
13
24
18
19
14
14
15
19
14
16
15
14
14
14
14
14
16
14
14
14
14
14
14
15
14
14
14
14
17
14
14
18
14
14
14
14
14
14
15
22
21
14
12
13
12
13
13
13
12
12
13
13
12
12
12
13
13
13
12
8
10
14
13
13
13
13
13
13
15
19
11
13
11
14
12
13
13
13
13
13
13
14
14
15
15
14
14
14
14
14
16
15
17
16
15
15
15
17
14
14
13
14
13
7
10
14
14
13
14
16
14
14
13
14
16
18
14
12
11
16
16
14
13
13
15
12
13
14
14
14
15
14
14
14
15
14
15
14
14
15
14
13
15
15
15
17
16
14
14
12
15
13
14
14
14
17
16
13
14
14
15
13
14
26
16
16
15
14
17
13
14
17
14
13
14
14
14
13
14
20
13
15
14
17
13
