187
212
209
217
217
222
225
219
188
306
231
202
216
217
228
214
224
214
209
187
192
190
174
179
163
182
188
185
175
180
185
185
161
191
178
166
175
173
193
167
181
190
198
184
188
193
205
192
195
185
196
169
197
193
198
206
180
196
177
206
190
195
198
177
176
192
191
173
202
172
188
199
218
222
201
201
174
215
215
206
184
197
201
175
197
213
181
199
200
202
203
208
202
199
201
213
185
194
206
177
218
283
210
182
183
205
212
202
190
195
200
211
210
198
187
196
190
200
195
181
198
175
187
182
171
193
196
204
188
199
193
201
205
192
190
202
192
199
209
207
200
213
211
199
213
206
196
183
208
193
196
187
196
174
190
200
211
196
192
201
180
190
199
215
201
197
204
194
217
196
189
191
192
206
214
217
180
197
193
206
219
186
182
197
221
185
206
212
192
196
199
204
214
204
188
190
218
202
187
208
209
218
202
211
217
219
293
188
199
208
204
204
223
221
219
223
197
206
183
193
201
200
188
187
191
204
211
192
201
197
205
192
206
207
204
207
190
212
192
190
194
187
215
206
205
188
205
188
202
220
185
206
202
192
195
213
200
195
218
208
203
211
188
202
181
206
204
198
225
209
226
221
206
204
184
214
204
198
191
181
185
175
198
207
199
212
204
207
214
205
208
204
216
209
192
214
193
191
216
207
210
205
198
188
202
200
199
216
206
183
199
225
203
183
185
226
201
205
198
216
215
208
204
204
208
218
214
198
212
194
209
211
211
235
224
216
220
188
184
212
205
216
190
200
211
187
203
224
186
208
184
205
219
183
223
191
205
189
209
195
182
196
199
187
195
217
194
216
203
198
207
218
222
224
213
202
178
214
202
198
223
180
205
214
217
202
183
210
225
195
212
206
201
206
195
207
189
221
212
209
211
207
199
194
228
192
221
200
289
295
202
253
188
218
215
216
216
345
217
227
323
242
192
323
293
255
249
221
257
195
247
276
251
221
229
226
187
220
250
204
210
209
202
196
219
190
216
191
203
205
214
227
192
220
225
215
223
210
209
183
227
224
215
207
185
218
204
186
187
185
168
162
175
160
200
182
189
190
185
175
191
197
180
196
204
193
175
183
204
186
175
210
203
174
211
288
216
220
226
209
189
200
190
181
197
184
203
195
204
202
197
181
183
185
194
174
178
188
182
173
184
174
170
198
205
209
184
204
200
186
212
190
187
213
186
208
210
199
209
203
196
198
197
207
213
197
181
196
182
179
203
204
185
197
208
200
213
215
179
199
196
241
342
366
343
316
329
343
332
326
336
328
359
345
198
217
206
198
209
181
200
222
216
204
212
185
206
224
207
182
193
210
200
192
205
187
213
213
210
225
206
211
198
203
206
221
178
220
182
200
189
194
209
218
224
201
217
209
245
204
212
188
199
213
211
198
200
194
183
213
210
202
186
215
188
213
188
210
184
211
194
213
180
191
186
212
204
208
204
189
204
211
204
204
196
184
207
197
187
218
177
194
191
206
198
190
204
190
213
210
199
211
202
182
182
214
196
177
206
182
217
208
211
231
214
182
196
201
215
180
188
210
208
191
201
199
201
213
212
205
217
212
206
198
210
183
221
213
213
216
202
182
180
211
203
208
192
194
204
216
223
194
185
183
206
186
201
181
220
212
179
193
184
210
181
201
215
185
214
206
200
175
182
205
204
193
182
200
201
206
225
199
203
215
181
192
206
183
204
200
195
280
224
186
201
186
204
207
204
214
181
191
208
216
190
222
206
205
187
209
221
208
186
189
202
201
218
208
203
186
196
218
193
210
220
198
203
202
214
214
196
214
192
183
176
201
182
212
213
204
203
206
216
189
195
187
185
196
204
200
201
217
203
195
196
179
204
225
186
216
197
194
217
227
211
220
194
182
177
197
211
196
185
186
203
182
181
212
212
207
221
199
203
215
187
209
197
201
195
189
181
178
195
200
221
199
204
201
186
200
187
208
193
191
189
178
210
183
196
212
217
209
210
183
206
195
210
201
193
203
204
215
219
179
241
195
186
198
207
208
206
204
200
211
204
182
197
198
216
187
202
190
192
181
181
223
211
207
205
206
203
216
198
200
205
190
223
183
198
216
205
203
179
179
202
191
209
194
210
207
184
207
182
200
219
209
192
212
193
181
216
215
195
206
206
179
220
195
213
198
211
195
207
196
217
207
187
196
215
217
210
221
219
211
179
188
183
179
190
202
213
180
201
189
184
219
206
213
216
209
202
190
179
198
217
214
206
180
185
206
