1182
1544
1935
1546
1246
1521
1725
1688
1321
1282
1324
1395
1221
1651
1084
3103
3374
3370
2970
2094
1400
1715
2073
1733
1609
1719
3236
2413
2224
1650
1483
1312
1351
1416
1246
1291
1923
1790
1538
1484
1529
1423
1495
1446
1495
1427
1498
1325
1207
2603
2839
1892
2137
2139
1379
1656
1690
1686
1529
1383
1571
1352
1367
1040
1666
2870
3219
3272
3599
2495
2601
3014
3136
3495
1233
3261
3000
2798
2819
2044
1988
1667
1289
1606
1764
1688
1440
1444
1296
1233
1538
1499
1633
1440
1209
1290
1402
1806
1674
1403
1866
1784
1527
2907
3512
3089
3020
1706
1188
3245
2944
3523
2753
3091
3005
3237
2930
2598
2272
1524
2008
1846
1844
2137
1991
1443
1641
2144
2156
2057
1793
1666
1609
1353
1291
1477
1277
1483
1445
1605
1351
1316
1251
1359
1747
1876
1463
1530
1559
1478
1466
1534
1330
1278
2348
1550
1472
1326
1477
1512
1535
1576
1267
1437
1432
1277
1506
1269
1255
1343
1254
1468
1402
1510
1154
1293
1430
1447
1331
1472
1392
2231
1448
1769
1524
1539
1347
1082
1504
1420
1354
1366
1454
2030
1872
1471
1236
1246
1505
1553
1335
1408
1520
3033
3575
3288
3230
3013
1264
1601
1343
1421
1384
1189
1651
1917
2484
3398
3527
2597
3512
3341
3209
3371
2960
2562
2344
2227
1828
1723
1426
1135
1413
1324
1418
1594
1271
1336
1390
1369
1228
1263
1321
1505
1405
1420
1454
1238
1322
1399
1291
1392
1352
1191
1396
1341
1409
1459
1497
1247
1531
1253
1522
1252
1484
1294
1460
1254
1447
1257
1460
1554
1490
1062
1391
1502
1536
1376
1482
1263
1325
1307
1498
1769
4671
1653
1549
1580
1422
1537
1928
3819
2687
1886
2579
2580
2676
2759
1465
1459
1441
1400
1311
1452
1329
1429
1386
1262
1615
1416
1444
1436
1532
1310
1286
1209
1318
1303
1231
1432
1494
1329
1417
1286
1403
2821
1451
1291
1218
1898
1596
1099
1193
1364
1563
1669
1744
1884
1591
1564
1602
2325
2545
1785
1317
1444
1463
1686
1899
1315
2888
3469
3250
2290
2845
3480
3404
2573
2612
2572
3365
3012
3370
3607
3600
3385
3314
3071
1970
2347
2017
1776
1730
1531
1650
1312
1319
1315
1267
1510
1242
1422
1294
1428
1580
1486
4571
3996
2889
3015
4853
2797
2203
1960
1604
1693
1525
1379
2486
3497
2847
2977
1862
4968
3577
3518
3908
3133
2584
2293
1774
2020
1783
1399
1581
1480
1375
1115
1311
1361
1578
1341
1314
1529
2151
1430
2652
3087
3410
2851
2870
1270
2159
2509
2097
1743
2286
1719
1588
1237
1305
1284
1413
1300
1534
1308
1504
1425
1177
1065
1586
1350
1588
1393
1249
1369
1312
1249
1472
1339
1438
1230
1206
1288
1554
1388
1427
1413
1516
1477
1327
1492
1370
1258
1425
1330
1506
1391
1323
1427
1438
1410
2537
1613
1544
1244
1492
1388
1462
1332
1532
1356
1491
1382
1275
1416
1430
1315
1482
1458
1235
2178
1459
1364
1422
1311
1313
1451
1428
1465
1238
1871
5759
3296
3372
2735
3338
3541
3248
3017
3498
3517
3262
2946
2210
1724
1377
1495
1416
1419
1308
1341
1438
1269
2469
3128
3071
1189
2565
3083
3515
2983
2487
2972
3269
3317
2895
1933
1866
2598
2645
2274
1969
1994
1170
1240
1416
1309
1358
1482
1390
1531
1407
1577
1116
1399
1429
1587
1444
1425
1419
1233
1425
1473
1611
1463
1257
1139
1267
1530
1356
1313
1441
1415
1273
1291
1216
1595
1183
1319
1396
1208
1432
1284
1450
1343
1243
1596
1242
1218
1391
1504
1459
1236
1550
1379
1618
1480
1335
1583
1273
1294
1442
1494
1473
1240
1417
1425
1347
1354
1285
1470
1506
1330
1565
1442
1442
1547
1489
1564
1451
1456
1453
1283
1367
1401
1246
1452
1731
1057
2753
2181
2040
2222
1656
1412
1322
2150
1827
3042
2277
2083
2157
2153
1826
1158
1577
1386
1419
2077
2531
1494
1284
1345
1316
1561
1315
1821
1570
1577
1459
1329
1286
1625
1716
1393
1408
1329
1714
1817
1242
1123
1091
1995
1519
2266
1456
1353
2071
2072
1250
1242
1631
1606
2152
2084
1153
1649
2285
2132
1525
1307
1125
1530
1767
1547
1622
1299
1227
1335
1343
1412
1311
1748
1402
1212
1131
1216
1499
1341
1292
1468
1373
1580
1556
1490
1760
1325
1267
1257
1174
1565
1454
1543
1723
1230
1582
1316
1318
1497
1299
1457
1232
1367
1257
1256
1400
1240
1322
1394
1025
1409
2055
2879
3375
2934
3066
2609
2631
2148
1944
1604
1731
1617
1580
1513
1318
1486
1864
1645
1106
1462
1394
1506
1263
1381
1414
1369
1353
1338
1266
1406
1784
1355
1820
3326
3241
3355
2909
1193
1878
2927
3381
3130
3230
2391
3333
3366
2932
2177
1094
3219
2849
2770
2762
1680
1973
2123
1591
1452
1503
1549
1491
1256
1342
1463
1337
1399
1382
1447
1449
1238
1449
1412
1523
1499
1184
1458
1404
1246
1332
1324
1408
1313
1409
1422
1503
1249
1361
1432
1205
1592
1427
1560
1210
1445
1270
2006
3172
3217
3379
3328
1904
2411
3140
3063
2950
2386
3330
2342
2294
1983
1897
991
1322
1338
1270
1498
1236
1434
1502
1512
1517
1579
1162
1178
1552
1312
1388
1580
1523
1395
1258
2171
2705
3312
1786
2430
2995
3362
3338
2397
1275
3294
3096
3416
3052
1572
2435
2859
2571
2328
2294
1497
1722
1665
1616
1313
1495
1434
1320
1426
1291
1510
1487
1332
1408
1275
1356
1358
1542
1263
1355
1467
1367
1483
1417
1493
1406
1433
1327
1543
1400
1379
1330
1476
1241
1323
1525
1425
1420
1294
1472
1521
1261
1483
1370
1236
1483
1465
1464
1507
1403
1504
1460
1405
1460
1506
1331
1440
1430
1259
1442
1457
1554
1455
1384
1469
1362
1442
1234
1371
1448
1408
1498
1724
1929
1695
1871
1341
1322
1260
1407
1260
1320
1516
1446
1238
1426
1450
1342
1382
1456
1409
1252
1649
1365
1746
1325
1211
