778
1149
1509
1302
820
546
915
1417
1318
1143
1141
634
930
980
907
899
893
805
654
875
817
596
469
578
572
682
663
686
556
628
690
653
624
622
579
632
636
631
661
575
648
515
567
617
622
633
567
689
638
604
583
669
618
651
581
638
564
566
680
612
600
612
613
790
876
847
774
608
666
879
821
605
632
888
739
567
837
644
664
663
467
1177
489
443
655
689
1157
1138
1172
1117
938
982
928
1269
1065
1442
1368
1363
1403
1324
1250
1471
1408
1661
1114
1487
1475
1265
1496
1394
1357
1338
1228
1038
862
503
504
548
691
719
616
627
649
640
696
547
626
668
563
570
653
638
662
545
621
608
551
805
1109
1129
718
1553
1455
1389
1255
1576
1359
1562
942
572
1500
1443
1530
1392
1488
1473
1462
1460
1707
1056
1049
1427
1435
945
1416
1397
1474
1447
718
1200
1503
1269
1360
1389
1395
1253
1258
1353
1419
1452
1274
1076
987
818
651
413
937
1137
1347
1131
1086
972
1116
905
636
866
784
844
737
905
841
609
702
599
686
637
703
607
631
632
669
626
815
902
1071
760
589
633
614
605
618
629
642
617
842
1056
721
673
638
639
656
872
679
656
717
634
624
586
669
661
604
625
618
630
578
660
637
574
556
598
620
614
612
616
452
584
586
622
630
639
569
632
633
611
609
610
638
626
654
559
615
624
622
603
609
623
770
530
624
624
681
728
799
688
919
2318
936
824
857
1191
721
447
486
624
648
666
638
558
630
589
637
574
644
578
598
580
582
646
1114
822
608
834
490
749
787
715
567
848
1469
1478
1141
1457
1518
953
840
866
906
928
893
996
887
933
835
1000
894
753
768
820
714
491
536
768
983
944
964
1061
1101
1086
958
1076
795
911
778
869
838
908
955
523
560
662
681
657
678
667
656
611
633
562
685
590
675
643
580
717
768
554
675
535
592
729
456
636
603
756
907
580
859
915
500
684
970
828
953
884
878
762
912
745
639
659
547
642
535
592
590
690
694
661
759
729
926
946
895
727
568
552
577
787
610
786
785
501
555
719
740
696
647
713
554
479
616
1002
718
600
630
518
661
544
494
595
587
610
470
591
497
620
641
641
619
591
687
727
655
624
632
679
687
727
712
720
814
760
838
756
516
645
826
618
501
561
585
650
641
649
627
618
602
604
639
739
607
645
572
638
831
746
533
637
625
662
676
608
613
643
685
631
624
546
626
677
565
587
614
473
481
621
469
837
521
551
471
540
966
880
581
673
635
968
755
1474
1582
1500
1956
1739
1252
872
905
500
918
977
1016
1101
1574
654
948
1712
1519
743
1502
587
631
869
1053
1365
1361
1106
1233
1101
1293
1314
778
934
1505
892
455
494
1155
1189
1186
1345
1395
1024
1000
1039
996
839
976
493
512
614
659
628
625
581
635
618
561
636
663
577
621
623
629
627
564
543
636
635
586
620
514
987
465
674
609
606
621
634
589
652
632
621
618
581
633
666
713
1078
1402
1260
1625
1385
1400
1275
1421
1251
1344
1282
1521
2062
588
522
950
1367
1408
1445
1479
1325
1237
1506
1428
1343
1294
1188
1384
1398
1188
1200
1156
998
1179
971
942
802
634
702
642
749
751
725
708
616
555
645
993
538
531
1084
485
1048
721
632
423
609
724
737
595
591
638
644
548
690
634
653
699
649
588
650
636
583
673
626
639
702
620
616
620
687
592
673
558
631
670
579
684
567
651
630
691
573
717
582
623
562
550
743
579
630
574
647
564
693
676
644
597
654
633
593
652
624
563
680
573
474
657
641
646
549
751
695
511
585
678
626
555
616
597
625
626
555
554
622
554
668
643
619
651
647
628
588
693
593
603
449
627
689
704
1352
1490
1426
1421
1489
1443
1262
1230
540
673
1142
1416
1544
1790
669
1335
720
699
833
679
725
606
658
667
525
462
505
646
638
626
678
646
572
592
660
708
663
651
627
691
693
589
675
520
549
554
595
643
671
680
641
622
613
682
568
661
636
621
674
866
874
1060
637
635
651
647
560
624
611
711
596
592
616
636
567
647
673
647
644
592
1125
1103
1060
1193
772
907
890
689
888
936
803
529
590
703
667
834
1627
676
832
896
546
558
565
571
631
937
935
519
557
642
621
614
648
633
642
650
598
460
570
657
586
548
568
1274
2252
1301
1361
1274
1453
1335
2171
2233
1355
1442
1253
1401
1381
2740
2169
651
1077
607
780
975
980
850
719
676
504
597
568
618
545
594
624
702
568
605
676
650
614
639
546
567
558
582
608
658
529
534
631
545
625
582
644
599
573
519
1020
502
521
536
1081
1575
1347
1034
939
399
1121
824
1372
1484
1234
1145
1187
660
683
586
648
731
629
790
1025
649
434
552
680
637
677
917
827
579
611
573
581
528
706
523
514
558
1049
971
1112
1025
628
674
537
551
591
1085
2533
2967
1036
1275
1449
1534
2129
1340
1127
595
723
631
548
