176
140
136
151
146
147
152
150
139
141
156
259
191
178
213
295
174
269
303
293
230
161
185
157
186
165
161
134
164
147
144
149
136
140
153
143
148
143
147
147
135
152
148
157
143
140
155
156
154
154
141
163
151
148
160
155
151
151
163
155
141
154
154
160
148
152
140
155
148
141
139
167
159
151
161
154
154
156
165
157
157
165
158
148
170
160
153
160
142
144
165
160
155
140
161
147
161
154
143
172
281
214
186
184
193
210
318
281
149
184
168
167
164
151
175
163
161
169
165
163
161
167
151
176
160
142
152
168
161
152
160
142
164
164
165
144
169
169
153
179
162
153
161
156
165
168
175
166
168
148
165
164
178
148
168
152
168
157
165
162
164
168
175
163
145
168
157
165
158
169
164
178
157
169
148
159
169
172
173
164
196
166
166
170
163
152
165
165
174
174
166
163
176
177
164
166
153
179
149
163
163
167
181
165
163
180
143
173
148
172
165
171
168
169
171
166
165
177
173
170
159
161
180
162
173
154
148
170
156
164
177
180
155
164
171
152
154
148
174
166
172
176
157
172
147
157
162
147
167
164
162
171
167
149
166
149
180
183
165
161
171
171
154
149
156
174
167
166
157
157
146
165
162
160
151
169
174
150
167
162
166
150
148
166
157
147
159
165
168
150
161
156
167
171
164
153
162
157
161
181
152
165
168
147
173
160
164
167
168
156
154
169
166
169
148
164
161
165
162
156
154
170
143
154
165
170
164
167
149
172
168
147
151
180
172
157
161
153
160
173
165
147
152
155
162
178
174
168
158
164
173
156
169
154
173
168
146
154
172
156
164
165
147
173
169
173
170
146
150
159
163
158
153
148
165
166
162
167
163
152
160
150
155
175
148
176
157
165
164
165
150
167
167
153
176
175
150
172
147
166
158
173
176
167
149
157
169
165
163
178
179
155
162
169
156
150
164
180
165
173
158
165
161
173
165
145
170
150
170
153
176
166
167
222
168
161
177
149
163
160
163
160
169
163
167
152
163
169
160
152
151
171
158
169
151
162
146
147
164
170
160
163
172
171
167
169
167
180
170
166
174
147
166
160
175
162
151
156
153
162
165
170
170
170
158
163
179
164
159
167
180
172
170
174
172
160
181
149
165
165
161
166
172
153
172
175
177
163
187
167
192
221
154
170
174
173
173
162
158
163
175
165
181
170
172
160
151
162
169
159
174
164
163
159
171
170
143
174
169
149
164
147
145
149
160
165
146
162
171
180
169
178
167
154
163
183
171
165
146
148
171
167
150
163
159
150
174
149
161
167
176
150
188
168
172
167
152
171
173
169
181
183
163
162
173
161
169
177
186
184
174
181
173
193
174
177
218
181
172
175
157
174
168
164
175
169
185
150
170
170
155
145
154
162
158
168
164
149
165
152
152
170
163
169
151
178
152
172
164
148
166
165
156
177
157
171
152
172
174
166
162
153
154
173
146
149
149
171
160
173
177
179
150
164
159
144
148
171
167
155
149
177
170
149
164
365
164
156
161
149
173
169
165
158
164
160
156
156
143
147
145
171
156
138
151
157
153
155
151
146
137
154
154
148
140
151
148
159
148
159
165
151
154
152
158
149
137
156
152
155
164
144
151
145
151
147
154
143
158
164
166
139
150
164
163
148
163
146
157
152
159
151
152
154
161
156
139
157
139
163
139
158
158
159
146
158
157
155
156
256
169
144
148
165
152
138
156
149
156
162
165
160
145
154
166
147
167
155
153
140
154
156
152
158
141
148
162
159
162
161
142
154
145
148
168
147
146
168
153
149
143
157
149
159
166
155
159
168
159
150
148
156
141
147
150
140
153
147
159
159
166
146
158
158
162
159
152
148
160
161
153
166
155
144
143
159
162
161
155
161
159
162
177
165
173
174
155
165
150
166
166
162
169
150
165
163
175
161
168
148
148
165
161
166
154
166
148
152
163
165
143
162
176
177
162
168
171
149
160
165
173
168
158
158
165
152
170
154
163
157
181
159
165
156
152
168
160
165
160
166
163
165
168
164
175
166
163
168
170
150
163
168
160
172
174
158
147
155
147
155
155
227
188
178
181
192
167
177
207
162
163
162
165
259
194
283
177
169
295
160
196
200
174
196
215
321
251
229
248
252
193
183
240
165
172
165
199
174
190
195
195
301
261
192
186
173
174
181
161
156
177
169
179
173
168
183
173
188
174
164
155
186
171
174
167
164
146
160
143
151
157
139
153
152
150
151
148
158
137
145
144
155
144
155
139
134
140
144
135
145
