1016
3645
2139
1866
4475
2055
1324
1108
955
919
1414
1247
1202
1261
962
906
1902
1771
1396
1472
1488
1557
1158
1018
1258
1166
1168
1359
2359
2686
2575
3050
4271
3625
2925
2949
3807
2975
1728
1821
1117
1406
1704
1556
1265
965
1204
1222
1072
1188
1088
1203
1058
1066
1266
1085
1513
1345
1082
1186
1002
1119
1040
1263
1270
1282
1242
1118
1101
1311
1175
1234
1440
2706
2581
2944
1794
2555
2842
2265
2598
2631
2612
2735
2785
2656
2773
2827
3032
2499
2838
3376
2499
2714
2683
2597
2778
4090
3538
2680
2251
2437
3917
3189
2026
3067
2414
2392
2490
2557
3227
2968
2506
2737
2858
2752
3167
2532
2651
2661
2604
2138
2641
3012
2886
2641
2211
2780
2551
2620
2326
2239
2876
2718
2540
2170
2317
2572
2775
2379
2434
2757
2117
2613
1393
1660
1625
1304
1399
1441
1214
1065
1015
1324
1717
2715
2820
2664
2855
2916
2765
2878
2760
2456
2751
2827
2359
2611
2321
2336
1919
1773
1830
1326
1412
1368
1296
1275
1268
1272
2621
2499
2625
2736
2650
2582
2976
1840
1419
1564
3436
3258
3814
4502
2100
1432
2001
1840
1510
1402
1481
1293
1234
1724
1789
2413
2666
2693
2416
2745
2398
2663
2815
2352
2521
3691
3894
3609
2618
2193
2845
1929
2681
982
2551
2964
3490
2489
2501
2067
2074
1767
1588
1588
1594
1481
1328
1258
1144
1148
1141
1065
1675
936
1077
1134
1236
1112
1258
1873
2711
2883
2718
2873
2860
2718
2461
2353
2504
2365
2813
2729
1801
2644
2393
2801
2762
2677
2196
2536
2421
2790
2536
3209
4042
4508
3381
3163
3261
3903
3810
2500
2616
2725
2855
971
2440
2947
2544
2494
2925
2780
2837
2688
2712
2622
2960
3031
2553
2546
2881
2876
2316
2729
2689
2745
2534
1882
2410
2720
2822
2430
2315
1893
3022
2459
2376
2046
2128
2465
2362
1454
1673
1590
2633
2980
2373
2654
2669
2329
2718
2388
2402
2320
2191
2229
1775
1738
1452
1213
1256
1285
1282
1126
1194
1086
1171
1036
1068
1167
1212
1122
1791
1243
1172
1084
1069
1198
1215
1269
1272
1170
1638
1336
2362
3819
2999
1759
2116
2579
2802
2031
915
2094
2376
2572
2182
2186
1846
1238
1625
1745
2129
2124
2409
2612
2616
2721
2975
2996
2727
2947
2750
2426
2532
2584
2808
2780
2250
2336
2290
2035
1784
2938
1559
1171
1317
1096
1300
1187
1222
1263
1120
837
1324
1211
1232
1195
1033
1236
1167
1132
1129
1222
2603
3957
1096
1135
1197
1228
1701
1795
1642
2320
2456
2081
2919
2357
2799
2448
2377
2783
2563
4424
2869
2492
2219
2271
1780
2028
2124
1427
1415
1351
1123
1181
1138
1195
1270
1312
1473
1512
1498
1989
1360
1708
1757
2125
2150
1124
1738
1079
2152
3292
3145
2299
2638
2777
2441
2980
2798
2674
2741
2909
2711
2418
2115
1924
1809
1649
1340
1408
1247
1054
1134
1177
1286
1081
1207
1180
1151
1240
1258
1453
2103
2648
2751
2441
2697
2949
2744
2295
2755
2911
2807
1852
2795
2766
2447
2087
1542
1543
1065
1257
1100
1149
1227
1177
1129
1121
1175
1165
1082
1127
1041
1295
1249
1217
1210
1242
1264
1141
1064
1282
1219
1261
904
1210
1220
1025
1062
1310
1268
1040
1159
1238
1262
1101
940
1015
1168
1106
1171
1151
1120
1211
1044
1008
1079
1176
1058
981
1020
1135
1225
1007
1083
1181
1024
1198
1254
1355
1325
1581
4061
1962
1686
3652
2686
1253
1911
2860
2917
1092
1745
2875
3136
2682
2807
1347
2734
2323
2515
2814
2952
2782
2438
2922
2569
2200
1857
1490
1722
1592
1673
1315
1149
1118
1376
1179
1257
1004
1100
1237
1049
1207
1010
1189
1312
1244
1304
1185
1165
904
1194
1235
1287
1211
1056
1305
1025
1334
1194
1047
1046
1070
902
1234
1286
1246
1160
1181
1022
1040
1229
1182
1204
1249
864
1197
1287
1264
1017
1229
1117
1221
1274
1190
1273
1282
945
1245
1183
1219
1231
1257
1073
1108
1202
1130
1251
1294
1054
1176
1183
1182
1278
1283
1172
1147
1098
1274
1191
1534
2745
2615
2567
2561
2956
4217
2856
2482
2801
2890
3866
4373
2480
2795
2403
3167
2502
2368
2203
965
1349
1812
1158
1758
1526
1790
1567
1829
879
2917
2986
2947
2776
2612
2444
2637
2561
2553
2304
2170
1943
2435
2716
1651
2197
1789
1409
1775
868
950
1176
1248
1309
1165
1046
1154
1140
1067
862
1112
1174
2730
2716
2785
2778
947
1683
2080
892
1824
1687
2007
1430
1497
1161
1296
1373
1296
946
1177
1185
1032
1180
1124
1121
1341
914
1187
1023
1181
1150
1109
1201
1024
1273
1100
1033
1197
1052
1309
1142
1304
1162
1087
1204
931
1180
1043
1188
1189
1246
1134
1327
1221
1202
1199
1507
1127
1187
1093
1115
1188
1735
1308
1165
1181
1146
1169
1092
1162
1043
1190
1113
1189
1390
1751
1259
1295
1337
1504
1683
4464
2134
1382
2669
2774
4096
2979
2659
2694
1557
1997
1455
1189
2273
1845
2632
2829
2767
1028
1949
2316
2500
2182
2165
1875
2897
2372
2879
2927
2766
2434
2756
2467
2428
2385
2494
2273
2449
2055
1573
1829
1655
1368
1369
1225
1227
1256
1036
1180
1161
1080
1076
1148
1190
1223
1232
1043
1205
1193
1084
1161
1230
1180
1107
1184
1190
1056
1140
1112
1172
1196
1049
1253
1033
1212
1158
1282
1194
1027
1136
1337
1220
1271
1011
1119
1303
1200
1203
1243
1196
1262
1245
1044
1037
1172
1233
1049
1167
1043
1180
1166
1205
1213
1079
1183
1182
1172
1214
1176
1195
1090
1049
1049
1022
1038
1187
1145
1551
1565
1244
1442
1933
2111
2046
1703
1259
1124
951
1205
1064
1277
1072
1221
1197
1792
954
1992
2643
2365
2702
2681
981
2004
2848
2320
2808
3112
1281
2548
2584
2638
2980
2922
2900
2647
2780
2570
2209
2198
2392
1854
1745
1612
1837
1187
