3713
3730
3447
3781
3620
3742
2381
1779
1447
1296
1124
1299
1396
1046
982
1010
976
1014
650
662
829
755
751
801
863
771
850
902
877
773
872
749
856
788
878
755
773
907
777
922
838
892
935
880
929
817
881
788
896
870
901
992
2507
635
1155
643
852
602
752
799
953
725
948
786
714
727
725
769
629
1139
1616
1590
1515
926
851
682
807
880
865
876
781
862
907
758
884
868
932
811
878
847
756
626
634
797
888
914
837
770
761
808
871
775
776
780
843
870
926
974
834
804
886
946
874
881
856
850
862
874
786
829
926
901
1020
762
714
834
797
933
902
945
893
776
920
869
877
897
834
964
902
859
929
942
936
2400
3394
2043
1661
1558
1554
1254
1657
691
1009
977
1115
950
1100
978
833
750
881
866
942
853
749
1269
1031
1820
1950
1846
2062
2015
1986
1374
1732
1831
1710
1956
1906
1988
1911
1323
1879
1924
1732
1714
1617
1437
1319
1772
1860
1775
1859
1874
1966
1956
1812
1636
1848
1869
1616
1620
1826
1988
1641
1665
2001
1904
1897
1982
1717
1621
1549
1553
774
777
788
830
693
1044
814
843
703
1063
736
738
828
1386
1606
1621
2029
2346
2124
1504
1369
1560
1452
1556
1195
1332
1400
1426
901
789
857
924
905
866
850
883
801
834
846
805
874
834
845
812
740
607
818
862
909
919
859
923
785
851
866
850
871
863
801
1004
1193
1367
2106
1839
1996
1922
1942
1657
1957
2037
1933
1671
1768
1845
1928
1854
1662
2946
3385
1925
1568
1560
1598
1313
1628
1731
1923
1983
1982
1907
1992
2157
1589
1685
1356
1612
1543
1278
1222
1302
1150
975
989
947
926
751
915
830
849
770
783
867
895
751
874
772
848
872
1034
710
810
619
864
837
789
897
869
874
754
930
945
814
847
915
864
910
893
823
836
869
907
751
924
874
964
839
780
760
800
767
892
1052
781
716
737
850
833
866
801
867
844
763
865
765
750
854
837
753
880
768
643
671
823
725
654
694
835
1006
894
830
765
1310
1713
1931
1123
1722
2180
1739
1989
1967
1795
1980
1934
794
1533
1486
1667
696
630
917
1054
926
851
876
1050
941
840
883
873
865
762
777
918
723
573
834
920
877
859
930
852
853
908
888
887
894
959
908
946
712
707
709
606
804
846
907
878
859
878
859
910
866
779
923
792
842
658
908
771
856
773
847
862
940
895
914
871
801
878
956
830
763
741
780
886
891
889
686
628
742
794
885
856
823
869
808
851
840
920
821
905
833
918
787
709
886
754
907
876
896
857
769
984
895
826
889
901
912
912
949
721
782
594
819
825
768
851
867
898
796
850
768
863
860
758
834
844
1317
1313
919
868
903
855
897
872
804
870
741
747
903
857
819
750
717
739
773
904
856
925
819
891
845
897
845
763
791
858
891
826
883
659
782
804
854
849
748
850
911
908
880
846
874
746
886
838
855
1075
1261
917
877
861
841
766
895
788
817
865
862
894
776
864
837
1442
1057
938
875
818
901
1053
817
774
767
815
809
633
698
677
721
876
898
851
910
796
850
844
1015
1022
1141
695
1433
1956
2045
742
1750
1987
2135
1331
1996
1781
1898
1446
1616
1457
1304
1353
1283
951
980
878
792
896
917
864
870
862
838
758
917
746
925
853
654
817
859
806
769
860
854
871
759
748
748
895
757
886
903
812
858
833
871
695
764
873
863
904
763
852
763
875
797
871
867
825
867
868
1957
2113
1924
1680
3474
2067
1404
1614
948
1901
2184
1750
1852
1968
1105
962
1618
1369
1562
1847
1728
1247
1445
1396
1196
1093
1171
570
884
888
871
802
883
804
849
894
865
898
813
873
821
762
1005
723
900
868
869
875
892
851
781
965
765
768
769
832
763
892
863
1352
1496
1766
1954
1993
2018
1781
2064
2525
2866
1996
1703
1865
1846
2211
656
757
797
826
1044
1258
895
936
795
946
635
768
1486
1391
1834
1836
1818
1590
1840
649
801
1157
1522
1795
1538
1496
1372
1581
1795
731
754
1255
1227
1257
1256
1007
986
839
888
884
1052
912
768
876
921
737
935
902
761
938
799
825
958
812
884
791
872
1052
641
700
894
825
899
866
848
863
949
902
870
939
908
895
895
918
889
882
752
781
1256
1476
1766
1734
1800
1996
1803
1773
1324
741
1559
1955
1789
1886
1839
1918
1892
1453
1987
1783
2107
1877
2057
1793
2270
1039
1055
1039
1180
904
693
749
866
833
858
906
854
847
827
1469
1633
2063
1942
2113
1998
2021
1934
938
1719
1681
1973
1750
1866
2045
2098
1936
1855
1715
1856
1414
1734
1734
1272
1120
922
893
1019
1015
1011
971
877
752
908
843
893
879
751
863
983
756
870
857
754
833
758
800
896
812
699
758
874
896
835
679
1231
1201
1664
1885
1850
1646
1827
1861
1950
1937
1917
1815
1747
1431
611
1427
1988
1864
1861
1884
2104
1929
1639
696
1378
1509
1679
1777
1328
1521
1544
1196
1645
1230
864
787
750
863
861
866
900
928
896
816
837
851
793
917
995
831
811
781
882
944
861
847
831
838
921
929
965
908
794
947
761
