842
849
862
902
769
1036
1190
1351
773
705
853
906
806
899
843
904
858
813
930
873
1022
961
891
812
664
894
803
906
897
797
919
869
855
886
928
943
886
838
1654
1566
1194
1240
1252
1296
1299
1342
957
1351
1120
648
762
670
746
1075
1135
1242
1382
1234
1330
1039
1122
1102
1100
974
911
1045
913
918
946
849
937
871
754
764
911
949
966
769
740
775
955
939
730
735
697
767
969
1033
1288
2171
2171
1856
2158
1333
2087
1742
2043
2037
2015
2081
1595
1258
2785
1263
1742
1873
2095
2198
2095
2130
2014
2253
2152
1729
2094
2566
1501
1502
1187
1011
1204
1092
1028
933
950
839
826
811
825
899
932
893
825
881
845
971
891
915
848
893
925
717
900
916
764
762
825
873
881
783
943
887
839
769
859
882
875
2563
2079
904
883
969
1201
1477
811
897
799
802
707
1331
1095
1538
1393
1606
1637
1463
659
669
846
774
870
914
872
846
745
760
911
916
773
887
882
987
1148
939
714
836
916
899
912
816
765
882
922
931
946
799
935
751
748
856
549
695
773
885
867
753
781
783
824
897
821
779
906
882
903
760
751
764
827
810
874
877
828
935
772
779
889
824
846
923
860
883
866
659
877
897
602
819
856
881
806
887
909
823
813
955
794
898
733
899
1218
2164
646
1621
1830
1990
2010
1851
2143
1960
1084
632
1840
2008
1924
1858
1846
1644
1247
1381
1336
1304
1144
1049
1034
1042
900
858
844
809
892
954
817
775
815
948
772
855
900
914
868
795
900
853
916
876
808
1206
1876
2191
2138
1870
1991
2020
1347
946
2094
2044
2097
1884
2005
1989
1953
2108
1863
1919
2058
2031
1841
1815
2704
746
709
745
802
1187
861
686
754
897
704
692
1266
845
930
911
868
902
651
634
999
761
1163
993
840
579
1270
1303
2047
1816
1987
1410
1583
1211
821
641
1686
2073
2093
2010
1884
1863
1655
900
599
1283
1688
1218
1393
1290
1476
1316
1197
1258
1113
808
818
887
931
889
904
805
891
902
856
968
1001
816
1018
856
798
891
818
900
946
894
772
897
913
952
768
933
880
958
779
830
963
898
760
832
1475
1525
2158
1777
1937
2012
1847
2381
868
1891
1877
1643
1882
1863
1789
1750
1039
1834
1896
1886
1947
1924
2016
1951
1063
1996
1839
2045
2121
2215
2107
1494
2246
2066
1925
1810
1493
1630
1315
1111
738
1003
1041
942
980
1027
928
930
871
872
757
853
857
814
1812
938
810
823
1130
1170
844
980
828
644
811
1284
1066
1892
1316
1753
1823
1453
641
1065
990
1460
1500
1495
1371
1181
1045
1027
1133
768
1676
2271
2004
1886
1756
1831
2461
1306
1279
1802
1776
1654
1691
1505
1438
1543
1964
623
1653
2064
2098
2093
2736
818
819
643
1072
1784
1080
2004
1210
1985
2078
2056
772
1103
2406
1687
1383
1571
1921
1151
1375
1237
788
903
838
879
909
847
821
924
903
758
824
925
890
969
909
1239
759
658
689
876
784
829
897
872
931
855
775
811
902
891
893
937
805
971
881
849
871
881
875
926
768
774
926
921
904
889
770
856
884
671
738
772
792
1027
687
721
956
956
907
913
956
882
890
923
1225
2058
1765
1979
1792
1891
2154
1984
1979
2127
1855
1979
1844
2125
1940
2020
2318
755
742
1057
1057
817
1007
887
679
804
777
1766
1867
1770
1565
1386
1287
793
758
1853
1961
2158
2106
1275
1412
2515
3082
1947
2005
2047
1900
2070
3168
3407
1846
2109
2070
2220
1810
757
657
1044
1345
585
2083
2032
1793
2251
1557
738
1442
1893
2247
2317
2242
1820
2260
1721
2245
1688
1494
1500
1705
1855
1724
3556
2314
2002
1880
1838
2098
2216
2058
1972
1981
2030
1340
1346
1372
955
920
2014
1928
2005
2035
1973
2015
2533
1724
1811
1775
1773
1808
2023
2200
1981
1958
2127
1967
1738
1623
1592
855
1172
1039
1235
1115
1282
898
851
890
941
846
789
782
875
945
667
816
789
749
847
892
954
886
1031
673
806
749
739
1477
1909
1819
1751
1742
1595
757
711
1556
2107
2122
2212
2018
2068
2027
1747
2012
2023
2012
2203
1965
1922
2611
3091
2008
1921
1877
995
1660
1653
1739
1735
2186
1906
2144
1892
2041
2392
2156
1783
1898
2075
1773
1906
3436
2445
1736
1363
1383
1193
1417
930
1066
939
970
911
889
889
909
906
902
842
905
912
828
937
809
830
782
767
901
918
772
903
827
926
812
867
849
873
908
860
811
1120
1153
2101
2068
1706
2009
1800
1712
2092
752
1833
2041
1923
1835
1983
1991
1640
1310
1748
2102
2004
1760
1832
2140
1828
1362
1986
1108
1220
1407
1199
1528
767
728
730
1076
978
978
971
792
825
1239
1054
985
794
702
825
762
764
961
936
1028
847
895
1030
841
958
907
847
709
774
775
566
779
887
761
890
879
890
893
991
891
795
864
949
888
581
832
727
679
975
838
781
786
793
961
907
1008
774
960
899
895
889
2010
700
1094
1745
2137
1777
1941
1768
1157
1503
1861
2243
1958
1978
1930
2049
1961
1994
2086
2088
2080
1869
2028
2196
2021
1737
1655
1562
1283
1224
1316
1144
1066
997
985
895
970
718
761
998
877
896
777
892
956
896
881
894
931
920
874
964
887
792
886
880
929
890
816
885
835
782
886
824
845
837
