825
770
963
1099
1282
1348
1185
1173
1208
1147
895
991
996
1113
755
2206
2067
2297
2255
2213
2331
1590
2370
1909
2311
1978
2030
2376
2975
3519
2225
2331
2269
2338
1993
2251
1855
1650
1697
1691
1591
1246
872
897
800
995
1027
976
1025
1008
854
991
878
851
998
1061
1061
797
956
1028
1053
989
994
1000
975
889
765
751
908
1169
756
770
898
781
858
716
814
856
895
1022
1015
860
1009
995
991
909
1039
937
900
957
917
1398
841
812
1197
863
956
895
876
1019
1087
1112
747
873
866
854
990
898
1087
871
867
818
1014
833
848
1065
1238
948
1235
1921
1566
1635
1038
1187
987
899
928
842
834
1084
899
985
1036
920
996
1228
992
857
969
973
758
992
904
901
819
946
997
819
1004
1271
1982
825
768
864
821
974
993
1054
906
980
1113
1005
876
1041
1011
1068
1014
1095
1378
1037
943
964
748
1026
1219
1464
1662
1568
1389
915
983
1004
1162
1123
1242
1215
1242
991
1122
963
747
852
917
979
914
957
888
889
983
979
935
902
980
989
990
1464
1308
1422
1197
1029
1251
1259
839
987
1016
1052
1000
1307
775
1592
1551
1121
2343
1842
2035
2203
1393
2286
2296
2354
2067
2066
2275
1243
1077
1419
1417
2609
2479
1860
1846
1607
1633
1484
1571
1547
1466
1529
1632
1837
3402
3234
2294
2171
2247
2811
2060
2184
2395
2289
2070
1706
837
1636
2291
787
976
1022
938
1052
1395
1347
1549
2305
2099
1902
1880
1608
1270
1590
1141
1668
882
2378
2260
2267
1652
968
1850
2267
2168
1913
2275
2331
1334
726
1050
1352
1340
1353
1138
973
1055
1031
1050
1005
898
1416
2240
1942
2079
1947
2291
2353
2294
2444
2040
2243
2029
2077
2203
2380
1607
2323
2214
2021
2086
2146
1828
1141
1623
1588
1870
1880
1607
1285
1044
1375
1556
772
759
977
1431
804
1846
1825
1830
1479
1253
1422
1348
1309
1308
841
1512
1016
920
1218
961
739
952
941
971
1081
911
993
897
886
875
921
943
980
881
975
981
1092
950
917
1019
1016
1000
1065
1007
1072
1020
1061
1071
837
933
1465
1326
936
1136
1587
1531
1171
863
920
1339
1106
1024
899
1211
1026
801
1003
1111
811
721
836
847
898
995
898
887
910
959
1486
1210
769
1019
870
1149
851
704
836
1007
986
901
1016
838
1149
1319
2277
2393
2165
2007
2290
2960
3866
2235
2039
1925
2293
2112
2357
2052
1411
1174
1369
1512
1516
1069
1078
1077
957
1179
972
955
1150
1198
1339
1909
2278
2251
2310
2517
1573
1748
1936
1983
2222
1910
2265
1705
2056
2313
2110
2406
2287
2134
1836
2027
1770
1822
2143
2144
2842
3504
1902
2031
1558
967
1075
948
1067
948
862
884
910
1001
1059
1006
980
1013
883
992
993
893
881
867
934
1019
949
990
1106
1074
753
903
1021
693
1004
860
915
873
1281
1243
1213
1199
1428
1370
1634
1249
1248
872
913
886
1017
1067
899
861
847
892
932
826
1004
1363
924
831
936
906
892
867
1008
993
855
986
925
1364
838
1050
1367
1383
1534
759
1140
834
902
789
840
988
967
1008
1029
928
993
746
999
1013
991
937
1002
849
980
879
1049
1158
1328
900
1413
1072
1007
817
917
974
873
969
878
1029
927
1022
1043
851
983
831
991
856
993
859
926
1019
996
913
790
1045
865
983
1020
1057
899
719
879
924
1055
839
1028
965
959
935
947
970
872
986
1073
850
677
771
891
836
946
875
930
985
1065
1039
991
970
969
858
1072
1018
730
941
945
847
926
978
945
965
1004
993
864
1021
1138
951
668
844
963
983
1015
891
869
999
983
893
965
987
979
1012
856
1014
768
857
934
978
967
663
974
913
892
1050
977
948
986
882
823
990
875
843
885
845
968
803
1017
1063
1071
982
908
1019
1113
887
923
846
992
947
1052
1019
926
1049
1054
1066
879
967
1596
1363
2690
1003
933
1137
1108
917
960
1078
1470
1130
911
1224
2051
2233
2044
1675
1971
1012
766
1243
704
925
874
993
1058
987
1000
1019
882
1114
932
887
1027
985
955
983
1081
1084
1096
1045
1001
1066
1058
1037
852
1347
2224
2278
2207
2188
2343
2463
2202
2070
2080
2107
2115
2318
2177
2092
3857
1923
1890
2401
2718
2564
2564
2633
2444
2457
1823
1275
778
904
786
1376
1707
1064
1102
1364
1129
861
894
861
873
818
972
965
933
980
764
1767
1534
1735
959
1174
1349
1134
1087
1089
1064
1073
735
727
1035
903
1039
1433
1177
1053
1072
973
1126
1047
1067
1210
1035
1154
1246
1573
917
884
824
810
977
880
947
767
1006
975
847
1029
941
1002
1028
1363
1182
1339
1254
1255
1198
776
851
966
1006
886
920
926
1038
925
989
1075
996
1080
1597
2311
889
1341
1000
832
905
1052
1094
869
833
952
702
985
1095
1396
1060
1065
1011
999
999
1166
821
1318
1453
1641
1706
1966
1476
1302
1127
1492
1538
1522
1670
1558
1498
1338
1564
1641
1676
1654
1734
1679
1563
1358
1452
1240
1392
1588
1668
1562
1668
1691
1693
1404
1405
1410
1492
1643
1595
1572
1582
1501
1418
884
1008
1057
1055
1049
902
892
858
847
968
964
928
992
1275
1138
959
1054
1052
1082
921
983
1021
883
1001
854
999
879
1074
760
879
1048
977
1002
1060
1066
860
1051
921
909
1031
893
848
1216
1169
886
1847
2017
1556
1906
2133
2090
1295
1709
1737
2118
1967
