62
39
33
30
30
32
32
37
34
33
32
32
33
34
31
32
32
31
31
33
30
31
31
30
32
32
34
32
33
33
32
33
32
32
32
32
39
36
34
30
32
32
33
34
33
29
32
33
31
29
29
32
32
29
31
31
29
32
30
32
29
34
31
32
33
32
35
32
31
31
31
31
31
32
31
34
30
30
29
33
31
30
33
30
30
36
31
31
31
32
29
33
33
33
30
30
33
32
32
29
29
29
33
34
30
35
32
32
32
30
31
32
33
31
29
31
30
31
29
30
32
31
32
33
33
35
32
31
29
34
34
32
31
34
32
32
34
33
31
33
34
33
31
32
38
78
38
38
34
37
35
34
33
33
30
36
36
33
34
30
35
34
34
35
36
33
35
30
34
33
34
34
31
33
33
35
31
34
33
34
34
34
33
31
38
35
33
33
29
35
33
32
33
31
32
29
33
33
32
34
34
33
34
35
34
33
34
31
39
37
36
31
32
31
33
33
42
34
33
38
37
33
32
36
35
34
34
31
31
33
34
35
33
31
34
33
34
30
32
31
35
32
32
34
33
33
33
31
31
33
35
31
33
31
33
34
34
31
33
31
35
32
32
35
34
34
37
36
38
35
30
33
31
32
34
35
36
36
30
35
37
38
33
31
34
33
31
33
31
33
32
31
34
34
29
35
34
31
35
35
35
34
36
32
34
32
33
30
33
31
33
33
35
32
34
35
34
34
31
36
34
33
35
34
32
34
34
34
34
32
35
36
35
34
32
35
31
33
34
32
31
37
33
34
33
33
35
34
34
34
34
36
31
34
36
32
35
34
32
32
31
37
35
33
36
35
34
35
35
34
35
32
33
34
33
33
34
35
35
32
34
37
34
33
35
34
31
36
34
34
36
32
33
32
34
34
32
34
35
33
36
32
33
34
35
33
33
34
31
33
35
36
31
35
35
36
33
31
34
34
34
34
32
35
35
31
36
34
35
35
33
32
36
36
40
33
35
35
34
36
38
34
32
35
35
35
35
32
31
33
32
35
32
31
32
34
35
32
33
36
32
34
36
33
37
35
39
34
38
35
37
33
34
32
33
35
34
67
66
48
39
38
38
37
37
35
34
35
36
38
37
39
37
37
38
36
35
38
36
38
38
36
36
38
35
36
39
36
34
38
35
34
34
35
33
33
33
31
36
34
33
34
34
32
33
33
32
32
35
32
31
35
33
32
33
33
35
33
38
33
33
33
36
35
35
31
33
34
33
36
34
34
36
34
34
35
34
35
37
34
34
37
34
36
34
32
35
37
35
40
35
40
36
31
35
32
31
34
37
36
37
35
36
37
38
32
34
35
36
33
35
36
32
34
37
37
35
38
33
35
34
36
35
32
32
37
34
34
35
33
34
35
37
34
37
33
34
35
35
35
37
33
35
37
36
32
37
34
34
33
34
32
37
36
36
35
32
39
32
34
37
35
35
34
35
36
33
34
33
33
36
34
37
37
35
36
38
36
35
34
35
35
35
36
36
37
38
35
35
35
35
33
32
34
31
36
38
33
32
36
36
34
33
34
32
32
37
36
39
39
39
36
35
31
34
35
36
34
33
34
32
32
37
37
36
34
36
32
36
33
34
33
34
34
37
35
32
34
36
34
35
37
32
34
32
33
33
34
31
31
32
34
33
32
34
37
35
36
35
33
35
34
31
34
33
37
32
34
36
34
35
36
32
33
34
40
35
34
35
35
35
35
31
33
32
34
39
35
39
37
35
31
36
35
35
33
35
35
37
34
34
34
32
37
35
34
33
32
35
35
36
36
72
74
61
76
48
47
52
56
40
60
62
66
60
62
73
59
32
37
35
48
37
40
39
34
34
33
38
39
39
37
39
36
39
36
45
36
37
36
36
37
37
36
38
33
31
33
32
33
33
32
33
34
33
34
36
34
30
32
33
33
33
34
33
31
33
36
39
34
34
34
32
33
32
30
35
30
33
33
31
31
34
39
31
33
31
31
35
35
33
33
33
35
34
32
35
33
37
37
35
32
34
33
33
35
34
34
34
35
35
35
34
32
31
34
36
36
32
34
31
35
39
32
35
32
35
35
32
34
35
34
32
34
34
32
36
36
35
33
35
33
38
35
35
32
32
33
37
37
35
35
32
31
32
32
31
35
32
31
35
32
37
33
34
33
32
36
34
33
34
32
31
34
33
36
33
36
34
36
35
41
33
36
37
34
33
32
35
35
34
31
33
36
36
36
36
37
35
35
33
36
35
34
33
31
37
34
33
36
