139
134
125
122
132
128
129
130
116
138
131
120
129
172
207
123
132
126
135
132
127
133
135
130
119
124
137
124
136
119
118
127
132
116
120
115
126
126
134
133
141
135
135
139
130
134
135
140
134
132
131
135
131
118
138
116
136
122
119
145
142
139
133
118
119
139
137
146
136
138
144
139
138
134
141
149
140
124
135
133
126
127
146
138
146
134
134
144
135
143
131
132
135
119
121
131
136
140
148
137
123
132
132
141
141
124
134
142
147
141
138
142
145
143
128
133
141
135
127
137
139
143
122
139
135
137
145
138
131
146
120
136
122
138
121
136
140
122
120
135
135
134
142
137
145
119
143
131
130
142
134
128
134
139
134
133
138
119
134
139
131
139
133
127
139
148
143
132
138
138
127
141
145
126
141
137
140
134
135
135
141
145
133
134
123
146
124
135
135
127
127
142
127
134
136
142
136
137
122
143
224
267
278
263
291
276
266
258
241
157
163
144
162
175
150
143
162
145
134
161
161
217
178
190
245
226
200
130
150
159
136
154
166
167
220
150
204
155
127
135
156
144
149
160
143
160
147
139
141
155
131
162
147
130
146
145
141
128
129
137
145
143
135
141
143
149
145
140
151
144
151
143
134
154
156
150
145
132
135
149
143
145
134
122
123
125
132
117
111
117
126
136
128
124
121
117
123
123
118
113
128
116
125
124
129
127
136
116
124
134
132
128
128
129
118
114
131
127
131
129
138
137
139
122
124
140
130
143
116
123
132
129
265
139
139
146
151
135
133
152
146
147
142
148
134
131
150
156
122
111
121
113
112
111
116
120
138
119
112
128
132
120
127
129
130
122
117
116
122
127
126
130
125
119
125
124
132
118
111
122
114
131
127
120
132
132
122
141
133
136
124
116
115
128
138
126
133
132
136
146
119
133
124
123
131
116
116
133
142
138
123
142
131
130
125
122
121
118
134
136
136
142
138
126
136
142
134
138
121
136
125
130
134
130
142
126
157
145
131
177
135
128
128
125
142
135
127
142
137
148
120
137
134
139
118
118
143
142
145
131
132
137
138
128
128
136
148
142
137
125
141
136
143
120
131
134
140
138
138
119
134
122
133
136
142
138
140
135
130
140
146
143
129
143
131
126
137
136
138
131
138
123
123
134
130
140
132
127
137
133
140
147
123
135
130
135
150
127
125
140
133
147
133
129
137
142
133
121
196
128
142
143
138
141
121
139
143
145
151
146
324
348
307
285
316
299
296
288
261
269
308
225
179
168
172
183
191
187
166
206
187
175
184
154
129
115
122
120
130
126
127
127
134
116
126
124
124
128
115
128
129
112
126
127
125
126
128
134
119
142
132
139
129
116
118
127
125
122
117
122
128
126
116
116
240
176
132
123
132
129
123
131
114
136
140
173
130
154
125
234
158
156
137
142
133
132
159
130
128
115
129
122
123
138
125
118
127
138
131
136
131
135
128
119
130
135
116
147
141
131
137
140
132
118
137
121
133
121
142
123
125
137
125
137
146
130
136
137
130
135
145
132
139
134
136
131
146
135
147
134
140
120
137
141
142
146
136
128
133
133
139
137
128
135
128
148
125
122
143
147
139
123
138
125
139
131
144
132
129
140
137
137
148
137
132
126
120
137
146
226
148
150
137
152
145
140
135
151
135
140
146
151
142
125
126
138
121
142
150
141
146
140
141
138
141
132
137
133
146
128
152
125
141
148
129
145
123
147
130
131
138
131
143
125
149
140
133
141
139
152
136
148
129
139
135
137
139
125
135
121
142
130
142
131
141
134
140
128
144
146
128
141
146
144
151
125
137
128
149
128
137
146
130
142
133
142
126
147
129
135
182
162
135
167
153
146
148
141
147
133
174
142
188
244
276
283
311
256
266
266
268
251
267
282
263
258
233
270
244
258
256
251
271
255
259
243
242
252
265
241
259
266
260
262
258
247
231
167
127
139
139
142
142
132
126
146
147
144
138
143
139
277
234
129
147
135
133
155
148
143
145
145
148
141
140
132
136
134
124
127
133
144
134
122
136
142
145
137
136
134
143
143
138
133
146
138
127
138
129
137
136
130
128
141
128
132
145
144
132
146
144
134
135
123
142
133
139
125
143
142
149
144
131
138
140
130
144
137
124
145
129
141
137
135
144
124
144
125
135
125
134
129
129
125
125
144
133
145
132
144
139
138
139
234
260
268
279
268
251
260
260
184
136
126
141
148
147
129
153
157
140
129
250
214
180
268
188
175
146
211
289
136
146
149
129
152
128
132
135
153
