1471
1416
1309
1225
1368
1472
1259
1327
707
945
1369
1649
623
760
663
558
900
559
588
446
774
636
516
592
587
536
471
587
582
565
591
638
864
888
893
759
859
905
711
875
949
791
751
784
903
812
792
763
1011
1230
1209
1371
1422
1376
1239
1435
984
1457
1688
828
817
1031
1649
1951
1456
1194
999
1175
1515
1335
1054
1164
616
675
1013
913
777
828
841
750
801
727
813
809
774
804
799
767
805
890
836
1041
1006
900
824
822
742
755
823
815
773
782
802
841
770
841
774
848
797
1103
454
464
526
576
1308
1309
1181
1254
1331
1196
1206
1219
1507
1045
495
471
542
973
1199
1184
1340
1131
1121
1217
1327
1115
642
384
719
530
793
797
675
720
573
647
1140
1131
1273
1286
1274
1264
1394
913
573
533
622
616
616
606
657
628
576
644
546
660
534
566
618
604
606
544
529
579
606
636
515
422
525
534
1285
1280
1301
1224
1211
1202
1297
1290
1276
1325
1007
1286
1347
1255
1185
1366
1341
1183
1219
1374
1129
1450
931
823
915
893
913
868
835
658
670
658
579
650
638
680
643
640
629
547
579
627
523
533
576
596
599
629
643
593
605
636
516
611
613
619
613
597
623
655
433
573
629
619
529
615
538
610
524
591
583
817
861
731
486
610
436
449
452
434
499
598
571
738
451
456
594
501
713
834
769
452
482
491
509
564
479
580
443
556
452
534
613
588
672
573
766
711
896
825
910
907
778
1072
1487
926
574
653
809
562
502
651
531
502
750
785
693
573
588
516
467
455
511
541
539
653
523
568
770
803
748
545
558
511
624
625
453
499
569
484
533
568
659
587
556
622
556
500
565
496
553
491
571
717
520
530
535
518
574
476
503
564
596
605
647
621
600
645
529
503
630
555
605
595
618
591
596
600
592
510
449
472
474
532
610
607
532
535
525
620
561
638
613
606
614
524
655
585
641
653
535
552
522
754
814
515
570
552
586
626
534
611
538
587
559
495
585
680
638
616
524
655
594
630
648
463
547
623
847
561
471
522
580
556
601
539
575
558
531
593
537
493
585
576
611
616
582
625
686
1499
2410
1534
1310
1326
1349
1236
1288
1198
1337
1362
1360
1448
1176
1466
1389
1322
1185
1232
1488
1086
1266
1208
1229
1005
919
1032
984
1073
1352
1142
885
898
776
671
652
618
553
590
608
607
601
575
599
573
620
572
609
642
687
620
543
608
1392
2088
1292
1232
1097
779
1472
1249
1289
1312
1452
1178
759
1331
1366
1321
1441
1260
1194
1315
1252
1392
1016
730
489
685
969
1023
1153
1170
1052
831
442
490
647
655
628
615
656
829
578
610
762
580
591
663
768
767
660
745
553
509
746
501
542
842
730
848
629
616
529
698
557
605
646
788
489
557
464
557
616
618
647
606
547
634
534
560
410
484
489
516
573
590
512
531
612
654
616
652
1418
625
614
599
611
603
670
594
665
910
973
923
702
471
564
652
520
615
637
612
531
656
593
642
629
656
554
650
595
598
644
587
882
1013
517
540
525
627
596
649
1042
1016
1016
816
877
995
761
907
717
571
988
886
649
594
611
591
573
593
525
556
636
547
523
590
625
607
572
589
573
534
561
642
564
558
1525
2173
1852
1397
1386
1414
1220
1226
2253
903
1038
2124
1441
628
1410
1901
952
687
1024
888
724
1206
2175
1410
1447
1317
1347
1404
1921
1305
1991
956
941
1003
1111
1637
776
615
549
588
596
682
607
653
642
675
1519
2374
2454
1284
1349
1140
1879
1356
2271
932
1245
1343
1414
1348
1349
1254
1092
1188
1204
2126
438
468
691
768
760
708
419
706
661
473
567
573
546
575
610
557
637
551
450
692
530
463
550
593
667
623
717
623
1240
926
976
610
1507
1660
870
745
938
1050
1088
1045
985
1154
869
543
804
582
2041
2197
2099
1551
1271
1620
1614
859
506
656
1626
465
576
1340
873
903
1124
763
1470
1253
1007
1314
994
1169
907
610
550
616
609
571
632
575
586
828
1104
557
635
653
721
1111
823
664
534
601
599
655
1120
964
786
922
690
750
465
589
612
712
544
612
526
601
620
473
604
650
594
733
956
638
928
1041
584
412
521
594
552
593
1180
816
435
600
598
563
614
576
644
520
534
616
833
937
707
922
802
481
635
465
563
637
557
637
623
561
582
560
522
522
1008
538
613
648
574
541
592
593
618
985
1010
613
624
619
592
616
860
1105
627
615
651
1135
821
422
602
476
654
600
536
603
590
612
551
627
597
520
516
610
1041
746
501
986
966
808
941
1112
569
565
665
627
558
642
1074
956
614
568
677
639
626
1087
1049
1039
1089
1030
609
606
558
567
566
615
683
669
658
667
721
1090
686
581
570
592
601
577
658
620
667
575
668
626
778
1135
606
624
524
528
597
647
575
564
587
671
535
552
643
524
593
594
630
591
605
607
533
592
555
616
559
524
621
1030
1397
1537
2395
1965
1963
1619
2060
1995
