491
258
235
225
246
207
241
233
208
231
247
226
239
238
223
236
231
242
244
244
266
259
256
249
215
246
217
227
243
221
224
249
251
245
229
250
225
249
269
245
254
246
270
288
230
270
275
230
235
249
265
253
221
296
274
253
289
232
259
252
238
254
244
251
273
251
275
237
260
269
240
258
238
253
267
274
252
250
266
230
225
263
265
255
274
261
246
271
278
260
269
244
255
245
262
245
230
231
251
252
246
254
265
253
267
325
356
303
376
297
274
357
287
280
318
345
329
532
640
258
301
245
305
489
435
440
409
401
320
317
252
357
355
354
271
271
291
256
326
265
252
280
278
288
241
282
269
271
254
266
270
385
326
315
257
255
258
254
235
277
240
282
263
270
282
286
233
255
249
236
270
231
252
256
254
274
267
260
251
280
231
290
272
262
265
259
227
230
245
236
237
242
238
230
222
252
216
245
240
247
246
254
271
217
247
261
262
235
238
227
262
260
264
256
355
280
318
265
272
272
254
230
247
226
261
250
251
234
217
207
247
229
234
248
216
254
227
238
219
245
205
232
246
231
228
235
254
228
226
257
258
221
239
218
251
221
247
232
236
239
247
237
218
212
224
209
245
230
242
221
212
279
253
245
231
259
223
247
225
227
234
224
297
243
248
273
218
243
249
273
241
219
222
249
248
261
227
261
239
272
223
249
249
258
264
268
245
260
247
224
258
246
247
262
254
237
242
253
242
232
237
236
231
237
251
252
251
251
234
234
250
225
222
261
247
250
248
252
270
251
238
228
242
221
264
264
246
256
254
241
231
226
258
252
255
226
218
227
247
253
265
235
260
256
229
252
262
227
241
225
234
261
260
246
244
258
240
252
272
253
245
257
259
258
239
273
232
225
242
284
229
271
258
261
279
245
261
253
263
233
255
247
249
257
259
224
225
231
238
235
223
246
262
271
269
248
228
247
220
249
247
238
247
261
251
244
231
253
270
279
248
231
242
279
238
271
227
251
259
257
217
260
310
263
231
260
231
303
270
247
220
238
245
249
237
266
326
298
239
257
234
251
254
257
245
234
238
262
258
247
275
225
266
256
260
238
270
251
247
249
247
227
243
253
245
237
267
252
227
231
264
258
230
273
447
451
457
479
441
237
268
262
261
238
262
263
278
274
281
262
268
274
284
217
258
276
265
236
265
247
247
249
259
289
271
254
273
260
275
264
255
255
250
258
251
278
238
230
261
246
281
299
251
252
253
227
265
240
233
264
258
236
249
237
235
262
272
258
239
251
269
254
253
232
231
252
258
246
217
239
248
249
253
253
238
266
268
268
241
257
227
236
281
258
252
255
253
257
264
232
238
255
262
315
489
455
475
439
534
260
273
240
255
227
233
276
225
226
229
233
277
267
231
237
245
243
252
238
264
248
255
233
277
224
223
265
259
270
218
223
253
262
224
267
270
267
270
286
231
261
271
554
731
631
659
617
698
630
668
645
624
612
562
553
396
364
408
370
349
405
236
238
222
222
236
227
222
237
208
232
231
210
230
222
277
221
230
202
220
237
225
227
239
234
233
214
225
211
230
208
211
210
234
234
233
212
220
254
238
211
240
233
251
223
245
240
248
233
242
251
233
252
231
252
211
224
253
228
238
217
256
262
268
263
235
233
257
242
254
265
271
257
246
241
256
242
240
243
253
229
252
250
266
271
256
242
250
222
220
231
239
266
246
237
255
250
227
252
230
251
242
250
272
262
270
231
253
264
277
250
252
228
267
256
238
248
257
256
267
253
225
272
269
379
242
279
271
385
295
283
344
406
271
299
349
317
480
394
271
403
426
298
371
278
328
293
273
300
357
471
322
279
232
245
232
244
265
242
272
205
252
242
244
231
242
225
232
258
306
282
282
289
264
292
414
355
285
264
239
264
271
264
271
277
246
264
288
273
209
226
236
290
269
353
458
356
236
229
229
258
236
242
236
270
233
227
221
202
210
210
243
253
219
248
222
223
230
240
231
228
213
228
237
216
241
219
233
213
225
209
210
254
259
242
209
246
236
242
235
256
244
240
236
216
241
265
224
227
278
410
285
251
245
277
212
229
236
248
238
239
252
224
260
276
217
242
243
257
243
217
234
240
245
256
223
219
251
263
246
232
233
251
246
241
229
215
248
235
242
261
262
275
232
222
244
258
221
244
260
260
249
291
305
272
322
268
249
275
275
260
279
273
240
218
251
257
228
263
253
255
250
248
249
247
224
254
247
253
223
228
221
255
271
272
238
262
260
284
264
265
