4230
4200
2861
2026
1497
1489
1635
1304
1552
1190
1318
1409
2623
1404
2446
3113
2401
2490
2925
1249
1788
1929
1830
1592
947
1345
1260
1215
1598
946
971
1142
1320
1284
1253
1165
1124
1370
1366
1146
1501
903
1268
1375
1274
1409
1129
1341
1376
1374
1200
1155
2726
2645
3143
2816
3043
2315
2702
3373
2925
2903
1777
2156
1589
1847
905
1542
1464
1444
1630
1016
1393
1454
866
1355
2218
2960
3722
3021
2672
3014
2820
2994
3049
3043
2572
3155
1565
3065
2999
1486
2854
3058
3218
3032
2675
2678
2271
1973
1907
1876
1867
1959
1385
1712
2460
1579
1495
2217
2956
3635
2022
2554
2462
2573
2436
2076
2845
4197
3537
2429
2043
1286
941
1365
1414
1248
1167
1202
1404
1453
1254
1629
2629
3072
2925
2673
2870
1662
2492
3366
3450
2678
1961
1820
1830
1977
1483
1614
1482
1714
1368
1259
1566
1126
1312
1281
1267
1286
1330
1293
1296
1247
1364
1253
1291
1442
1001
1145
1147
1231
1124
1245
1358
997
1137
1414
1192
1258
1012
1324
1367
1219
1229
1412
1526
1205
1415
1260
1227
1356
1126
1332
1329
1304
1359
1290
1099
1157
1372
1332
1490
1160
1250
1321
1334
1361
1411
2031
2783
2594
2269
3225
3231
4232
1478
2515
3699
3537
2030
2545
1193
1620
1749
1780
1825
1678
1186
1167
1153
2477
3565
3020
3045
3243
2264
1389
1305
1656
1402
1376
1244
1037
976
982
982
1222
1718
933
961
929
824
811
937
1002
1198
957
943
845
874
1248
1721
1236
921
944
959
867
961
982
1162
1038
966
1029
1052
1157
842
988
1052
983
1006
975
894
982
1020
1232
1057
1007
971
1041
1053
1010
1004
913
1061
984
1059
1017
846
985
1095
991
888
1540
1831
1639
884
904
901
865
1085
886
885
923
1032
1254
2895
2975
3045
2378
2009
1679
1027
1085
942
956
832
840
1092
949
1063
973
892
865
875
848
1448
3014
2989
2260
2114
2131
2293
1101
1210
1132
1076
938
1134
1129
946
947
1046
1006
1133
2740
3894
2580
2209
1553
1031
868
1027
931
987
1751
1113
961
1087
921
1086
912
1051
969
963
936
986
825
951
962
974
1020
980
935
1246
1211
1792
3077
3124
2366
1608
1599
1390
1703
1182
874
1057
925
843
980
1008
860
834
1015
1000
2961
1322
1645
1581
1174
1127
1133
938
958
934
1023
932
1028
1427
1161
935
924
961
970
973
930
907
970
992
956
921
1045
1210
1455
900
940
834
929
1004
990
973
1035
901
975
971
993
1033
1124
895
918
1013
962
965
993
876
985
853
897
1002
965
969
967
1117
1030
982
1044
959
986
996
1008
904
1016
868
1058
986
955
858
1064
1183
1094
1010
1110
1124
942
863
849
962
1023
1041
929
959
1046
989
854
946
1090
1033
1012
971
903
868
1017
1003
881
1126
1345
968
864
938
885
1045
1003
1012
937
946
843
2070
3438
2678
1508
1815
1227
1186
1147
1377
1357
928
1162
882
970
962
898
981
1256
1333
1074
2219
1925
1667
996
1239
1091
974
1004
1163
1340
938
1090
965
1115
1034
1004
978
929
863
958
1138
1083
1111
1319
945
896
951
1188
995
987
1020
1001
946
900
1048
1090
1013
1666
827
1000
975
1048
848
925
949
1042
985
913
1053
1119
943
1298
1726
876
863
1124
964
1038
1020
926
1056
994
1154
890
905
1050
942
2392
2602
2743
3263
3343
2173
1612
1420
1013
1064
821
1067
1023
961
1101
1621
1166
1133
1039
963
974
867
1011
947
960
953
973
974
1102
965
989
854
982
974
1041
953
1061
970
960
941
849
1014
1049
4448
3655
2649
2838
2175
1553
1297
1344
950
915
1039
975
989
898
956
1033
869
1050
1211
1135
1004
952
1222
1466
1507
1525
1267
1158
1554
2871
1840
2044
1782
1741
1901
1450
1126
1615
1745
1161
1700
1447
1381
2725
1526
1978
1658
1912
1079
1378
1153
935
1718
964
1169
1142
1060
1013
1131
1170
987
946
828
917
1074
1164
1664
1345
1141
1309
1148
1149
1142
1105
1025
867
1034
891
1030
1759
1356
1182
1037
959
1001
1032
1045
851
915
928
830
976
906
1257
1071
1188
1099
1138
936
827
993
952
988
852
941
1029
852
955
1017
1073
980
972
887
907
916
1274
1165
946
919
999
958
1065
914
1469
1269
1014
897
857
1662
2824
2601
3337
3858
1695
1547
1244
1038
922
1058
1032
1007
957
995
1081
1063
826
856
937
970
885
864
876
977
883
1053
1313
1111
1085
1436
1132
2080
1032
1391
1671
1518
1103
1498
1844
1520
1854
1350
1425
1221
998
938
1110
1098
1501
2145
2058
1459
1715
1183
1133
964
1085
998
1018
1147
1128
1309
3097
1137
1108
960
1062
904
997
837
926
907
829
863
1247
1126
1626
1814
1908
1929
1800
1767
2016
1977
1882
1564
1041
913
968
864
853
1058
813
1001
955
847
1070
1390
2189
1911
1636
1750
1777
1800
1358
4164
1440
3436
3076
3239
3028
1825
1079
1237
1096
1152
1047
1139
1131
1071
1207
1264
1875
3226
2197
1339
1276
978
1379
1746
1497
1711
2038
2277
1952
1488
2352
2680
1996
1714
2009
1424
1551
1711
1870
1781
1869
1650
1661
1313
1501
1615
938
1110
1391
1656
1023
955
1015
1571
1462
1521
1036
1184
1207
1200
1135
1065
1653
1247
1065
1242
1238
1482
1801
1471
1768
1020
1437
1248
1756
1311
1821
1785
1941
1938
1949
1856
1556
2435
1807
1588
1330
1089
1016
2303
2806
1081
1094
1070
1285
982
1567
2989
2879
2909
1964
2419
1358
1364
1350
1616
1012
927
1059
984
992
928
922
1815
3457
2836
2791
2276
1822
