77
36
35
35
36
36
36
35
36
34
37
32
33
36
37
38
37
37
35
32
37
33
37
35
35
35
33
35
36
35
34
34
35
34
37
35
36
40
32
36
35
36
35
33
34
34
33
31
34
34
36
32
36
36
34
36
37
35
37
35
35
33
35
36
36
37
35
36
34
33
35
35
34
33
37
33
39
34
34
34
33
33
32
33
36
32
33
35
36
35
34
35
37
38
34
36
34
35
35
35
33
33
35
37
37
36
34
33
34
36
33
32
38
36
36
33
38
35
37
33
36
36
32
36
33
32
34
35
35
35
34
35
36
36
35
38
34
35
35
32
38
34
32
38
36
37
33
38
36
35
35
32
32
34
34
37
35
34
34
36
35
35
36
37
32
35
36
36
35
35
34
35
33
34
37
38
36
36
34
37
35
36
37
35
34
33
35
33
35
34
36
35
33
33
33
39
34
35
34
37
35
35
32
36
36
34
35
32
35
35
33
34
37
35
37
33
35
34
33
36
35
33
33
33
35
38
35
36
38
35
36
36
34
38
38
35
37
36
36
34
37
36
36
37
33
38
36
34
35
35
35
33
36
37
38
36
36
36
38
38
36
39
37
33
37
36
33
36
39
35
38
33
34
38
38
38
35
51
83
59
40
37
35
38
36
35
35
36
38
34
37
34
37
36
35
34
37
33
35
33
34
36
37
34
35
36
36
33
34
37
36
37
35
36
35
38
35
35
37
37
34
35
37
36
35
34
34
33
32
35
34
33
38
37
33
35
36
33
38
36
35
36
37
34
34
33
37
32
36
35
33
37
37
35
34
37
37
34
36
38
38
36
35
35
35
36
36
37
36
36
36
37
40
37
35
34
33
36
37
33
38
34
34
36
36
34
35
34
37
35
36
39
34
35
36
33
34
34
38
37
38
36
34
37
37
36
35
34
34
36
35
36
36
33
35
39
34
33
33
35
36
36
36
35
36
36
35
36
36
37
36
39
38
37
37
34
36
36
34
36
34
35
36
38
35
35
36
39
35
35
37
37
33
33
35
35
33
35
35
34
36
33
37
35
36
35
36
37
36
37
38
38
36
38
34
38
36
37
36
37
34
37
36
36
38
38
36
35
37
35
38
35
33
36
36
34
37
35
35
35
36
37
37
38
36
36
35
34
38
34
40
39
37
36
35
37
36
37
37
36
36
35
37
37
34
34
39
34
33
37
33
39
35
36
33
36
35
38
38
39
36
38
36
35
36
36
37
34
35
41
38
33
34
36
35
36
38
34
36
36
33
36
35
35
35
35
35
35
37
39
34
36
36
37
36
37
38
37
36
36
33
38
35
94
50
40
41
36
42
36
37
35
35
34
36
33
37
35
34
38
35
34
35
37
37
36
37
33
40
37
39
34
38
38
37
38
39
34
37
37
34
35
36
38
34
38
34
37
37
34
40
36
36
34
38
36
37
35
34
38
36
38
35
37
34
35
37
42
36
37
33
35
35
39
35
34
34
34
35
36
36
34
38
34
36
34
36
36
36
33
36
37
34
34
39
38
34
35
35
35
34
36
34
39
38
38
36
40
41
39
37
35
36
37
35
36
38
37
34
39
35
37
38
36
39
35
40
37
34
36
36
35
38
38
36
38
38
38
37
36
37
39
40
36
40
37
41
37
37
38
38
36
40
38
34
37
38
37
34
37
39
38
36
36
37
34
41
37
40
37
35
35
37
34
39
33
38
40
38
39
35
37
37
34
35
37
39
40
39
35
36
38
37
37
39
38
38
36
38
34
38
37
37
35
36
39
40
39
38
39
37
36
40
36
39
36
36
40
39
37
37
35
38
40
40
36
36
34
38
36
41
38
39
38
34
36
38
37
35
40
34
37
38
38
39
39
36
37
38
37
41
35
37
35
37
38
36
34
38
37
40
34
39
34
38
37
37
38
35
40
38
38
36
37
37
36
37
37
37
40
35
35
36
35
37
37
35
35
38
39
35
36
34
34
38
39
39
33
38
34
37
33
70
73
47
42
42
41
67
41
43
38
39
37
39
36
36
33
35
37
36
37
38
39
36
34
36
37
37
33
36
36
35
38
35
37
38
38
37
39
37
40
39
40
34
38
38
36
36
36
36
35
37
36
38
34
37
34
37
37
36
37
36
42
35
37
40
36
38
37
39
37
34
38
35
37
38
39
38
37
37
39
39
35
34
38
38
39
35
37
38
38
37
39
39
38
35
33
36
37
38
37
40
37
39
37
37
40
37
38
39
37
37
37
55
38
37
37
37
38
