420
427
575
621
504
560
811
466
467
657
760
658
800
771
717
760
641
641
762
639
1040
1052
850
512
617
784
1183
1299
1223
1157
992
587
491
540
556
1489
1352
1441
1272
1320
1325
1330
1368
1012
1117
943
1009
1005
851
971
868
786
756
824
801
836
847
683
534
450
491
493
603
553
550
492
567
500
577
514
563
508
542
551
665
423
429
507
580
564
609
1070
527
1049
1426
1351
881
581
554
587
546
686
623
652
892
832
1015
973
940
1461
1465
1121
803
785
731
668
690
586
628
637
629
653
603
573
565
538
592
601
447
454
505
548
606
492
588
611
484
573
568
493
566
504
491
558
590
495
561
549
587
577
566
541
616
529
410
493
486
600
547
551
560
495
584
559
528
593
605
489
496
535
491
590
525
488
540
488
484
531
1399
2250
1572
1213
1129
1256
1104
1245
1101
1166
1288
626
423
495
462
428
1158
1281
1329
1189
1148
1300
1352
1334
1045
914
1132
910
1002
677
1079
940
659
948
843
629
771
836
761
763
753
717
775
652
531
594
520
428
598
612
570
622
586
657
596
633
597
580
499
577
510
538
497
567
497
575
605
570
605
1101
490
728
915
835
726
737
777
728
719
724
710
683
756
766
758
816
714
895
819
731
824
786
835
741
836
781
744
755
846
786
768
806
797
760
740
856
861
848
791
405
890
1220
1177
1235
1118
1207
1237
1031
1261
565
1119
1161
1275
1133
1084
1180
1293
1246
1170
1181
1198
1211
982
756
1113
527
1185
1084
1175
1197
1097
1202
1216
1192
1241
1147
1314
878
556
1347
1312
1299
727
1263
1218
1261
1317
968
861
925
864
433
413
397
877
1073
1057
1197
1170
1183
1129
1155
989
991
901
1090
432
583
714
622
683
621
687
691
603
670
681
588
667
628
604
494
490
479
543
568
553
560
523
504
609
514
551
557
567
495
482
563
502
549
587
541
585
537
531
594
588
530
543
594
573
616
545
490
525
560
514
574
528
550
573
508
553
577
512
617
530
546
565
541
578
545
550
512
497
554
630
593
593
598
555
565
577
591
585
555
550
599
487
558
551
604
555
560
498
591
612
489
499
600
609
664
486
761
692
1107
633
1003
530
664
647
693
1143
1179
1237
1193
636
594
600
771
805
729
752
778
676
750
711
835
628
489
487
402
519
508
555
485
480
560
565
548
492
566
567
537
531
568
508
498
498
525
497
574
559
538
776
636
578
559
477
561
524
478
543
536
483
550
483
565
533
587
523
502
517
479
572
583
564
551
759
667
626
427
1245
1071
1210
925
528
530
589
554
558
566
579
488
611
594
582
559
588
588
613
563
591
525
542
503
570
587
699
633
686
645
544
626
893
954
905
978
694
634
985
459
730
470
630
530
499
576
551
509
500
550
509
571
563
555
547
493
558
547
556
564
577
564
663
424
492
470
459
497
461
776
767
821
459
517
504
590
506
554
571
569
536
527
487
529
552
512
555
549
490
423
507
567
571
609
574
564
557
553
571
551
554
563
481
522
589
512
570
511
531
523
555
588
522
795
587
519
639
400
666
1137
1219
706
558
1325
625
930
538
426
591
484
517
982
1068
458
450
504
548
712
590
497
852
503
487
475
562
468
522
547
518
861
622
542
518
411
441
496
456
617
439
449
493
486
754
550
670
822
544
405
473
504
532
545
464
782
765
513
481
540
761
415
461
486
589
593
575
529
564
767
813
462
431
434
516
543
529
467
480
496
494
466
410
514
583
574
621
583
563
602
477
471
587
598
550
565
539
590
540
556
488
491
582
543
543
556
546
562
505
491
562
543
562
495
571
696
805
729
717
698
612
820
747
495
661
728
749
582
607
685
656
422
475
583
579
890
646
485
586
518
554
550
531
567
493
590
508
589
578
547
495
511
592
757
470
482
494
515
552
558
557
503
546
571
580
1034
1196
1198
1114
1118
670
709
632
482
383
456
482
527
507
564
570
584
585
495
562
580
533
524
469
595
604
560
606
509
516
588
776
429
1162
549
885
1566
1603
1664
1659
1070
572
651
706
638
703
560
534
483
463
533
631
560
495
443
553
561
546
509
496
572
514
584
562
540
508
477
542
573
488
547
552
694
1967
1929
2285
2109
2350
2231
1686
1061
1277
1138
1031
1119
1166
967
1405
962
1175
488
603
901
1089
1047
765
1083
971
597
573
557
560
677
601
561
510
568
534
529
637
1084
1411
446
459
987
1391
2345
2174
1605
1171
1318
1518
757
1009
1145
1694
1261
828
1486
926
619
637
731
810
1112
1200
1216
1891
1338
575
568
1110
1291
762
896
830
1010
1519
840
1582
2185
2174
2469
2374
2156
1763
1690
1574
1078
1309
1336
888
2058
1917
2274
457
487
846
1811
1809
1487
1376
1425
1235
1417
1271
980
1067
1314
940
928
809
612
417
668
842
689
932
743
878
808
860
468
420
573
538
547
