3967
1974
1454
3409
2864
3150
1711
2226
1105
1313
1632
1842
2493
1818
2276
2788
1672
1393
2127
1992
1878
2284
1669
1596
1630
1510
1566
1357
1368
1462
1548
1325
1610
1641
1587
1606
1638
1406
1369
1755
1723
1796
2893
3616
3159
3149
3367
3833
2910
2406
1710
2328
2438
1301
3168
3165
2528
2186
2820
3144
3041
2270
1866
1423
1355
1504
2321
1792
1175
1363
1592
1354
1611
1617
1776
1521
1860
1507
1458
1515
1529
1445
1381
1515
1433
1455
1412
1388
1684
1489
1529
1388
1650
1417
1500
1467
1519
1969
1422
1668
3581
3872
3477
2188
2576
3281
3499
2200
2032
2949
2304
2428
2468
2830
3201
3700
3863
3366
2408
3692
3526
3564
3890
2154
1444
1447
2094
1690
1739
1775
1690
2303
2020
2126
1714
1283
1541
1555
3747
3657
3698
3318
1616
3087
2760
2320
2247
1989
1370
1613
1719
1482
1614
1641
1516
1346
1999
3079
2048
2510
3879
2665
1586
2371
2932
1813
2895
2406
3242
3628
3152
2268
2525
2047
2157
2237
1764
1756
1614
1334
1627
1436
1632
1466
1769
1399
1637
1750
3619
3593
3481
3852
4269
2712
3130
3479
3142
3865
3862
3245
3075
4079
4029
3886
3256
3793
3687
2506
3091
1404
1283
1664
3130
3468
2619
2076
2277
1825
1994
1416
1784
1405
1723
1223
1692
1330
1432
2375
3277
2986
2748
2294
2000
1825
1315
1383
1314
1830
1630
2042
2515
2544
2567
1285
2099
1384
1857
1696
1576
1476
2254
1701
1701
1535
1606
1234
1476
1362
1264
1912
1615
1281
1199
1645
1742
1759
1350
1568
1491
1969
1701
1629
1734
1395
1513
1494
1613
1624
1536
1537
1522
1460
1567
1670
1628
1417
1575
1645
1570
1893
1310
1503
1497
1368
1485
1624
1369
1620
1518
1320
1650
1708
1496
1622
1811
3112
2396
1996
1989
2003
2088
1909
2034
2100
1371
1668
1614
1722
1083
3733
2518
2345
2606
3222
2445
3353
3767
3623
3155
2994
2491
2716
2443
2316
1766
1812
1411
1534
1357
1557
1891
1702
2187
1966
2963
1954
3693
2999
2502
2124
2244
2254
1550
1614
2590
1500
1394
1284
1490
1150
1471
1394
1268
1416
2533
4047
3485
3205
3849
3679
2420
3515
3863
1972
2913
2735
2415
2284
1862
1588
1440
1306
1620
1534
1709
1634
1378
1612
1849
2084
1699
1623
1421
1645
1766
1634
1797
1290
1312
1584
1478
1468
1659
1617
1692
1544
1572
1431
1511
1553
1451
1576
1592
1466
1569
1773
3192
3617
3483
3689
1877
2032
3205
3023
3634
3997
3890
3201
3382
1515
4943
2358
3911
4095
3619
3146
1630
1397
1463
1359
1559
1578
1533
1445
1436
1694
3414
3072
3738
3085
3302
1374
2620
3916
3919
3271
3648
3101
3758
3306
2407
2601
3086
2273
2351
1929
1434
1425
1523
1568
1524
1716
1519
1529
1385
1780
1723
1581
1578
1634
1457
1654
1653
1650
1605
1567
1396
1577
1599
1380
1553
1738
1434
1676
1641
1434
1610
1685
1484
1656
1457
1523
1584
1305
1537
1360
1536
1702
1588
1567
1330
1603
1345
1424
1424
1379
1564
1477
1555
1569
1583
1651
1571
1350
1583
1391
1526
1438
1589
1414
1404
3201
2462
1569
2471
3278
1424
1466
1674
1590
1574
1625
1479
2439
3791
3634
3682
2903
3624
3267
3584
3336
2585
3789
3854
3261
2877
2647
2717
2101
1946
1952
1343
3789
3853
3655
3403
3446
2156
1442
2103
2623
2131
1647
1542
1818
1563
1408
1585
1594
1529
1546
1337
1521
1410
1653
1665
1540
1447
1451
1657
1722
1031
1394
1388
1696
1389
1532
1609
1374
1517
1679
1388
1508
1443
1352
1445
1579
1572
1553
1580
1468
1326
1706
1537
1594
1642
1603
1713
1447
1565
1381
1571
1640
1369
1710
1652
1662
1563
4141
4303
3546
2214
2203
2314
1383
1684
1747
2036
2444
1857
1853
1606
1831
1711
1625
1536
1932
3897
3388
3616
3081
3483
4006
4115
3706
3691
3515
3231
3979
5859
3505
3335
2674
3842
3372
3648
3267
3006
3591
3025
2672
2410
1509
1708
1407
1694
1550
1606
1385
1575
1664
1393
1579
1671
1688
1631
1696
1591
1524
1698
1614
1723
1442
1509
1449
1404
1575
1522
1583
1536
1632
1373
1558
1534
1594
1482
1643
1674
1603
1699
1700
1591
1558
1440
1469
1691
1706
1452
1655
3979
1655
1563
1743
1605
1760
1405
1520
1582
1449
1607
1619
1638
1723
2261
1940
2538
3199
5021
4681
3095
3833
1174
1800
2365
1531
1664
1586
1628
1397
1493
1262
2787
2669
2719
2519
2101
3739
3760
3138
3398
3001
3374
3647
3445
2864
3031
3046
2757
2256
1794
2023
1908
1775
1605
1540
1583
1625
1524
1570
3130
3211
3365
3573
3320
3950
3644
3633
3102
3315
3168
3716
3479
3162
3467
2810
2937
2909
2813
3437
1981
3507
3155
3460
3738
1480
2996
3246
3755
2987
3329
3822
3048
3449
3466
3445
3685
3960
2752
3851
3866
3121
2579
2624
2910
2898
3128
3299
3188
3526
3768
3657
3286
3043
2910
2724
2482
2128
1956
1820
1778
1547
1653
1636
1350
1520
1581
1612
1524
1609
1557
1411
1650
1402
1541
1525
1364
1664
1478
1600
1606
1633
1662
5795
2207
1367
1395
1592
1705
2496
6219
4806
3668
4529
1805
4005
2500
1779
1213
1539
1749
1510
1681
1769
1346
1760
1619
1460
1390
1411
1387
1453
1726
1527
1556
1593
1353
1614
1578
1572
1594
1581
1530
1569
1697
1646
1517
1430
1446
1612
1782
3638
3558
3794
3520
4031
3550
3143
4103
2951
3699
2834
2736
2618
1930
1835
1831
1950
1463
1540
1583
1563
2226
2064
3760
3688
3759
2896
3341
3434
3560
3286
3459
3524
2920
3592
3168
3467
3356
2655
2841
2719
2101
2162
1613
1435
1421
1624
1679
3926
3087
2046
1573
1652
1481
1320
1612
2040
3046
2398
1881
2164
1861
1714
1490
1362
1567
1857
1453
1543
1391
1417
1460
1398
1413
1398
1421
1256
1378
1446
1482
1598
1477
1576
1323
1370
1574
1771
1568
1638
