61
53
54
53
50
56
43
30
32
27
35
34
36
35
56
66
40
32
32
37
64
72
64
57
69
76
48
72
70
38
37
35
31
34
34
34
36
32
35
31
33
33
31
36
35
31
28
30
30
32
29
28
29
30
30
32
28
29
29
30
30
27
30
30
28
29
30
31
31
28
28
31
28
30
30
30
31
29
32
31
28
29
29
31
29
30
29
30
27
32
29
30
29
27
30
31
29
29
28
30
29
30
30
29
29
27
29
30
27
26
31
31
29
30
32
31
30
28
31
28
29
30
28
27
30
29
30
28
29
30
28
30
28
29
34
30
30
28
31
29
27
27
30
28
27
28
28
30
28
29
29
29
30
30
29
30
30
28
29
30
28
30
29
30
27
29
27
30
27
28
29
29
30
31
28
28
28
31
31
30
27
30
31
31
29
30
28
28
28
30
30
29
29
33
28
31
31
26
29
29
29
27
29
31
29
31
27
27
29
29
29
30
32
29
27
28
27
27
29
28
29
29
29
29
28
29
29
27
28
29
28
27
30
29
28
30
28
29
29
29
29
28
29
29
31
29
27
30
29
28
27
28
31
28
28
30
28
30
28
28
27
27
30
29
27
30
29
28
28
29
29
31
30
28
29
30
28
26
28
29
28
27
27
28
28
28
27
29
28
29
29
33
30
29
29
29
30
28
27
30
28
28
29
28
27
29
29
29
29
29
30
31
29
30
30
29
28
28
29
29
29
30
30
29
29
29
28
27
28
28
31
28
28
29
29
29
30
29
32
30
29
29
31
30
29
28
29
28
30
27
30
30
30
31
29
30
31
29
30
30
28
30
30
31
28
27
29
30
27
28
34
32
30
28
28
28
29
30
30
36
30
31
31
29
31
34
39
53
65
62
59
46
55
58
72
53
90
63
86
101
74
71
72
70
70
59
66
58
54
73
57
50
53
57
55
64
51
57
56
57
59
54
47
53
37
33
34
35
45
69
68
67
83
62
56
53
56
54
45
51
52
51
60
65
55
51
53
55
54
56
53
49
53
54
55
52
51
52
70
51
69
60
48
34
37
36
32
35
40
33
34
36
33
35
31
33
31
36
34
31
32
35
33
37
36
34
34
37
36
35
33
36
35
34
32
35
36
32
33
32
35
33
27
28
27
27
30
29
34
32
29
30
28
26
30
28
30
30
30
28
29
30
27
36
35
33
35
37
34
35
31
34
31
32
33
31
35
33
32
28
27
30
30
27
30
30
31
37
31
32
34
32
33
34
33
33
32
30
31
34
33
32
31
33
32
31
37
41
30
31
26
29
28
28
33
33
28
28
29
29
32
31
29
29
29
29
32
30
31
28
29
31
30
29
27
27
28
34
31
36
29
29
29
27
27
27
29
28
27
29
29
29
28
29
29
29
29
30
27
27
29
29
31
33
27
27
32
30
29
27
27
28
27
28
29
27
27
31
29
30
29
30
30
29
31
32
34
30
30
29
29
29
30
30
30
29
30
29
30
31
29
29
30
30
30
32
35
30
34
33
59
64
62
61
56
60
58
57
57
59
60
65
58
35
41
43
39
31
108
80
73
69
77
71
69
61
27
27
29
29
28
28
31
29
29
31
30
29
27
28
28
32
31
29
35
32
33
30
33
33
33
31
32
33
37
33
33
36
33
31
34
33
33
34
35
33
33
33
29
27
30
31
27
29
32
34
30
33
31
33
34
32
37
34
31
34
33
33
34
34
32
34
32
35
35
33
34
36
33
34
31
36
38
39
34
31
32
28
32
29
27
32
30
31
29
32
32
30
32
32
27
31
30
30
31
29
30
27
29
29
28
32
29
33
30
28
27
30
27
29
30
27
30
29
30
29
29
28
30
28
30
31
29
33
27
30
31
26
30
30
31
29
30
29
30
29
30
30
30
29
29
30
30
28
29
31
28
30
29
27
26
29
27
28
29
29
28
29
28
28
29
29
30
30
30
27
30
26
27
29
29
30
29
30
27
27
30
29
29
28
28
29
33
29
29
30
30
31
30
30
30
30
32
34
34
28
27
30
29
28
29
30
31
30
30
28
31
27
31
30
30
30
28
29
30
30
30
29
29
27
30
32
31
27
30
29
30
28
28
29
29
30
30
27
27
29
31
30
30
31
30
33
29
26
28
28
28
27
28
30
27
30
30
29
30
31
29
30
27
27
27
32
28
28
29
29
31
29
30
29
30
30
29
30
30
30
29
31
28
29
30
29
27
30
29
30
29
29
29
27
31
28
27
28
30
32
29
30
27
28
