1215
1125
2501
2265
1107
2126
1222
1673
1233
1199
1242
1208
1216
1183
1058
786
2438
2374
2432
2933
2785
3087
2635
1566
2744
2360
1951
1709
2391
2904
2371
1117
837
2434
2628
2771
2671
2696
1683
2626
2512
2020
2342
2000
2028
1848
1380
1352
1919
1011
1159
1185
1226
1182
1243
1110
1070
1095
1313
1328
1207
1256
1250
1228
1172
1831
3186
2701
1041
1439
1812
1046
1626
1549
1933
2271
2344
1984
1944
1717
1227
1423
1078
1118
1046
1038
1049
1180
1216
1147
1157
1123
1093
1079
1519
1031
1178
1248
1362
1249
1266
1247
1255
1212
1496
1949
1281
2745
2641
2541
2430
2475
1672
2722
3001
2892
2753
2771
2696
1646
1352
1917
3241
2962
2804
2818
2131
2548
1994
2344
3233
3328
2788
1422
2744
2787
3206
4560
3847
2532
2369
2678
3880
2843
2722
2752
2412
2909
2063
2034
2146
1624
1616
1514
1296
1252
1198
1166
1308
1211
1248
1042
1197
1050
1176
1173
1093
1209
1607
1043
945
1198
1090
1268
1224
1206
1214
1113
1224
1082
1709
1985
1139
1251
1244
1162
1349
1187
1159
1118
1224
2260
1439
1175
1209
1193
1223
1059
1073
1068
1226
1108
1640
1438
1221
1222
1217
1184
1204
1127
1246
1108
1262
2210
2692
1705
1185
1075
1240
1108
1242
1223
1312
1048
1376
1772
1835
1659
2228
2458
2433
1931
1560
1511
1332
1516
1276
1281
1290
1142
1460
1832
1170
1220
1195
1061
1200
1184
1101
1053
1177
1288
1011
1337
1248
2152
2074
2999
2911
2103
1345
2489
3781
3228
3019
2836
2888
2831
2461
1835
2885
2720
2603
2793
3063
3035
2744
2846
2655
2203
2545
2833
2850
2837
2898
1158
2053
1667
1771
1343
1384
1269
1412
1934
1381
1770
2946
3051
2928
2502
3065
2627
3094
2576
3151
1728
1803
2608
2153
1925
1859
2066
1823
1657
1156
1104
1340
1169
1207
1260
1188
1252
2418
1543
3478
2198
2613
2784
2297
2384
2356
2327
1975
1611
1823
1255
1399
1449
1502
1148
1042
1248
1250
1210
1051
1328
965
1215
1364
1073
1401
1775
3227
3441
2377
2892
2011
2255
888
2344
2774
2703
2731
3146
1069
2873
2984
1902
2926
2391
1350
2351
2325
1532
1920
1777
1361
1466
2403
2326
3045
2682
2756
2086
1689
1353
1489
1492
1485
1270
1408
1320
1318
1610
1491
1518
1401
1384
1592
1475
1473
1324
2110
2995
2621
2483
2793
3314
2987
2986
2860
2911
2980
1101
2578
1936
2975
2766
2526
1980
2543
1703
2583
2535
2633
1664
2496
2301
2110
2060
1761
1848
1845
1387
1351
1109
1124
1301
1262
1136
1194
1268
1445
1295
1706
3077
1355
3433
1881
3854
2447
1264
1205
1038
1674
1769
2380
2893
1991
2438
1682
1501
1188
1425
1517
1299
1217
1271
1077
1052
1242
1311
2092
1272
1310
1066
1213
1276
1043
1076
1285
1209
1304
1186
1270
1099
1142
1973
1245
1193
1056
1301
1212
1245
1222
1174
983
1464
1121
1236
1198
1119
1318
1242
1231
1143
1090
1128
1063
1042
1200
1209
1256
1084
1028
1052
1259
1194
1338
1188
1366
1277
1250
1237
1294
1185
1229
1283
1219
1132
1117
1218
1137
1254
1332
1222
1209
1115
1190
1214
1235
1252
1073
1388
1178
1165
1123
1142
1244
1231
1254
1180
1067
1224
1284
1229
1157
1083
1035
1110
1146
1195
1143
1238
1195
1292
1034
1104
1324
1204
1249
1267
1268
1289
1195
1247
1349
1230
1246
1247
1148
1191
1390
1178
1635
1383
1018
933
1042
1463
1643
1370
1072
1152
1147
1235
1645
1752
2330
1232
1043
1246
1137
1101
1120
1172
1261
1271
1441
974
892
1222
1104
1074
1241
1165
1236
1342
1211
1181
1680
1013
1339
1038
1386
1137
1228
1138
1117
1171
1247
1069
1489
1709
1260
1902
1552
1064
1240
1237
1385
1115
1303
1028
3257
2402
1073
1217
1299
1290
1144
1042
1216
1125
2085
2787
2815
2716
2908
1916
2332
2561
1772
1759
1603
1582
1909
2788
2722
2800
2431
3132
2674
2675
2865
2858
2935
3014
2487
2920
2645
2221
1498
1990
1771
1778
1402
1191
1323
1442
1107
1339
1017
1269
1322
1174
1123
1237
1174
1359
1290
1152
1059
1525
1238
1455
1310
1794
1613
3099
1699
928
1277
882
1203
1137
1037
1218
1369
1232
1513
897
1117
1025
1087
1201
1290
1074
1250
1157
1351
1085
1337
1022
1063
1257
1130
1308
1268
1259
1068
1122
1240
1318
955
2782
2558
2651
2913
2823
1711
1343
2364
2703
2578
2926
2794
5164
2789
2526
2958
3021
2475
2717
2913
2559
2923
2450
2316
3047
1945
1697
1612
1891
2521
2758
2880
3157
2928
2975
2838
2954
2470
1828
2780
2594
2174
2231
1735
1528
1262
1419
1139
1142
1247
1239
1168
1224
1112
1248
1089
1229
1272
1001
1108
1277
1076
1200
1223
1061
1240
1306
1202
1139
1676
1103
1537
1402
1362
2404
4332
1616
1778
1406
1213
1201
1068
1289
1077
970
1013
1135
1073
1969
2789
2851
2083
955
1347
1470
1523
1308
1434
1415
1476
1300
1310
964
1221
1228
1287
1299
1214
1290
1252
1207
1310
1315
1223
1206
1283
1125
1102
1150
1192
1329
1210
1258
1304
1340
1274
1318
1779
2741
2672
2397
2343
2875
3273
2324
1516
2785
2524
3656
3174
2745
2449
2990
2743
2526
2597
2502
2693
2370
1974
2469
1052
1127
909
1157
1314
1182
1211
1155
1121
963
1073
1170
1350
1304
1108
1626
1808
1770
1637
2274
2376
2763
2478
2891
1798
2794
3152
1239
2862
2994
2521
2612
2455
956
2462
2471
2538
2536
2404
2306
1171
1174
1279
1263
1217
1240
1216
1091
1277
1164
1090
1325
918
1094
1270
983
1114
1066
1212
1100
1259
1067
1307
1175
1108
1189
1238
1239
1085
1143
1187
1217
1259
1187
1090
1318
1280
1219
1067
1088
1025
1049
1248
1074
1209
1154
1221
1190
1098
1264
884
967
993
1170
1126
1213
1238
794
1156
1176
1199
1057
1265
922
