2343
2014
1756
2009
1692
1822
1600
1829
1715
1786
1951
2036
2338
1772
2057
1060
1114
1047
979
971
972
958
977
1529
1342
991
860
1126
1015
864
896
1025
872
981
971
988
1258
1048
1670
2035
1879
1469
1354
1166
975
1042
1134
1216
1868
1705
1813
1613
1527
1716
1600
2068
1873
1367
1306
1585
1507
1346
1337
1174
1206
1843
1579
1397
1825
1281
1189
1073
1765
1810
1574
1673
1349
1332
1475
1362
1289
1120
1018
1085
991
952
933
1164
1056
1134
977
1091
1168
1094
999
1111
1120
1121
1139
1105
945
953
1070
1154
1214
1409
1862
1974
2104
2254
2085
1511
1100
1573
1771
1666
1076
1129
1084
1316
1245
1887
1035
1062
1066
1153
1078
1148
970
1042
1165
1040
1026
1013
903
1641
1709
1346
1234
1482
1534
1094
1144
1279
1026
908
844
892
1001
965
1064
1785
1503
1109
1601
1612
1174
1203
1024
969
942
950
1179
1035
868
1635
1749
1603
1414
1600
1147
1259
1070
956
997
903
981
1195
1352
1823
1912
2005
1458
1135
922
885
1020
923
2145
2620
2986
2147
1326
1616
908
1116
1024
1165
881
824
983
955
1013
1014
953
924
987
1010
972
2410
3213
3173
2539
1948
2001
1248
2905
3480
2885
1849
1765
1487
1270
1151
1204
970
935
827
953
883
881
963
1031
993
881
1194
1474
1031
998
1182
840
911
845
996
1027
983
1018
1060
1056
1204
889
1003
985
1153
1157
1167
1075
1087
1195
1154
1109
1036
1708
1800
2433
2401
2636
2760
1670
2861
2976
3457
2826
2103
1446
1185
1433
1459
1588
1341
1491
1529
1115
943
1046
988
960
938
1007
951
975
826
969
1331
1129
1073
946
959
901
958
1045
1072
1004
874
978
1108
2255
1459
967
960
1021
1009
951
1088
854
883
963
945
1007
880
899
2180
2998
2923
2677
2442
2151
1807
1443
1121
950
1004
946
1021
1013
898
1033
946
916
1585
2827
2740
2838
1902
1862
1238
4856
2458
1140
1574
1799
1961
1521
1199
906
1031
961
1018
1058
962
968
983
839
937
1040
1061
1178
2486
2549
2840
2121
1886
1656
1508
1253
1079
969
937
1143
1016
1005
820
889
879
1088
911
877
1290
2159
2255
2061
1694
1332
1346
1130
871
1019
845
1013
955
959
1006
868
1045
920
852
953
900
971
1036
861
1280
1611
1715
1119
956
930
948
1033
995
965
1087
1115
1154
994
1168
1379
3379
1141
1109
1287
1433
2025
1577
1248
1064
1016
935
1061
1663
2086
2681
2488
1923
1262
1284
1054
1080
1043
992
1571
3178
2631
2903
2039
1741
1151
1053
877
1017
971
860
948
1012
829
847
867
980
865
1085
1055
2795
2957
2612
2160
1738
1458
1045
1033
1411
3089
2671
2726
2245
2186
1158
1217
1191
905
935
975
929
931
830
934
949
823
831
963
1037
876
962
970
855
838
843
976
1029
841
909
987
1092
938
1090
1638
1643
1589
1658
1071
857
1307
1511
1517
1363
1447
1026
946
997
844
990
895
903
1247
1713
1662
1136
907
1158
1034
946
1095
913
895
1021
1087
1085
939
1025
920
1044
968
1096
864
975
1073
1020
1083
1012
1023
880
1032
1092
993
965
1102
1131
988
1080
1129
1112
944
1106
918
1080
1116
1034
1041
1135
2239
1182
1465
2342
1948
1508
2805
2374
2004
1442
1341
1075
1026
1009
1183
1035
1040
1007
918
877
1034
941
871
897
1048
913
1055
1016
973
1257
997
1025
947
871
977
1014
1077
933
990
1078
1004
975
961
1154
1121
1784
1213
907
1076
1044
1049
1122
1062
1016
1064
1090
914
1095
966
936
974
933
921
1082
949
1096
1018
1046
1032
1005
933
1522
2875
2779
2883
2839
2697
1151
1080
1193
1039
1243
1443
1997
2015
1132
1098
1468
1177
1695
1992
1234
1725
1667
1235
1220
1830
1647
1758
1808
1108
1180
1649
1154
1082
963
1057
1154
1133
1207
922
956
1261
1134
989
983
1021
923
830
953
1021
1065
872
1076
1064
998
974
1006
1058
929
934
986
1017
1039
1008
1057
940
920
929
1076
1004
1367
1577
1111
903
948
1042
1138
923
1032
929
1019
1023
992
1111
1021
1269
1430
972
1092
1229
1440
2350
1833
1248
2151
2133
1729
1296
939
931
1063
1026
1096
974
936
944
1026
937
1045
901
881
950
973
971
876
942
915
863
857
985
866
996
1007
1185
1087
882
884
1020
1082
1073
961
1018
852
877
981
945
1040
1052
1011
2083
2911
2860
2833
2231
1952
1582
3296
2967
3081
2782
3348
1413
1213
1050
898
988
900
978
987
900
841
972
1213
1012
999
1074
859
947
1012
880
1048
1009
917
986
859
919
1249
1125
1075
896
945
876
856
1037
1121
1090
1149
1115
1086
1207
929
916
891
1055
901
968
1018
1105
1095
1018
1026
934
1092
1025
947
1022
1148
1081
1137
1094
891
901
954
982
1053
1037
987
1036
1155
1010
1072
1107
1103
888
1099
873
1062
1026
1083
935
981
1029
1143
973
917
883
1066
883
1011
889
1030
1097
1047
1046
1030
1029
2023
1263
2785
1553
2061
2391
3038
2593
1788
2052
1465
937
1127
1911
2343
2125
1970
1768
1857
1814
2053
1598
988
961
1050
955
1058
939
969
970
992
939
998
1161
1230
1048
1204
1206
1505
1169
1104
976
1103
1310
1764
1650
1496
1469
989
1192
1069
1009
1103
1494
1339
1646
1535
1641
1656
1079
1387
1227
1222
1467
1819
1553
1363
1161
1371
1719
1710
1623
1693
1448
1162
1417
1497
1287
955
1348
1489
1337
1784
1956
1710
1890
1657
1683
1894
1891
1775
1920
2041
1744
1864
1764
2030
1734
1558
1721
1015
1711
1970
1975
1983
