114
100
105
106
98
100
111
110
109
96
106
104
113
107
99
108
104
115
113
113
104
97
112
116
102
118
109
107
95
231
121
109
158
144
121
117
123
117
153
99
122
95
99
106
98
112
105
101
119
94
107
107
105
99
102
124
107
98
100
94
107
101
113
113
105
97
108
109
110
109
120
109
96
109
107
110
97
108
107
99
101
105
99
112
97
108
99
110
105
105
96
104
113
105
107
109
113
97
110
112
110
110
117
111
111
112
114
113
111
104
99
117
120
115
125
120
108
112
104
118
111
113
115
122
118
123
120
111
123
121
114
116
118
99
102
102
112
103
116
109
155
128
124
106
112
111
117
100
113
110
101
104
123
139
123
113
127
113
109
113
123
112
113
116
105
109
100
112
121
109
102
117
105
112
115
105
115
114
114
107
112
104
108
125
114
113
122
110
116
111
101
106
115
114
103
112
113
109
106
113
116
116
104
102
107
110
112
103
103
120
118
111
105
111
112
105
122
110
105
109
116
109
101
112
117
104
107
121
120
112
111
102
120
104
101
109
115
117
105
117
113
119
108
110
113
103
110
157
153
104
112
123
119
114
119
107
125
125
108
106
107
124
108
104
118
122
115
116
106
121
118
119
111
122
115
114
123
115
113
108
121
114
120
120
104
116
107
113
125
120
122
114
113
117
117
117
101
113
122
110
117
109
110
116
104
114
108
106
115
114
117
119
113
113
112
119
125
116
117
108
121
124
112
114
127
115
106
110
119
119
113
112
114
117
103
127
118
124
107
129
126
121
105
129
118
117
121
121
127
116
108
116
102
108
122
120
121
112
108
106
117
112
119
123
107
118
122
118
120
119
121
108
119
117
112
121
120
113
110
124
117
117
117
148
111
124
115
103
117
121
108
116
109
116
119
103
99
115
114
116
120
124
110
108
105
118
116
126
108
109
125
113
109
115
109
115
119
104
115
115
123
111
121
123
121
116
116
120
118
118
105
123
115
108
115
117
112
103
114
111
109
117
109
112
115
109
122
121
114
116
123
126
128
116
118
120
123
123
126
109
122
118
107
123
118
119
115
120
129
124
108
120
123
103
120
126
103
120
117
105
118
105
104
126
119
114
108
106
117
106
163
123
127
107
124
129
105
118
110
131
132
100
123
117
113
114
104
120
120
107
117
101
120
117
117
115
117
121
112
120
99
108
106
117
123
117
121
112
107
115
117
109
118
110
128
114
120
117
117
120
112
107
121
114
123
109
124
117
120
108
106
116
113
103
112
104
115
116
110
109
115
118
112
108
121
116
121
122
115
102
115
116
103
118
114
124
123
110
110
123
112
111
111
110
114
117
109
114
109
113
112
106
115
103
107
115
114
123
119
214
196
114
105
111
101
104
126
102
119
110
115
121
103
109
116
108
116
109
111
105
104
103
99
115
113
104
106
95
107
105
110
105
104
112
113
110
114
97
95
109
110
111
102
103
98
94
100
108
110
106
104
113
106
107
109
106
105
93
106
108
103
105
93
105
106
113
102
109
104
104
103
106
102
99
103
107
110
106
108
106
104
106
113
116
106
100
97
106
97
109
109
100
100
115
102
100
105
110
106
108
105
100
104
109
113
106
99
114
115
99
105
113
113
125
194
199
191
208
194
186
184
179
162
185
186
176
178
185
189
178
193
179
177
195
201
115
118
104
107
114
112
117
99
110
122
114
102
112
115
113
113
118
108
120
103
107
106
106
111
113
111
111
101
104
112
125
118
114
105
110
114
113
114
117
117
111
99
106
114
113
112
116
117
114
115
121
104
112
118
120
116
118
120
113
120
119
113
113
112
117
118
108
110
106
107
116
101
116
125
109
110
122
115
167
112
105
109
108
120
118
123
108
116
120
105
115
108
126
115
117
117
121
118
105
127
114
115
118
103
116
128
116
116
116
118
119
116
114
117
116
124
119
119
118
108
129
108
107
102
104
103
128
116
115
113
114
116
117
120
119
125
117
112
129
101
99
119
119
116
108
115
118
117
120
123
120
118
110
118
107
113
121
106
115
115
126
106
106
122
123
118
106
114
114
121
119
117
118
102
112
110
106
108
116
117
104
113
122
114
117
150
124
118
116
112
117
125
123
122
123
116
125
113
127
120
118
104
101
116
124
110
118
115
125
117
117
113
114
110
116
127
113
112
105
101
115
104
109
102
127
116
119
108
117
120
123
106
117
119
111
124
119
118
119
125
126
126
120
106
125
123
117
124
123
117
117
102
127
123
103
112
127
118
123
118
122
107
123
123
120
