2876
2344
1726
1585
1337
1599
1651
1461
1639
1615
1823
2684
2675
3017
2792
2084
1955
2175
1771
1535
2024
1808
1156
1243
1111
1115
1190
1305
1260
1330
1241
1151
1064
1333
1327
1227
1146
1281
1233
1122
1240
1056
1100
2636
2701
2751
2575
2729
2363
2472
3069
2798
2782
2932
2676
2520
2762
3003
2906
3382
3808
3121
3743
3061
3508
3809
2632
2523
2759
2482
2920
2660
1164
1927
2166
1570
1547
1499
1464
1721
1770
2840
3250
2599
2972
2825
4995
2432
2260
2831
2242
2802
2616
2271
1894
1976
1900
1482
1321
1580
1340
1217
1157
1227
1216
1128
1125
1129
1462
1148
1294
1262
1163
1189
1202
1221
1207
1313
1235
1309
1154
1202
1065
1278
1194
1061
1226
1076
1218
1219
1187
1322
946
1317
1193
1071
1242
1239
1238
1242
1227
1272
2633
3274
1997
1228
1073
1240
1232
1291
1300
2207
2946
2780
2493
2825
2402
2599
2858
2508
2233
2243
3348
3924
3343
1438
1897
2535
1782
1823
1615
2796
1421
886
1386
2592
2444
2384
2753
2115
1536
1530
1110
1874
2060
1816
1546
1450
1478
1232
1119
1291
1204
1068
1152
1305
1224
1343
1126
1148
1135
1312
1063
1225
1354
1111
1042
1074
1228
1224
1185
1244
1384
893
1010
1118
1182
1222
1193
1299
1160
1053
1075
1220
1272
963
1188
1065
1149
1233
1266
1240
1258
1203
1184
1287
1152
1203
986
832
1251
1209
1107
1080
1229
1218
1222
1241
1199
1160
1131
1093
1181
1287
1349
1264
1378
1287
1122
1387
1104
2067
874
1295
1242
1274
1025
1245
1234
1097
1230
1268
1245
1055
1110
1282
1339
1248
1068
1210
1066
1333
1237
1078
2187
2785
2879
2718
2457
2575
2757
3046
2897
2716
3394
4363
3200
1494
2701
2939
2375
2517
3035
3283
2650
2560
2705
2774
2380
1921
1712
1918
1780
1722
1387
1384
1306
1007
1281
1193
1301
1237
1161
1248
1057
1253
1239
1348
1250
1386
1278
1232
1064
1240
1170
1075
1366
1229
1037
1280
1106
1235
914
1290
1063
1205
1071
1072
1216
1294
1294
1360
1372
1066
1289
1259
1308
1165
1351
1242
1284
1246
1075
1179
1365
967
1153
986
1213
1274
1199
1212
1138
1221
1103
1177
1228
1002
1047
921
1091
1253
1259
1238
1049
1196
1304
1264
1188
1103
1116
1241
1243
1230
1205
1053
1208
1246
1329
1248
1221
1092
884
977
1071
1280
1218
1127
1290
1202
1224
1199
1112
1424
1086
1052
1109
1259
1132
1280
1311
1251
1343
1181
1272
1091
1196
1050
1255
1266
1341
1100
1187
1229
1058
1068
1232
1217
1032
1476
1291
1229
1636
2576
2467
1430
995
1331
1063
1196
1263
1230
1199
1467
1119
962
1327
1282
1321
1067
1181
1105
1179
1238
1288
1809
1044
1126
1290
1236
1251
1256
1223
1140
1257
1313
1184
1097
1083
1122
1192
1049
1248
1201
1085
1183
1333
1277
1127
1240
1346
2352
2853
2899
2745
2836
2819
2593
2727
2929
2912
2422
2728
2701
2387
2358
2223
2189
1516
1900
1679
1196
1261
1062
1208
1184
1621
2199
1262
1215
1332
1163
1059
1104
1314
1178
1240
1161
1259
1124
1320
1275
1104
1246
1111
1292
1187
1115
1246
1336
1100
1164
1358
1210
1081
1289
1279
1256
1110
1115
1332
1416
1220
1210
1270
1272
1202
1291
1100
1231
1315
1207
1248
1239
1280
1158
1310
1228
1208
1902
1311
1272
1229
1458
1456
1877
1559
2660
1448
2645
2352
1572
1086
1569
1571
1014
1519
1601
2549
2742
2343
2269
2768
3045
2593
2849
2478
2390
3164
2325
2131
1962
1783
1859
1462
1335
1357
1302
1351
1178
1194
1078
1083
1185
1067
1266
1124
1233
3109
4836
2782
2786
2994
2731
2533
2431
2775
2798
2155
2494
3111
2413
2747
1888
2716
2800
2775
2789
2846
4022
2336
2385
2015
1846
1890
1458
1502
1383
1156
1067
1325
1266
1168
1304
1066
1348
1024
1143
1223
1202
1142
1366
1326
1073
1228
1200
1113
1199
923
1024
1261
1243
1287
1107
1285
1287
1254
1083
1217
1226
1113
1162
1338
1626
1695
1146
1253
1597
1449
1277
1134
1262
1024
1285
1246
1340
1119
1196
1696
1101
1180
2395
2497
2872
2790
2326
2811
2649
2716
2200
2056
2551
1932
1360
1665
1444
1323
1091
1080
1244
1308
1348
2707
2842
2997
3100
3060
2871
2957
2907
2691
2925
2538
2385
2367
2619
2205
2210
2780
2673
2780
2773
3034
4974
3286
2768
2807
2882
2269
2740
2088
2235
1887
1557
1392
1475
1431
1328
1293
1090
1225
1259
1254
1184
1245
1273
1081
1065
1319
1144
1330
1228
1140
1195
1135
1401
1327
1116
1299
1059
1345
1283
1261
1098
1068
1087
1056
1128
1232
1199
1392
2078
3431
3386
1140
1059
1086
1234
1496
3325
3988
2805
2518
2839
2839
1772
1159
2734
2593
2479
2851
2780
2589
2818
2740
3150
3045
2881
2535
2515
2559
2760
3049
2827
2714
2538
2735
2481
2933
2553
2549
2819
2652
1976
2833
2458
2449
2899
1926
2804
2701
2323
2285
1843
1701
1138
1266
1249
1461
1321
1233
1335
1203
1211
1085
1322
1068
1268
1057
1247
1264
1094
1061
1125
1370
1146
1097
1654
949
1074
1046
1198
1204
1691
2375
2680
1541
1228
1475
2772
2859
2874
2293
3608
4065
3112
3992
3917
2498
2295
2560
1359
3020
2837
2242
2108
1838
2458
888
1610
1693
1506
1386
1466
1108
1960
1194
1830
2185
2599
2162
2245
1745
1678
2876
1842
1464
1249
1225
1281
1306
1186
1235
1449
1231
1268
1245
1292
1274
1142
1235
1372
1252
1191
1215
910
1260
1342
1301
1097
1156
1246
1293
1248
1263
1213
1111
995
1056
1274
1218
1351
1296
1201
1356
1095
1315
1949
2675
2922
2362
2584
2849
1822
2513
2350
2859
2648
2600
2401
2938
2996
2536
2056
1765
1529
1610
1708
1382
1046
1058
1287
1097
1043
1319
931
1215
1318
1102
1301
1302
1101
1271
1241
1262
1658
3434
3460
3824
1760
