6537
6246
5953
4979
2191
2256
1712
1591
1432
1733
1678
1573
1483
1400
1658
1540
1237
1474
1347
1298
1435
1541
1341
1515
1468
1527
5532
3278
3140
3453
2330
2544
1481
1501
1284
1471
1278
1613
2440
3348
2864
3612
2987
3563
3457
3201
3159
1162
1307
1184
1176
1851
1513
1270
1882
1825
1260
1575
2083
2230
1418
1629
1846
1718
1750
1560
1694
1649
1482
1399
1294
1668
3744
3809
3368
4433
3440
3143
2584
2864
1841
2148
2271
2101
2255
1897
5882
2918
3309
2919
3443
3432
2879
2863
2723
2401
1481
2814
1821
1898
1179
1261
2525
1568
2387
1528
1373
1894
2541
2547
2217
1925
2689
2508
1779
1407
1590
1642
1783
2231
2883
3725
3173
2537
2765
3383
3268
2661
3053
2788
2291
1437
1621
1479
1304
1464
1601
1242
1378
2027
1628
1393
1422
1697
1100
1243
1187
1198
1168
1250
1962
1616
2090
2096
1961
2111
1874
2036
1046
1401
1427
1308
1627
1583
1501
1648
1329
1525
1463
1359
1470
1293
1470
1479
1296
1484
1605
1418
1298
1524
1535
1310
1457
1624
1629
1544
1515
1291
1272
1496
1195
1116
1265
1483
1352
1545
1491
1277
1497
1484
1511
1611
1681
1594
1529
1552
1506
1350
1470
1482
1468
1467
1527
1281
1406
1605
1523
1576
1379
1320
1087
1371
1485
1311
1297
1440
1582
1460
1544
1454
1630
2803
2910
3421
2842
2070
2139
1555
1584
1381
1454
1432
1417
1376
1594
1519
1513
1434
1495
1624
1284
1516
1512
1390
1547
1340
1614
1463
1508
1643
1512
1538
1677
1612
1257
1186
1181
1247
1539
1521
1608
1605
1437
1392
1587
1500
1287
1596
1660
1242
1263
1239
1508
1473
1432
1521
1576
1381
1479
1144
1362
1529
1487
1275
1405
1276
1506
1267
1621
1854
2076
1124
1435
1660
1508
1511
1512
1242
2523
1438
1943
2236
2064
1689
1874
3348
3614
3399
2903
3101
2854
3368
3455
2878
2709
2739
2884
3142
2731
3424
2233
2776
3064
2905
2392
3169
3324
3572
3314
2563
3376
3458
3413
4046
5313
3362
3546
2769
2769
2210
2398
1655
1398
1639
1534
2340
2016
1287
2025
1494
1804
1561
2311
2983
3785
2772
1069
3243
3207
2961
3024
1272
1863
3040
3641
2990
3044
1580
943
2208
2105
2220
2449
2176
1919
1897
2387
2741
2399
2372
1959
1732
1492
1641
1640
1516
1504
1426
1543
1476
1390
1276
1484
1390
1460
1276
1500
1559
1644
1501
1388
1600
1316
1564
1586
1555
1522
1476
1747
1486
1285
1387
1534
1445
1501
1432
1556
1573
1497
1552
1260
1370
1397
1567
1277
1298
1330
1485
1505
2232
3243
3514
3381
3257
3766
3339
2880
3017
4629
4371
3694
2751
1813
1854
1419
2211
1166
1421
1186
1428
1957
3057
2671
1110
1415
1330
1006
2984
3421
3638
3346
2077
3163
3823
3660
2424
2197
3607
3604
3386
2529
2212
2270
2141
1724
1575
1655
1545
1458
1557
1231
1500
1371
1373
1452
1468
1431
1376
1648
2863
2859
3036
3227
3277
5768
3876
3083
3210
1896
2299
1326
2576
2287
1965
2061
1780
1941
1308
3010
2940
2947
1554
1594
1657
1521
1528
1712
1412
1264
1367
1505
1313
1766
1917
1152
1339
1198
1331
1693
1414
2104
1814
2077
2530
1247
2022
1316
1470
1743
1563
1531
1503
1886
1801
1634
1687
1577
1730
2154
2114
1917
1617
1628
1420
1241
1186
1111
1332
1551
1837
1819
1094
1339
1144
1128
1240
1328
1157
1456
1264
1449
1152
1089
1576
1591
1510
1522
1489
1294
1515
1259
1255
1610
2094
2028
1648
1269
1337
1282
1298
1386
1109
1556
1251
1501
1368
1430
1392
1364
1612
1538
1382
1519
1357
1446
1326
1455
1322
1478
1450
1110
1382
1181
1336
1482
1456
1466
1504
1334
1501
1407
1564
1469
1252
1347
1277
1560
1365
1463
1474
1489
1465
1285
1199
2548
3352
3254
2700
2956
4970
3334
3133
2969
3170
2735
2286
2446
2190
2037
1770
1270
1223
1464
1637
1522
1075
1269
1476
2589
3236
2842
1097
3234
3346
3365
3636
1117
1648
1948
1867
1954
1793
1463
1351
1433
1280
1591
1426
1514
1609
1503
1551
1366
1585
1307
1365
1332
1306
1619
1317
1562
1461
1544
1514
1613
1456
1499
1403
1313
1495
1573
1458
1309
1722
3129
2870
3526
3196
3635
2986
3397
2917
3192
3357
3264
3050
2683
2064
2383
1729
1577
1565
1374
1355
1454
1283
1483
1476
1575
1437
1488
1480
1541
1468
1490
1350
1505
1500
1640
1586
1469
1393
1328
1552
1351
1624
1501
1642
1444
1425
1466
1401
1580
1526
1554
1480
1495
1488
1409
1080
1670
1723
1835
1353
1246
3075
2886
2868
3309
1135
1770
1834
1724
1498
1734
1569
1426
1524
1150
1498
1512
1407
1480
1320
1256
1428
1436
1362
1400
1271
1495
1579
1446
1515
1530
1573
1466
1436
1474
1454
1442
1492
1408
1417
1455
1455
1514
1194
1461
1616
1429
1616
1477
1484
1278
1535
1527
1460
1456
1486
1143
1498
1488
1442
1253
1561
1438
1609
1617
1396
1137
1365
1492
1275
1558
1232
1487
1491
1515
1460
1299
1478
1482
1547
1587
1343
1611
1524
1571
1701
3307
3197
3461
2837
2235
2833
3271
2697
3284
2292
3138
3346
2937
2731
1883
1526
1852
1636
1499
1337
1276
1303
1607
1625
1406
1505
1623
1442
1206
1294
1298
1391
2726
2999
2587
2326
1470
1594
1611
1630
1400
1591
1355
1327
1464
1313
1113
1401
1584
1670
1469
1332
1286
1522
1538
2444
1245
1604
1766
1322
1565
1545
1444
1517
1420
1267
1356
1583
1412
1468
1438
1471
1609
1458
1431
1564
1432
1145
1416
1316
1669
1551
1645
1295
1304
1570
1376
1602
1343
1490
1277
1556
1553
1394
1549
1477
1269
1466
1251
1281
1352
1391
1435
1294
1436
1331
1270
1376
1262
1493
1276
1507
1494
1387
1474
1425
1546
1216
1601
1328
1476
1246
1429
1351
1363
1428
1496
1349
1522
1586
1412
1565
1346
1452
1606
1295
1907
2240
2951
3263
