233
265
279
255
263
392
261
236
267
249
272
272
259
267
263
264
242
281
282
278
261
267
288
269
270
238
277
278
272
290
247
276
274
256
285
271
269
271
280
240
237
256
277
271
269
289
251
287
287
270
265
265
270
254
424
284
282
238
269
260
243
281
260
273
280
263
237
234
265
224
229
261
219
262
266
251
234
263
256
248
239
257
246
253
253
240
275
274
258
257
277
225
253
236
262
264
267
248
285
262
275
253
266
269
265
376
272
253
240
272
258
244
257
265
260
246
265
254
261
263
279
270
283
277
256
260
273
271
257
248
270
252
251
264
279
264
281
267
234
260
270
255
283
253
249
267
275
291
275
273
275
281
253
242
289
250
413
302
294
279
299
464
506
440
313
310
303
278
283
288
285
411
445
336
368
320
348
383
312
290
293
285
259
249
249
265
258
293
263
253
274
286
305
248
253
277
264
264
239
235
260
229
263
255
237
252
240
269
266
240
239
254
273
236
249
258
262
355
273
253
252
267
233
258
274
253
328
287
275
357
240
265
264
275
278
271
269
251
278
253
271
241
295
302
284
267
299
289
267
282
283
270
302
302
282
267
282
288
245
280
284
297
241
276
367
502
531
491
427
271
275
268
226
230
258
273
294
305
301
307
278
291
294
295
244
261
243
260
248
255
256
255
262
272
272
266
265
255
257
243
236
234
258
228
233
230
223
222
235
282
262
241
260
264
227
258
260
255
260
280
248
263
241
230
227
251
257
266
284
234
274
368
288
273
267
285
280
254
256
247
242
235
263
258
260
259
249
229
259
259
259
240
233
217
262
218
255
223
251
251
266
265
251
248
256
253
266
231
269
243
249
282
242
269
289
265
235
260
258
274
235
290
276
272
264
267
317
303
258
282
253
301
271
251
259
276
269
244
269
271
273
268
269
260
284
285
279
264
246
284
267
254
286
275
269
275
277
268
269
250
276
281
251
244
251
239
283
265
244
271
268
267
272
255
300
248
260
279
253
271
296
320
304
247
282
266
295
275
255
270
275
245
291
301
307
299
280
248
260
303
280
258
275
244
282
249
289
256
242
273
281
251
286
252
272
275
286
272
250
289
276
259
269
282
241
249
286
274
272
331
301
247
240
293
304
272
281
246
291
261
275
278
257
255
296
278
272
245
289
293
295
283
288
286
299
245
271
259
244
245
278
293
249
300
284
282
238
277
306
278
305
265
288
267
273
281
294
474
284
288
246
287
268
253
290
288
252
263
272
267
265
256
279
247
267
289
264
306
293
309
246
263
276
307
283
260
294
285
294
281
278
239
272
275
252
278
296
260
248
278
299
257
282
272
258
335
269
290
253
280
262
289
289
282
260
280
272
270
283
239
275
282
281
286
276
279
268
241
264
270
260
297
273
267
257
312
278
288
303
282
251
269
282
273
278
277
277
271
284
304
287
248
256
293
316
280
285
293
270
253
277
273
248
281
268
262
248
280
279
262
272
275
254
243
249
282
260
270
278
279
282
252
282
265
287
271
259
266
245
241
291
263
268
273
273
276
259
296
258
269
260
283
275
279
276
286
270
276
260
275
263
273
257
281
288
283
256
273
270
283
292
302
271
244
273
255
281
288
264
282
243
272
266
245
276
286
279
270
245
277
279
266
277
252
263
275
248
276
266
255
263
272
287
287
270
242
279
286
267
269
258
301
265
244
271
244
297
244
257
254
292
287
291
250
252
244
273
294
259
276
294
299
272
244
254
272
260
281
243
281
249
257
252
267
279
287
253
248
277
262
282
242
242
293
319
270
267
329
303
289
290
311
365
292
260
520
292
421
319
322
362
364
314
309
306
324
295
317
345
386
367
293
270
294
309
260
316
275
264
317
258
299
286
263
269
277
243
248
251
214
216
225
255
258
252
239
245
256
233
255
250
226
239
285
246
273
239
360
410
364
355
254
256
257
256
298
248
240
265
275
239
253
223
223
256
229
247
249
231
233
259
286
266
268
238
284
252
265
259
263
285
268
275
293
236
272
265
240
278
243
280
275
267
282
283
277
278
252
447
315
285
288
296
312
274
286
280
284
288
264
295
290
256
295
287
249
312
293
315
281
283
260
290
274
282
245
292
288
287
294
315
281
277
250
279
285
273
249
287
311
276
268
282
244
272
313
310
269
262
267
288
266
296
260
246
241
279
295
242
246
296
279
271
291
296
253
288
262
291
292
280
289
285
287
248
282
283
302
291
295
291
256
288
248
305
298
274
286
302
267
290
274
306
280
275
254
395
508
514
517
