1867
1611
1262
1649
1452
1674
1665
1529
1690
1762
1724
1246
1711
1838
1455
1879
1446
2470
3642
1484
2912
3395
3988
4081
3365
3836
3965
3474
2804
2740
2293
1807
1795
1730
1362
2027
2934
2256
1839
1616
1598
1688
2116
3215
3528
2262
1567
1483
1579
1559
1442
1449
1682
1678
1275
1502
1558
1486
1799
1702
1692
1773
2285
3300
3772
3492
3753
3887
3833
4060
3938
3102
4100
4104
3228
3447
3250
4270
3096
2426
2578
2108
2026
2109
1892
1676
1473
3600
3048
3481
3328
3976
3668
3320
3896
3585
3836
3603
3009
2749
2201
2220
2111
1638
1791
1518
1702
1653
1865
1679
1668
1690
1496
1888
2929
3436
2162
2956
3611
4022
4042
1574
2799
3657
3503
3379
1383
2262
2098
1854
2267
2166
1679
1820
1662
1707
1928
1929
1864
1508
1674
1566
1472
1710
1739
1742
1515
1747
1699
1653
1625
1388
1742
1664
1701
1826
1561
1539
1467
1672
1601
1729
1855
1719
1720
1712
1537
1827
1576
1583
1894
1283
1663
1701
1770
1535
1497
1396
1608
1709
1477
1728
1490
1690
1819
1555
2601
2841
2444
3790
2990
3353
3325
3297
2706
2619
2092
2852
1798
1649
1477
1573
1716
1757
3909
3708
2933
3591
1648
1854
2581
1773
1688
2325
2784
2368
2574
2081
2221
1280
2263
2281
2385
1950
2193
1878
2111
1576
2328
2349
2443
1731
1886
2713
2906
3876
5536
2955
2833
3826
3311
2783
2027
1213
2628
4047
4313
3387
4089
3873
3946
2233
3299
3010
2696
2445
1875
1289
1612
1471
1645
1649
1766
1670
1655
1505
1521
1651
1438
1561
1668
1765
1670
1662
1775
1284
1739
1490
1531
1447
1694
1582
1826
1273
1729
1563
1486
1463
1645
1637
1635
1618
1711
1547
1554
2217
3403
1993
1609
1646
1458
1748
2466
2544
1820
1794
1671
1552
1696
1798
1701
1671
1801
2157
1694
1516
1684
1787
1728
1673
1470
1466
1660
1669
1668
1654
1597
1434
1707
1735
1488
1482
1477
1707
1544
1660
1744
1677
2543
2281
2544
1485
1755
1775
1804
3189
2223
3325
3815
3827
2926
2813
2833
2149
2160
1892
1333
3232
3402
3771
4402
3676
4094
4107
3641
3337
3900
3521
2693
2376
3654
3122
3207
2837
3510
3710
3286
3337
1638
4710
3650
4895
4804
3643
4375
3460
3978
3824
4044
2722
1822
1784
1859
1812
1471
2221
1868
2225
1491
2188
1638
2118
1234
1602
1727
1676
1771
1630
1878
1938
1579
1477
1452
1435
1364
2044
1677
1852
1780
1958
1727
1725
1404
1617
1879
1641
1788
1598
1802
2542
2092
1437
1448
1671
1783
1430
1498
1529
1781
1784
1751
1448
1841
1788
2231
2043
1504
1685
1728
1594
1660
1593
2027
2095
1822
1627
1464
1782
1437
1456
1221
1647
1692
1799
1760
1571
1448
1380
1441
1494
1502
1790
1842
1935
1891
1876
1664
1711
1807
1620
1636
1878
2036
1720
1734
3318
3976
3943
2317
1315
3385
3162
3605
3305
6681
3749
3691
1452
3585
3509
3931
3351
3091
3889
3850
3324
2484
2683
2003
2032
2013
1811
1751
1674
1448
1790
1654
1679
1678
1665
1618
1310
1707
1816
1872
1458
1478
1526
1732
1875
1637
1459
1650
1649
1426
1700
1764
1567
2685
1576
3522
4060
3566
3436
3531
4143
4083
3693
3512
4058
4435
3443
4080
4141
3824
3637
1768
3866
3963
1467
1939
1665
1541
1511
1746
1335
1907
1490
1735
1742
1736
1717
1794
2652
3853
3874
3557
3932
3879
3741
4098
2652
3288
3870
3765
3277
3572
3783
3592
4091
3686
3466
4031
3847
3403
3725
3748
1780
3655
3021
3487
3567
3702
3699
3665
4958
5400
3615
4076
3273
3492
3298
3456
3454
3762
3209
3709
6221
3410
4299
4665
5393
2643
3447
3141
2579
2381
2156
1463
1427
1486
1791
1613
1490
1823
1495
1687
1728
1499
1661
1784
1753
1788
1671
1703
1682
1343
1715
1719
1785
1669
1546
1535
1685
2215
2023
3809
3252
3854
3910
3840
3617
3962
3713
4058
3021
3558
2449
2233
2040
1986
1880
1725
1710
2803
1771
1690
1714
1853
1708
1841
1701
1727
1671
1704
1684
1518
1715
1581
1565
1548
1476
1538
1530
1741
1516
1690
1682
1809
2286
3369
3866
3045
4300
3442
3289
2232
3718
3634
3623
3322
2856
3786
3701
4461
1350
2939
3868
3761
2951
1746
2208
2141
1923
1881
1665
1457
1544
1394
1866
1744
1771
1741
1658
1875
1662
1590
1236
1735
1579
1691
1601
1776
1804
1852
4071
3497
3815
3266
3763
3522
4073
3298
6583
3523
3835
2983
2432
1798
1911
2027
1769
1647
1741
3194
3302
3556
3500
3546
3610
3983
3946
4848
2670
1751
2117
2247
3957
3845
2043
3555
3954
3850
2521
1382
3761
3571
3862
2813
1220
3389
3352
3208
4150
3591
3831
3977
3319
4029
3678
3572
3381
2613
2668
2153
1924
1903
1629
1616
1462
1459
1687
1839
1538
1695
1722
1708
1612
1562
1706
1575
1585
1751
1251
1338
1616
1687
1731
1669
1697
1558
1784
1912
1905
1625
1701
1675
1448
1702
1541
1709
1669
1431
1434
1506
1673
1647
1789
1414
1648
1606
1714
1539
5106
3686
3770
2195
1963
2311
4222
4773
3614
4078
3421
3637
3427
2790
2717
2395
2528
3823
3960
3066
5849
3804
3874
2024
3223
3060
2274
2541
1662
1732
1592
1668
1537
1673
1479
1636
1735
1503
1506
1326
1691
1859
1823
1699
1641
1817
1993
3726
3725
3998
3881
3786
3883
3790
4313
3826
3828
2819
2671
2101
2030
2256
1694
1767
1646
1707
1692
1651
1716
1882
1769
1455
1694
1517
1577
1388
1512
1787
1801
1619
1719
1815
1693
1918
1253
1668
2005
1393
3240
1796
1685
2509
2286
3884
4042
3633
4078
3365
3648
3407
4103
3520
2564
2314
3420
3277
3197
2381
2134
2100
1584
1666
1471
1431
1626
1504
1689
1501
1680
1433
1434
1654
1669
1452
2194
3492
3368
3859
3701
3262
3843
3757
3657
3597
3620
2844
2632
2910
2147
1815
1476
1879
1668
1791
1480
1494
1599
