995
995
982
990
1048
995
1129
955
935
966
948
1211
1125
1568
1010
1213
1372
970
1170
1042
1077
1004
1043
1052
1143
3530
2814
3215
2424
2112
1571
1280
1204
931
948
951
1056
1054
1066
837
978
847
911
840
991
1022
1070
1205
996
912
1045
1139
951
1119
970
1011
1048
1071
1137
957
951
1100
1050
1040
1107
947
1058
1076
1072
1172
1149
1069
926
1060
905
1140
971
1072
1070
901
1153
1162
1000
908
1071
1634
2399
4512
2678
2983
2554
2428
1576
1676
1332
1185
973
1005
932
957
951
952
979
1062
991
975
846
847
1018
856
1065
893
895
1084
1002
1026
1005
1040
1373
1254
1194
1400
1363
1130
1099
1317
977
1220
1225
1339
1293
1117
932
1220
1595
1108
1129
990
944
968
915
898
1012
996
981
1031
1003
913
1017
1176
1769
2678
2691
1969
1977
1142
961
1082
1127
1047
994
897
885
877
1030
1050
1014
947
1037
1008
931
1068
1190
949
1080
944
1079
1084
956
1099
1107
1811
1144
1065
1145
1073
913
1090
2023
1234
1117
1105
1091
1026
1062
1062
1089
1116
1059
948
2553
3015
2596
2785
2192
1806
1179
970
909
943
1044
863
973
964
970
976
992
1022
965
916
986
1726
1144
1118
976
1125
1103
1087
909
1056
1170
1075
1171
1679
1683
4894
5319
3997
2453
1006
1172
954
887
954
989
913
1053
878
1475
938
1016
1042
1126
945
878
1006
942
1039
978
921
1039
1034
1557
1179
1091
1009
1044
1076
953
993
893
1035
935
1123
1048
934
1065
1167
1241
1194
1249
1125
1177
1230
1285
1289
1476
1528
1085
1063
1217
1140
1117
1459
1268
1104
1001
968
1134
1201
1153
1169
1053
944
1001
968
1014
1540
1132
1006
934
1120
1128
1105
1116
1071
1180
1158
1192
1075
1303
1812
1118
1083
1167
1108
1107
1107
1182
1207
1037
1091
979
1809
1272
1343
1204
1163
1142
1070
1027
936
1037
1090
1006
952
1037
1088
892
998
1015
992
974
873
1024
915
1117
1065
1023
1227
1250
4164
3192
3117
2040
1980
1504
2113
1071
1065
996
1110
968
990
988
908
1070
856
875
1008
3206
3021
3026
2419
2102
1682
1403
1010
993
1033
910
1007
1000
1048
993
841
923
1038
1049
1003
997
1047
1013
1018
996
947
926
991
1039
1075
1021
1103
1087
1077
944
1985
2857
2727
3037
2711
2185
1182
1430
1228
1263
1278
1138
1108
1355
1579
1192
1270
1061
1473
1262
1136
1455
1564
1447
1490
1355
1617
1151
1395
1264
1448
1127
1979
3112
2955
2626
2949
2239
2197
2403
2036
2245
1594
1322
1011
1318
1233
1470
1342
1413
1371
1487
1401
1244
1528
1046
1248
1445
1341
1391
1190
1149
1360
1354
1384
1280
1264
2013
1875
1284
1306
1221
1342
1456
1339
1334
1342
1142
1690
2859
2837
2662
2725
2502
1276
3327
3536
2805
3035
2988
3093
3131
3036
2851
1292
2633
3155
3071
4454
4141
2771
2659
2813
1765
1022
1253
1600
1580
2474
2811
2707
1423
1253
1229
1453
1844
1608
1231
1210
1189
1865
1627
1817
1888
1363
1151
1159
1469
1352
1289
1249
1223
1169
1318
1335
2529
1452
2147
3373
2883
3235
1307
1222
1243
1772
1713
1787
1790
1406
1236
1121
3209
2839
3166
3023
2764
2084
1888
2630
3104
2898
2954
3776
2392
3748
1581
1759
1745
1189
1135
1088
1171
1269
1243
1367
1197
1445
1194
1324
1132
1276
1267
1247
1303
1340
1434
1455
1528
1373
1307
1359
1031
1345
1311
1144
1236
1405
1199
1422
1418
1249
1456
1222
1209
1354
1314
935
1408
1381
1199
1455
1111
1312
1277
1467
1246
1299
1513
1189
1230
1320
1401
1137
1220
1532
1323
1388
1376
1231
1462
1218
1419
1434
1315
1115
1221
1381
1562
1318
1406
1160
1223
1419
1425
1122
1403
1360
1404
1245
1399
1549
1227
1340
1340
1413
1407
1471
1265
1479
1393
1274
1908
1090
1304
1322
1388
1394
1462
1324
1253
1348
1291
1508
1047
1179
1431
1268
1375
1227
1400
1344
1190
1787
2985
2653
3041
2978
2593
3466
2101
1818
1109
1961
1932
2051
1586
1786
1348
1433
1460
1331
1377
1426
1228
1427
1349
1206
1097
1412
1348
1325
1266
1256
1311
1339
1304
1328
1224
1113
1258
1192
1473
1152
1453
1326
1194
1554
2409
2574
3173
3407
3157
3200
3087
3153
2987
2972
4110
3805
2672
2441
2819
2448
3314
3721
3450
2887
1430
1963
1338
1170
1583
1260
1059
2744
2578
3001
3094
3071
2500
2527
2299
2074
1898
1569
2601
3143
3245
2614
2062
1087
2762
3156
3031
3321
3024
1783
2126
1865
1448
1401
1419
1526
1444
1178
1175
1379
1182
1243
1305
1320
1233
1321
1240
1361
982
1405
1453
1357
1476
1178
1393
1510
1322
1373
1288
1372
1429
1221
1444
1510
1357
1186
1215
1306
1499
2026
1188
1228
1193
1155
1205
1227
1372
1412
1251
1130
1085
1661
3015
2548
2765
1955
2694
2257
1775
1183
1432
1331
1266
1252
1209
1329
1440
1383
1366
1268
1348
1243
1175
1476
1357
1409
1137
2344
3399
3312
3442
3655
1249
1261
1795
2478
1682
1326
1615
1518
1725
1610
1429
1692
2154
1026
1182
1388
1335
1213
1292
1167
1402
1391
1361
2106
1442
1377
1230
1307
1169
1262
1334
1337
1154
1219
1609
1116
1391
1493
1602
1125
1618
1513
1528
1524
1256
3045
2902
2788
2670
3192
2807
3189
3031
2804
3069
1482
1636
1125
1286
1183
1191
1142
1204
1259
1435
1311
1261
1793
1586
1009
1233
1274
1374
1159
1299
1351
1240
1997
2859
1549
2283
2321
2635
1479
2235
1964
1648
1432
1641
1394
1250
1242
1470
1354
1293
1233
1430
1007
1360
1195
1494
1456
1345
1777
1951
1379
1419
1396
1385
1209
1154
1153
1201
1363
1298
1297
1321
1292
1272
1384
1221
1343
1242
1422
1478
1231
