1421
1311
656
543
716
1167
883
684
687
692
644
585
656
1139
1177
1241
1221
764
1218
1138
773
730
620
572
677
674
732
713
733
1075
1136
588
658
687
618
699
599
613
685
684
660
581
657
679
625
708
692
658
607
692
595
631
835
2759
1700
1166
648
742
720
1037
730
793
1110
646
739
574
483
485
1340
1501
1293
1305
1402
1268
579
1442
1548
653
489
572
718
881
968
1144
929
1060
1132
1084
1079
986
850
743
1209
569
512
729
676
768
665
791
723
678
806
599
706
602
584
499
628
667
698
652
1051
982
528
558
683
586
707
662
590
1112
1033
707
737
676
668
623
588
645
697
689
833
1222
1058
1225
1100
671
673
611
790
1207
850
604
652
641
616
610
577
699
615
557
632
694
657
590
667
654
667
538
643
672
666
587
661
706
659
644
1411
1317
1361
1535
1548
1107
704
665
571
718
677
573
682
791
749
803
749
708
1004
1067
710
839
842
805
836
794
890
567
672
582
605
627
641
572
686
654
764
582
1039
1547
1532
1660
1601
1579
1532
1406
1547
1079
995
1492
1514
1545
1433
1545
1291
1411
1552
1645
1951
1116
1182
1151
1218
1052
1056
917
848
867
947
573
676
731
668
680
732
713
664
679
501
564
605
646
643
698
688
589
662
668
658
677
620
582
536
650
643
635
572
635
657
648
643
660
642
621
655
640
634
678
660
586
647
750
612
548
648
643
701
631
538
667
605
734
602
601
613
555
624
661
922
608
1435
1628
1325
1272
1349
1497
1529
1725
584
471
1025
1244
1351
1475
1231
1227
1253
1267
1132
1047
1104
725
561
636
716
670
718
682
715
699
683
737
672
639
723
657
665
626
737
653
460
725
729
580
663
573
668
699
626
622
582
675
676
717
636
662
676
649
624
676
643
717
711
584
719
642
638
657
676
610
609
606
630
649
661
669
589
716
707
675
638
660
707
632
765
812
736
784
820
793
754
745
803
800
737
836
811
732
704
748
705
712
1272
950
1455
1456
1398
1550
1440
1426
1585
1767
1038
1231
895
979
852
771
819
808
852
918
867
826
660
639
680
723
548
547
661
657
712
635
680
580
606
705
688
655
617
646
637
578
593
586
701
680
668
963
1475
1395
1434
1395
1582
1448
1319
1375
1359
1092
1310
1466
1439
1396
1489
1539
1441
1621
1458
1924
1423
1400
1405
1260
1265
1050
1226
1020
1129
892
887
454
589
569
659
670
694
691
688
654
747
673
672
647
652
728
658
644
700
614
996
975
932
835
525
585
606
523
647
810
595
556
531
720
782
720
628
551
631
653
576
738
658
665
702
696
667
711
702
712
822
1270
1979
675
1395
1352
1595
1511
1602
1480
1474
1442
1456
1292
1019
1570
1638
1482
1509
1476
1507
1561
1620
464
476
937
1282
1514
1459
1071
1041
1205
1119
1441
1395
1565
818
1304
1520
1581
1540
1482
1405
1470
1401
1215
1119
1398
1477
1435
1409
1280
1499
1496
1449
1915
2754
2265
1461
1458
1508
1478
1490
1361
1351
1140
1235
1152
1058
946
810
958
929
916
897
684
747
748
726
700
611
669
691
636
696
683
675
603
716
691
633
654
663
665
613
678
620
684
572
525
619
693
648
650
634
661
771
598
574
617
510
547
584
456
550
693
678
600
699
816
928
832
842
875
757
580
688
720
647
579
603
631
664
650
597
581
672
657
781
742
810
1576
1526
1512
1381
1542
1316
1584
1585
989
565
627
511
704
538
669
683
1928
565
530
590
644
554
582
718
575
576
791
582
524
970
981
955
895
999
986
808
663
1026
608
547
419
926
1291
1520
1371
1415
1472
1486
1301
1583
1092
1233
1708
1710
1388
1386
1304
1132
1234
1181
1096
1268
2509
1736
1487
1556
1568
1395
1458
1259
851
1503
1467
1460
1567
1478
1457
1448
1291
1539
1589
1336
1348
1364
1554
1535
1506
1343
1639
1504
1469
1216
1397
1438
1150
1249
1254
1167
1108
1548
1921
660
514
446
1512
1503
1595
1490
1274
1467
1554
733
1378
1373
942
1473
1472
1484
1406
1391
1622
1358
1472
1564
1512
1244
1517
1443
1359
1522
1310
1494
1488
1475
1572
1625
1415
1601
2647
2535
1570
1361
1393
1484
1461
1495
1583
2256
2334
1279
1436
1315
1501
1005
1148
1157
980
944
543
546
760
685
842
1831
1314
1282
2013
638
866
1483
1094
1227
1009
823
842
1651
1087
1074
1010
633
1348
950
1475
1410
1375
1556
1406
1392
1526
1578
849
488
640
1175
1211
1080
1281
859
922
973
878
834
962
751
692
596
530
714
637
584
705
603
648
577
640
671
689
565
622
635
672
657
667
688
659
721
590
690
617
701
548
659
705
627
654
660
666
713
588
647
647
672
655
589
690
693
636
622
709
673
552
760
516
543
648
600
601
602
624
581
628
575
644
681
602
638
580
616
693
617
781
871
458
580
567
675
670
650
656
674
673
664
693
625
576
690
680
661
692
671
607
619
647
626
443
737
649
694
667
723
668
605
641
609
764
1135
1384
1216
1234
1364
583
521
1612
1515
1211
1269
1479
1333
1415
1277
1490
1139
1398
1409
1330
1418
1436
1364
1499
1259
1096
