1425
1508
2705
1481
2778
1660
2043
2970
2572
3401
2738
1958
2160
2253
1369
1479
1681
1715
1539
1339
1605
1560
1679
1090
1575
1469
1504
1634
1627
1385
1416
1607
1442
1659
2180
3284
3797
2942
2982
3431
3601
3244
2673
2802
2552
1965
2032
1891
1725
987
1387
1343
1384
1637
1429
1634
1569
1335
1785
1355
1370
1401
1387
1707
1359
1344
1370
1428
1670
2582
1553
1598
1619
1625
1629
1569
1603
1276
1591
1556
1605
1430
1640
1624
1644
1543
1563
973
1127
1552
1673
1579
1669
1344
1647
1521
1425
1310
1542
1647
1502
1516
1526
1588
1606
1763
1888
3361
3775
3081
2561
2002
3277
4003
4237
3158
1891
2183
2170
2476
2603
3206
3190
3816
1339
1634
1851
2029
1993
1714
1374
1625
3035
3340
2180
2897
2446
3088
1868
3564
2682
2431
2515
1770
1880
1747
1933
1508
1490
1403
1560
1562
1675
1606
1612
1622
1706
1727
1605
1541
1368
1559
1551
1492
1435
1558
1414
1583
1323
1568
2475
3474
3074
3428
3504
2459
3663
3806
3194
3616
3669
3672
3755
3345
3622
3822
3391
2006
1646
2477
1450
2095
4162
4270
3681
3185
3777
3885
2654
2624
2184
1900
3670
3718
3618
2706
2990
3480
3807
3481
1980
2317
2308
2161
1775
1519
1993
5854
3521
3552
4085
3728
3302
3732
5226
3806
3345
3079
2606
2278
2261
1565
1655
1851
1617
1709
1439
1315
1613
1554
1542
1571
1580
1610
1331
1577
1443
1575
1645
1397
1466
1576
1361
1644
1103
1643
1715
1600
1490
1423
1680
1642
1375
1602
1615
1613
1504
1557
1445
1591
1637
1398
1939
1660
3192
1827
1817
2069
2897
2005
1430
1698
1493
2119
3625
2518
3273
2265
2845
2257
1723
1334
1582
1440
1424
1420
1585
1606
1498
1554
1487
1587
1588
1457
1554
1357
1444
1511
1628
1514
1504
1384
1508
1611
1608
1516
1374
1547
1491
1375
1705
1648
1624
1519
1445
1455
1568
1334
1463
1767
1363
1545
1845
1766
1574
1324
1686
1298
1166
1296
1534
1485
1642
1683
1641
1655
1774
2488
2387
2259
2376
2369
1202
1386
1280
1594
1623
1401
1562
1291
1557
1555
1576
1708
1980
1363
1386
1994
1990
1788
1433
1984
1990
1505
1730
1964
1605
1622
1731
1460
1665
1585
1543
1566
1571
1680
1328
1507
1539
1631
1924
1523
1650
1856
2108
1487
1979
1954
2070
1743
1888
2204
2096
1194
1483
1345
1304
1435
1532
1601
1477
1648
1569
1611
1571
1698
1598
1544
1536
1709
1435
1352
2476
2296
1465
1442
1582
1444
1406
1329
1613
1565
1569
1539
1622
1365
1688
1541
1528
1476
1764
2201
3015
3460
3048
3155
3324
3660
3728
3063
3205
3128
3507
3454
3265
3787
3502
3672
3304
3920
3509
3286
2646
2410
1679
1855
1822
1614
1552
1342
1844
2451
2317
2008
1618
1567
1408
1562
1734
1610
1352
1553
1438
1491
1532
1539
1364
1391
1639
1615
2446
3254
1589
1525
1951
1402
1358
2599
2030
2076
1585
3210
2996
3317
2795
1942
3780
3715
3690
2858
3249
3176
3605
3722
2254
1313
3707
3490
2977
2174
1993
3196
3585
3633
2330
3110
3118
3299
3731
3080
3150
3672
2870
2692
1934
2234
1771
1683
1407
1613
1525
1471
1540
1706
1528
1385
1566
1334
1562
1377
1326
1622
1601
1672
1459
1558
1620
1355
1490
1464
1403
1344
1609
1557
1537
1471
1498
1574
1745
1492
1449
1566
1352
1520
1593
1638
1645
1689
1439
1746
1427
1790
1828
2107
1540
1555
2957
3387
4289
4336
2588
2436
2787
2141
2302
2651
2137
1535
1374
1461
1354
1590
1575
1649
1629
1820
1360
1709
1531
1540
1390
1367
1604
1403
1455
1119
1418
1469
1612
1618
1624
1608
1656
1624
1478
1327
1383
1671
1536
1499
1572
1616
1558
1585
1596
1510
1576
1605
1554
1662
1538
1349
1416
1879
1575
1654
1371
1677
1545
1523
1543
1545
2040
3685
1361
1444
1550
1582
1531
1569
1664
1512
1358
1603
1346
1490
1703
1998
2143
1446
2300
2295
1802
1807
1498
1725
1744
2477
2392
1450
1584
1552
1691
1358
1568
1497
1390
1161
1578
2599
4033
2192
2312
2994
2125
1825
3522
3044
3491
2805
1359
1630
1872
2207
1883
1540
1698
1747
2783
3685
3842
3806
3041
3382
3605
3154
3737
1732
2275
3619
3580
3408
2550
2647
2214
2053
1964
1847
1428
1323
1419
1418
1532
1361
1563
1534
1614
1531
1418
1312
1483
1538
1495
1555
1446
1567
1572
1458
1402
1600
1517
1601
1447
1615
1298
1564
1439
1636
1656
1464
1580
1527
1632
1420
1577
1645
1646
1125
1407
1377
1333
1382
1581
1547
1670
1384
1482
2138
1729
1306
1609
1608
1611
1476
1580
1502
2554
1721
1362
1825
1941
2110
2827
1520
1191
3584
2880
1673
2868
3009
2757
2157
1984
1429
1310
1565
1390
1472
1436
1572
1548
1364
1630
1773
1461
1597
1575
1621
1636
1457
1392
1533
1616
1400
1472
1467
1715
1377
1588
1522
1335
1661
1131
1586
1705
1541
1299
1671
1587
1504
1544
3322
3330
3463
3271
4347
4749
3617
3694
2748
3573
2738
3180
2567
2875
1454
1626
1509
1456
1582
1532
1515
1155
1512
1423
1595
1582
1652
1549
1592
1334
1590
1045
1474
1647
1681
1756
1469
1561
1590
1590
1179
1412
1521
1542
1336
1413
1532
1548
1684
1695
1437
2853
4939
2542
2705
3675
3622
2774
1202
3532
3722
3409
2892
1775
3097
3839
3643
3369
2314
3594
3667
3793
3720
3504
3350
3031
1428
2965
3467
3451
3279
1927
2494
2079
1692
1832
1823
1625
1378
1291
1358
1533
1426
1543
1450
1305
1495
1298
1604
1597
1649
1555
1557
1473
1659
1671
1761
1594
1167
1482
1488
1497
1497
1541
1564
1588
1549
1257
1736
1555
1751
1656
1599
1658
1554
1611
1599
1267
1219
1580
1528
1431
1533
1656
1420
2670
3179
1733
1673
1436
1608
3603
2336
2926
4424
3862
1265
3788
3175
3648
1941
3949
2846
3066
2335
3072
3701
3537
3577
