98
89
84
83
78
86
78
83
89
77
76
74
87
80
88
75
79
85
91
83
90
75
82
86
77
75
83
82
87
73
83
84
78
81
82
90
82
79
84
85
74
86
74
85
87
75
91
84
82
74
78
79
85
86
125
189
112
90
97
94
81
91
89
81
85
86
84
82
90
85
75
85
85
98
85
88
86
86
79
79
91
82
86
85
77
85
84
83
84
89
83
80
89
90
85
86
79
85
85
80
78
84
76
78
90
85
85
85
84
89
85
84
87
80
79
89
86
84
81
84
85
87
76
83
88
85
87
82
80
81
94
83
89
92
83
86
93
91
93
80
87
90
87
89
81
78
87
86
90
92
89
79
89
88
89
91
90
85
89
85
88
88
86
93
91
81
89
92
93
80
91
87
95
90
80
96
89
96
90
93
87
85
94
87
87
85
89
92
82
85
90
92
82
134
102
88
101
97
86
93
96
94
98
93
93
82
87
82
82
84
78
84
85
78
88
84
80
91
80
90
87
90
94
91
82
88
101
80
87
80
95
86
85
88
89
91
86
81
88
94
79
85
99
101
86
97
100
94
84
96
84
95
87
88
91
79
86
90
92
96
78
89
88
92
90
87
93
86
97
97
95
88
87
96
86
94
95
89
98
91
91
89
90
88
84
90
97
102
94
102
105
106
99
89
90
99
109
100
88
101
94
85
97
85
90
99
93
88
87
90
80
86
89
99
90
82
91
86
88
90
85
90
93
86
103
94
81
140
113
97
82
88
95
88
88
93
88
80
84
82
90
83
93
83
91
92
90
86
87
90
90
86
92
82
92
94
89
81
84
81
85
92
89
92
80
90
88
90
85
90
90
86
84
87
94
80
85
89
91
87
87
89
97
90
89
91
80
84
93
84
84
88
86
87
92
92
91
94
89
95
89
96
94
95
82
88
94
80
91
90
96
88
90
96
83
87
84
89
83
81
90
94
99
93
87
84
91
88
84
84
92
92
95
94
96
83
94
93
96
92
93
97
96
86
84
90
89
93
84
91
82
85
93
90
89
79
89
83
87
93
94
95
236
233
250
246
239
242
230
218
246
250
250
230
235
237
245
245
258
245
78
75
85
81
78
85
84
81
86
79
82
90
88
78
87
84
78
86
75
79
82
73
79
80
84
81
86
80
82
86
76
76
84
88
81
85
81
82
81
83
77
82
83
84
83
87
88
77
84
76
85
84
73
86
82
82
86
77
84
86
82
87
83
78
77
83
77
86
85
84
89
82
78
85
83
82
84
81
90
89
84
86
77
79
87
80
88
85
90
88
78
87
80
108
94
96
98
86
79
89
91
86
77
88
78
79
86
83
86
78
88
78
85
92
82
87
83
79
91
88
80
89
82
92
81
91
87
88
85
83
89
79
79
88
82
86
93
87
92
88
86
89
87
86
93
88
89
84
89
93
87
89
91
88
88
95
88
85
93
84
85
89
89
89
82
91
88
89
80
80
80
89
90
93
86
84
89
95
84
87
86
86
92
79
80
84
92
89
79
90
80
90
90
78
94
88
90
87
88
79
83
89
82
95
94
91
91
88
97
85
87
89
89
95
94
91
89
92
88
91
82
86
92
92
95
88
89
85
93
89
91
94
94
94
94
90
96
96
83
93
88
97
95
89
94
90
90
91
88
105
98
140
94
83
94
94
86
89
84
96
90
80
85
95
87
89
88
90
84
84
81
87
94
90
92
88
87
80
82
80
90
91
82
101
92
86
94
96
90
89
83
87
98
90
90
106
99
90
91
92
84
97
86
92
92
93
94
95
86
86
91
88
89
92
90
91
86
82
91
101
83
91
85
85
91
86
95
96
91
92
91
93
93
86
91
84
83
92
95
91
91
93
87
97
90
81
84
89
80
94
95
82
95
95
89
84
85
91
84
82
82
94
91
82
91
87
93
93
144
104
84
92
86
93
93
83
94
90
92
95
101
86
112
110
96
93
82
91
82
88
98
105
139
104
97
100
99
196
100
101
89
98
92
84
120
102
116
183
125
100
97
125
87
118
97
96
110
103
125
90
92
119
139
88
99
104
88
146
116
113
118
110
102
96
91
92
110
122
136
125
96
136
96
168
147
93
121
93
90
96
122
159
163
153
97
103
94
89
99
99
90
90
91
101
101
94
88
92
94
103
86
91
97
95
97
89
102
95
97
84
87
95
94
97
91
87
95
99
97
85
88
84
80
85
76
74
81
87
80
79
82
83
81
80
73
87
77
75
77
83
79
86
87
86
83
78
82
74
81
90
