294
400
427
422
391
257
237
251
268
236
215
245
253
270
238
278
299
302
220
262
246
229
270
244
242
244
242
242
248
218
217
197
223
193
223
212
229
229
221
200
189
194
212
211
214
225
207
225
212
302
357
403
398
387
422
305
241
235
218
236
247
229
218
244
233
255
245
254
228
243
196
218
200
205
217
206
211
211
232
198
238
205
194
217
223
223
225
246
225
233
226
231
226
200
237
235
199
231
239
228
226
200
225
226
224
219
242
205
224
221
241
247
230
211
335
232
226
215
235
217
237
224
208
193
228
224
187
191
194
245
219
223
183
224
231
211
204
220
221
190
228
192
223
203
193
221
217
190
225
217
217
201
209
209
231
227
210
193
218
245
230
198
206
226
233
227
226
216
240
209
238
252
236
212
265
236
221
265
230
209
225
245
230
237
223
286
211
200
222
200
243
242
217
223
226
221
243
207
202
216
207
228
213
206
228
214
224
243
225
249
230
234
223
217
248
235
234
249
245
230
244
221
230
238
235
203
204
239
221
219
271
240
229
203
240
213
243
245
230
239
243
211
236
213
235
223
236
232
235
207
212
233
232
244
209
226
245
230
250
228
226
208
209
237
246
211
231
210
245
204
241
219
211
233
227
241
236
209
235
218
250
245
239
251
222
243
241
214
240
240
219
243
244
218
210
340
227
236
230
251
235
248
230
238
207
218
228
202
226
236
221
242
235
243
232
228
230
229
234
229
205
227
222
231
231
206
222
230
227
233
223
209
239
210
215
229
243
233
210
236
211
233
236
229
246
241
213
234
211
215
206
242
226
245
240
248
236
214
235
214
217
252
237
237
231
204
199
226
234
206
233
207
241
241
255
247
220
273
221
262
221
206
235
254
237
235
216
235
239
208
232
238
248
263
250
239
221
237
256
204
204
233
212
240
230
237
233
220
283
236
230
214
227
227
229
238
203
237
227
253
240
252
220
251
250
245
241
234
219
251
235
226
225
235
245
230
227
227
234
203
246
215
200
224
229
236
244
234
206
257
212
237
208
239
207
211
236
202
214
248
231
232
239
213
225
247
231
235
211
210
248
240
206
214
218
219
247
238
221
226
242
239
253
233
228
246
216
234
237
234
203
235
206
228
241
230
242
238
239
212
252
223
210
222
232
238
235
228
247
218
231
235
232
249
230
221
246
224
206
231
239
218
211
340
426
211
239
244
223
257
234
255
235
231
229
268
282
275
215
207
211
236
220
245
244
248
209
226
230
241
235
226
232
222
209
242
233
246
237
244
231
231
209
244
216
238
224
228
230
212
226
245
214
241
229
243
243
235
238
245
217
245
252
240
220
243
239
233
223
240
213
214
232
238
236
239
234
239
238
215
233
236
254
224
222
250
240
226
251
253
209
204
231
225
242
220
239
254
207
208
226
232
241
213
232
222
231
203
232
252
241
241
205
219
226
234
233
212
239
246
216
236
241
229
226
244
249
232
218
233
219
232
243
238
210
250
237
229
237
223
253
232
233
236
235
224
206
238
232
206
223
229
207
208
243
246
239
248
243
232
249
246
219
225
241
235
239
210
216
240
247
253
251
247
239
224
204
232
223
213
238
228
251
232
231
233
247
220
239
250
235
236
250
236
250
227
225
226
250
237
233
214
238
240
214
220
206
246
230
226
208
239
236
249
235
208
247
236
225
232
220
232
236
213
233
247
243
246
282
393
528
289
221
247
402
259
270
235
259
388
256
248
283
283
263
432
287
281
259
274
260
279
264
355
294
231
230
202
254
339
272
239
215
197
224
206
205
187
221
223
208
220
214
200
220
217
224
197
229
199
222
225
221
240
205
220
223
237
193
240
200
227
196
215
241
207
208
228
196
191
215
252
211
211
238
217
229
236
238
230
216
235
241
203
286
225
220
234
330
247
228
238
261
284
495
278
249
253
231
221
234
232
223
214
220
228
191
198
195
198
196
193
234
222
229
210
217
218
212
230
202
220
229
234
214
236
235
214
217
237
213
210
227
227
237
225
219
215
228
228
242
229
232
238
242
318
456
427
241
255
214
215
215
207
196
219
196
222
190
222
210
211
211
204
194
207
187
211
190
190
209
205
198
230
223
209
189
190
210
213
189
214
215
191
230
214
215
221
219
236
246
236
231
194
226
220
233
227
222
223
226
215
235
327
362
312
234
264
233
239
204
216
225
228
220
226
229
234
220
191
215
225
223
197
229
190
222
191
185
214
203
196
185
204
211
217
199
187
215
190
215
206
225
220
212
216
219
212
203
216
