1626
1936
1903
1682
1629
1806
1718
1727
1472
1621
1649
1681
4346
4140
3691
3434
2852
2906
2566
2257
2054
1698
1701
1585
1688
1716
1470
1697
1664
1439
1706
1461
1797
1452
1838
1695
1628
1587
1659
1726
1775
1700
1551
1433
1677
1787
1733
1806
1325
1470
1491
1650
1614
1641
1395
1426
1714
2511
3627
3244
3568
3683
2321
4617
5555
4864
3121
3632
2831
3188
2593
3470
3393
3124
2555
2716
2975
2830
2921
2717
1751
1820
2958
4611
6713
6523
5748
4240
3142
1719
1787
4462
4076
5366
6280
5167
3174
3658
3192
2800
2509
2116
2187
1903
2829
4136
3871
3885
3616
3508
1432
3627
3482
3050
2554
1695
1953
1939
1778
1709
1633
1769
1859
4649
1680
1557
2467
1569
2181
1663
1274
1496
2257
1726
1830
2669
4239
2547
2488
2575
1609
1799
1712
1689
1435
1557
1359
1590
1697
1657
1499
1613
1672
1553
2574
2593
2745
2829
3824
3834
3605
1432
3385
3833
3854
3896
3375
3264
2337
2618
3042
2912
3437
3520
3293
2930
3556
3884
3872
2489
3530
2728
2223
2387
1789
1475
1750
1666
1661
1645
1613
1643
1495
2107
2047
1395
1516
1669
1491
1426
1800
1401
1419
1692
1708
1796
1746
1467
1715
1675
1702
1454
1737
2125
3142
1792
2821
3802
3702
1967
3194
2219
2391
2351
2687
2740
2888
1603
1581
1731
1481
1715
1843
1589
1459
1602
1314
2509
2231
1728
1629
1966
2116
2440
3192
2756
2942
2649
2919
2020
1509
1519
1586
1763
1656
1636
1746
1276
1622
1431
1626
1612
1664
1726
1707
1505
1454
1657
1676
1673
1640
1664
1589
1547
1584
2209
2942
2139
3842
3897
3562
3777
3693
3321
3940
3934
3829
3733
3797
3910
3274
3742
3179
3099
3353
3250
1321
3639
2433
3283
2502
1832
2368
2517
2478
2421
2597
3713
3186
3207
1946
1392
1550
1832
1850
1645
1773
1576
1705
1853
1505
1616
1381
1544
1404
1486
1430
1551
1747
1374
1663
1490
1663
1446
1719
1453
1497
1530
3602
2169
2086
2098
2161
1989
2243
1927
1576
1331
1479
1541
1653
1499
1586
2273
2000
2031
2229
2050
2169
2055
1351
3535
3672
2524
2369
1672
2846
2085
2542
1486
1663
2317
1395
1522
1588
1757
1771
1532
1646
2158
1538
1502
1642
1600
1634
1680
1519
1535
1686
1753
1514
1558
2018
1888
2258
2042
1883
1965
2385
1857
2317
2310
1925
1445
1671
1646
1574
1786
1812
3173
1662
1447
1432
1436
1744
1684
1510
1427
1784
1627
1455
1359
1809
1340
1595
1559
1329
1508
2249
1675
1618
1426
4503
4307
2755
3162
3502
3840
3411
3487
3803
3601
3760
2580
1757
1452
1742
1838
1490
1747
1682
1520
1626
1767
1461
1739
1448
1761
1553
1737
4214
3912
3875
3559
3520
3811
4034
3950
3759
3094
3838
3601
4054
1999
1667
2143
1909
1872
1569
1786
2148
1983
1522
1631
1645
1839
1445
1707
1469
1709
1966
1921
3498
3737
3976
1935
2811
3871
3784
3220
1687
3690
3759
3390
3927
3237
3974
3460
3547
1575
1476
1729
1827
1616
1794
1513
1475
2194
1439
1368
1518
1748
1610
1675
1468
1654
1539
1584
1627
1670
1533
1411
1673
1709
1702
3463
3982
3879
3761
1834
3205
3199
4141
3251
3282
3062
3038
2398
2646
1541
1768
1807
1755
1753
1524
1730
1717
1649
1695
1687
1664
1689
1662
1790
1653
1768
1339
1362
1960
2071
4217
4227
3994
3678
4655
3245
3160
2481
2507
4228
3804
3781
3566
3964
3969
2940
2467
1749
2428
2449
1563
1782
1776
1758
1580
1610
1295
1629
1699
1780
1678
1546
2097
3363
2678
3886
3967
2122
3681
3899
3269
3766
2742
2772
2603
2552
2424
2054
3559
2215
3779
3110
3361
3045
1534
2301
2455
2588
3997
4048
4022
3909
3589
4076
3730
4126
2098
2085
2039
1493
1459
1469
1413
1475
1657
1441
1784
1771
2211
2925
3259
4137
3068
1381
1416
1166
1923
1780
1690
1368
1394
1258
1345
1495
1461
1561
1747
1553
1755
1668
1575
1702
1443
1705
1470
1527
1731
1717
1481
1526
1449
1231
1482
1371
1660
1407
1668
1426
1576
1428
1813
1737
1675
1777
1731
1682
1683
1695
1484
1548
1806
1491
1710
1719
1684
1683
1487
1838
3738
3747
3509
3757
3389
3744
4023
3862
3811
3796
3603
2937
2696
2222
2033
2117
1961
1632
1495
1379
2001
4114
2088
2000
1549
3017
3311
3432
3173
2914
2343
3385
3158
1529
2578
3330
3831
3640
1545
4228
3922
3886
3443
3444
3901
3325
3111
2143
2467
2044
1900
1782
1767
4140
4981
3275
4031
3944
4023
3941
3768
3874
3239
3376
3396
2904
3878
3719
3626
1244
2299
1646
1771
2109
1899
1862
1539
1526
1844
1759
1585
1807
1474
1756
1641
4268
3672
3747
4116
5295
3036
1596
2995
5113
3647
4257
3736
3281
2840
2285
1786
2273
2294
1604
1668
1744
1717
1477
1448
1467
1493
1436
1610
1388
1425
1512
1761
2513
2913
3223
3599
3622
1862
3172
3388
3189
4039
3137
3816
3010
2777
2045
1817
1714
1846
1762
1852
1457
1800
2628
3798
3627
3484
2827
3022
3585
3243
3478
3844
3421
3709
3583
3916
3645
3139
3175
2407
3340
3267
3428
3632
3292
2349
3089
4865
4951
3701
3327
3929
3837
3883
2397
2772
2362
2428
1851
1975
1879
1514
1392
1706
1519
1658
1786
1654
1695
1673
1764
1845
1783
1692
1476
1686
1803
1533
1777
1475
1454
1719
1519
1464
1629
1658
1609
1506
1383
1736
1729
1519
1622
1615
1426
1764
1847
2286
1450
1666
1626
1473
1648
1668
1628
1795
1431
1476
1457
1640
1626
1690
1621
1617
1583
1757
1458
1708
1694
1641
1644
1661
1651
1470
1676
1739
1558
1493
1405
1666
1458
1787
1782
1413
1735
1676
1425
1699
1795
1415
1781
3278
2965
1724
1554
1756
1675
1687
1901
4992
2538
2566
1935
2023
1718
1828
1700
1606
2228
3033
1704
1539
1779
2503
2443
2244
1315
2647
2684
2115
2332
1763
1937
1063
1699
