922
2007
2145
1616
1778
1845
1934
1648
1746
1255
1322
1585
1624
1336
1589
880
907
1025
1170
877
1134
1179
1158
1389
1074
787
2423
1977
1000
1178
1125
859
1125
973
963
1092
2469
2675
961
1211
947
1010
963
1056
1047
980
927
1207
1692
1975
1826
2000
1915
1861
2049
1094
1121
1102
1490
1139
1106
938
1004
1113
1272
1228
1466
1107
1337
1902
1375
2019
1915
1669
1598
1730
1043
730
1288
1212
841
1119
1091
993
1138
1115
972
923
999
1150
848
962
1141
979
1146
1032
1207
1106
1048
1133
890
981
987
1366
851
879
1003
1148
984
954
1140
994
1011
1030
1003
1123
1008
1146
900
1167
1045
1204
1029
1153
1172
1142
1117
1057
1119
1102
1775
864
927
1087
960
971
1211
1043
1121
976
1275
1020
1134
1883
1886
2050
1873
1887
1861
2092
1866
1903
1712
2010
1931
1728
1998
1868
1674
1818
3577
2831
1580
1380
1159
1089
1189
1244
1072
1131
1124
1127
1178
1342
1482
1738
1853
1521
1561
1368
1250
1402
1224
1919
1137
1142
974
1026
1123
1063
962
1164
1157
1109
1172
1248
1959
1130
1007
977
1095
1218
1177
1031
1115
1012
1225
1119
1163
1485
1008
1088
1191
1149
1065
1012
1140
1007
1189
1192
982
1362
1936
2055
2083
1785
1712
2007
1953
1926
1923
1849
2030
1833
1805
2137
1723
1236
898
1014
1174
843
1019
951
1135
1199
849
1159
1097
1079
1053
1496
1582
1685
1836
1908
1625
1845
1755
1977
1899
1774
1832
1687
1873
1673
1970
1772
1903
1852
1931
1742
1875
1970
1583
1058
973
1118
1008
1047
1138
1186
1154
1048
978
1119
1026
1118
1639
1353
1673
1681
2787
1849
1878
1895
1919
1965
1691
2001
3043
2480
1093
1129
1180
1141
1124
1041
1149
2345
1732
1748
1897
2022
1990
1825
1578
1218
867
1021
1004
1054
1132
1252
1045
1044
1076
1174
981
1290
1258
1120
1113
1170
1201
1010
1108
1150
1091
1114
1157
1226
1110
918
983
1146
927
1116
1145
1117
1045
1027
986
1222
1197
1128
1053
893
946
1023
1187
1146
1148
1126
1121
1068
1137
1107
1127
1067
1035
999
1180
1205
1177
1000
1175
1032
1183
1092
1055
1114
1098
804
1000
1001
1009
1585
2447
2580
2187
2653
2045
2298
2313
2364
2458
2573
2447
2389
2489
1930
2344
1896
1733
1585
1321
1145
1316
1338
1031
1022
1046
976
1036
1047
999
1127
1139
2524
2504
2664
2377
2316
2929
3726
4154
3085
2300
2297
2256
1810
2181
2375
2526
2196
2527
1928
2342
2303
2881
1110
2769
2724
2282
1248
929
2297
2061
1889
1891
1967
978
1215
1321
1325
1303
1037
1171
1052
1090
983
1170
1183
1560
1050
1232
1210
1171
1045
1221
1037
1209
1106
1051
997
1162
925
1125
989
1215
1142
1147
972
1168
1075
1227
1073
1228
1012
890
1231
1136
1133
1051
1048
1202
1126
1181
1149
1074
1129
2319
2287
2254
2601
2445
2262
1145
2123
2222
2096
1683
1105
1171
1078
1135
1303
1162
908
2505
2655
1222
1250
2520
2509
1785
2425
2046
1826
2244
1738
1803
2529
2569
1358
1246
2214
2204
2252
3527
3821
1411
1367
1805
2045
2686
2242
2722
2478
2736
2979
2312
2160
1762
2502
1757
1136
1239
1376
1263
1186
1148
1152
1217
1187
1083
1587
1010
748
1122
2193
1684
2622
1808
2722
1208
1295
2529
2244
2529
2580
1999
2445
2723
2258
2713
2645
2864
3861
3253
2579
2207
3213
1946
2058
1315
2974
1822
2326
1148
1172
1978
999
890
1138
1006
1034
1141
1099
1037
1423
1652
1782
1575
1144
975
1219
1008
983
997
971
1007
1146
1027
1259
979
1127
1162
1013
980
1202
1002
1088
1020
1127
1149
1234
1052
1149
1199
1043
1085
1191
1229
1038
975
1093
1110
1610
2414
1620
1770
1227
1397
2012
1938
2155
1736
2689
2077
1452
2488
2664
3402
2479
2057
1680
1110
1254
1291
823
987
1047
1304
1133
1114
1059
1030
1116
1354
880
1073
1135
1652
2592
2496
1932
2044
1116
1194
1230
976
1040
1062
1156
1161
1245
960
998
1107
959
1072
1095
1122
1201
1151
874
1211
1073
1027
1163
1433
1075
1144
1507
1007
1102
942
1160
1056
958
1176
1073
1189
975
1063
1191
869
950
963
1189
976
1022
1056
1195
935
964
1173
1068
1147
1257
1054
1075
1095
1237
1142
1254
1159
1007
1165
1118
1208
829
1108
1443
1022
1178
1111
1177
1054
1538
1710
1462
844
1294
1012
937
1041
1026
1010
1144
1177
1049
1035
1140
1189
975
1030
1036
1005
1120
1199
1169
845
938
964
1074
1119
1140
1095
1284
1628
986
984
850
1065
1119
1009
1132
1006
1114
1177
1149
1144
1213
1200
991
1091
2245
2715
2372
2812
1125
1324
2337
2775
2165
1201
1461
2751
2982
3833
2304
924
2757
2272
2531
2231
2863
2751
2609
2709
2583
2706
1836
2590
2762
2677
2675
2766
2689
2602
2210
2501
2355
2245
1447
826
807
2619
2256
878
2641
2522
1877
1340
2209
1791
1672
1250
1352
1096
1547
1080
1113
1174
829
980
942
1137
1143
966
991
978
1065
811
2217
2371
2437
2511
3737
3230
2804
2652
2300
2750
3336
2669
1884
2093
1831
1413
1651
1443
1067
1045
1030
1067
1196
1196
1014
1198
1221
1101
1346
1738
2188
935
993
1075
1280
993
968
1110
1203
1113
1100
1082
1534
1352
1590
1060
1584
1703
1651
1723
1468
1113
1005
1086
1037
992
1130
1159
1117
977
1059
1488
954
1081
1112
1188
1079
1919
989
1057
961
982
867
847
1142
1220
963
969
1077
1068
1135
1187
1137
1088
1121
1171
1175
1100
1010
1210
1162
1058
1166
909
1135
962
1050
1099
1028
977
1044
1375
1644
964
1093
1159
1060
1773
1077
1585
1584
975
1020
1930
1010
1194
1442
1385
1106
1376
1317
1390
1295
