189
159
163
182
172
156
175
180
169
158
148
162
182
155
161
166
184
174
175
169
171
172
166
159
165
179
147
157
175
166
168
177
170
153
168
170
239
374
209
174
182
194
182
180
184
217
259
272
211
166
194
177
191
168
216
210
223
222
256
212
306
208
279
206
222
219
212
174
241
254
218
187
267
194
188
184
241
171
193
222
188
207
192
207
192
182
191
168
194
205
188
173
192
188
205
197
173
210
208
178
176
193
198
183
177
180
168
167
179
170
183
162
154
163
169
153
159
163
167
162
148
176
182
157
175
155
169
148
153
172
163
207
210
370
236
210
167
171
189
160
149
161
175
164
170
164
155
179
155
158
152
171
168
175
175
149
164
176
171
170
158
159
163
150
163
156
182
169
176
150
174
165
159
177
155
173
189
184
170
189
169
180
162
164
164
154
172
175
183
185
163
188
161
177
162
154
157
159
185
179
165
159
185
171
187
183
187
189
194
233
195
189
278
181
187
191
181
195
190
171
168
185
172
174
164
177
172
171
182
187
166
188
174
181
193
186
181
175
175
194
176
188
184
169
175
185
159
175
158
162
165
183
179
176
178
176
167
185
176
180
171
177
181
190
187
175
178
201
168
182
168
179
211
181
172
190
187
170
177
176
182
214
312
193
188
193
206
181
180
172
166
168
189
183
166
179
175
172
193
182
162
181
182
191
179
183
180
181
173
168
170
167
178
180
177
189
165
169
164
179
192
197
182
179
162
179
185
196
166
194
172
174
189
180
189
177
185
185
181
178
178
165
181
190
177
173
181
180
186
167
184
211
206
192
186
187
201
193
187
166
196
198
202
163
173
200
193
168
192
181
173
182
193
188
188
178
189
170
192
179
175
181
199
187
180
166
186
162
191
193
174
167
182
174
192
197
172
171
182
166
180
165
183
175
167
187
181
177
202
195
186
190
179
189
189
188
182
189
189
195
164
241
345
172
187
185
192
165
200
196
194
168
185
199
195
190
165
188
179
181
179
182
187
181
163
162
182
179
176
184
168
202
183
190
206
187
186
169
199
195
198
198
190
191
197
189
194
173
196
200
167
206
196
192
195
201
201
199
188
185
164
199
191
176
194
187
196
188
199
191
183
165
175
175
184
197
191
200
196
194
187
173
188
181
172
170
163
195
183
193
192
184
197
210
193
188
186
177
188
167
179
190
185
179
179
166
175
172
169
185
174
176
198
170
190
175
166
195
171
181
196
177
185
180
169
186
176
175
175
193
181
178
187
169
186
183
165
179
189
184
182
165
179
177
179
184
190
170
181
184
186
182
169
189
184
171
169
191
198
191
197
190
188
215
169
176
162
188
197
188
196
180
180
179
167
188
174
198
170
179
192
190
185
172
183
187
183
185
182
174
166
187
183
197
169
165
179
181
184
172
169
179
189
195
180
181
178
169
182
181
177
199
181
187
195
171
184
202
207
190
186
190
182
184
200
184
185
187
170
192
185
192
175
331
360
360
347
350
333
231
178
170
191
191
181
172
186
170
171
187
167
189
163
199
190
193
189
193
184
167
194
185
199
183
171
195
202
163
191
199
178
164
166
173
199
197
180
191
163
203
187
169
188
189
191
181
186
182
194
180
165
202
174
185
189
197
162
178
210
210
182
181
183
201
194
210
169
195
200
182
186
163
190
197
183
173
168
192
177
203
167
185
193
196
170
190
203
191
201
197
192
170
197
190
206
190
192
181
185
178
188
183
193
184
186
198
199
167
186
199
189
174
184
188
193
188
172
164
183
185
183
185
183
186
178
198
184
209
199
194
193
181
179
192
168
167
173
194
169
167
166
193
184
176
168
182
179
184
170
187
185
180
176
175
181
180
180
168
170
165
179
164
179
201
178
185
197
178
189
190
189
181
161
170
188
171
169
167
190
188
183
175
185
176
190
167
175
182
183
179
163
186
191
201
164
181
195
188
175
191
191
181
168
194
175
177
183
188
193
190
167
163
193
192
170
187
179
194
169
191
190
166
183
163
166
194
177
185
188
176
187
167
180
182
184
208
191
192
174
177
193
164
200
182
169
203
191
195
189
181
183
192
178
184
197
195
169
170
184
189
192
168
186
168
201
163
197
177
245
200
177
355
495
484
224
263
214
244
170
207
219
201
196
188
235
256
212
226
203
191
229
231
209
216
175
201
242
213
219
217
248
227
240
253
189
198
200
240
188
189
180
174
178
198
174
199
191
188
189
200
200
201
187
201
180
165
169
178
172
164
152
167
177
153
150
170
169
153
172
162
