39
30
35
33
35
31
29
29
31
30
28
28
28
28
30
29
27
29
30
28
29
26
27
28
30
26
30
30
31
31
26
27
27
28
28
30
28
27
26
27
28
29
28
27
26
26
29
31
27
28
30
29
30
29
29
29
27
29
27
27
30
27
29
29
27
30
28
31
27
29
30
29
30
30
26
29
29
27
31
29
27
30
30
27
29
27
29
32
30
49
58
62
60
50
51
49
51
46
64
49
51
49
53
37
30
28
31
30
28
29
28
29
30
30
29
28
29
28
29
34
34
33
30
27
29
28
31
27
27
29
28
33
33
31
33
30
30
31
33
32
33
31
34
32
29
29
35
29
32
29
30
33
27
32
31
34
33
33
30
31
29
29
28
28
27
31
29
29
28
29
28
28
27
30
29
28
28
26
28
26
28
29
28
27
26
32
28
27
26
27
28
26
26
28
27
27
27
28
28
28
29
27
29
30
29
37
30
31
32
32
34
34
32
32
31
34
28
28
27
28
30
34
26
28
32
27
29
29
29
28
28
28
30
29
26
29
30
28
28
27
27
26
28
26
29
29
29
30
29
27
26
28
28
28
28
28
26
28
27
26
28
27
27
29
30
29
29
27
30
27
28
26
26
27
27
29
27
26
26
29
28
31
29
27
33
30
30
29
29
30
29
29
28
27
28
30
27
31
30
28
29
27
29
29
29
30
26
27
29
28
30
26
28
27
30
29
30
28
27
28
28
28
29
30
30
27
30
28
28
29
29
30
28
30
30
27
29
30
29
29
28
30
29
30
27
28
30
26
29
30
29
28
28
29
30
30
27
27
27
26
27
26
31
29
30
27
27
28
29
27
28
29
28
29
29
29
30
29
29
29
28
27
34
27
29
28
28
28
30
30
30
29
30
32
30
29
30
31
31
30
30
30
33
31
30
27
31
29
30
31
28
30
29
28
30
27
28
28
32
29
31
30
31
28
30
29
31
28
27
30
30
30
28
30
28
29
29
31
30
28
30
34
30
29
28
30
31
29
30
62
32
36
35
31
30
32
32
32
30
30
30
32
31
30
30
30
29
30
29
32
29
29
30
31
29
31
28
30
27
29
30
31
27
31
29
29
31
31
28
29
28
31
31
31
28
30
30
30
30
31
30
29
29
31
29
27
28
28
27
31
31
29
28
27
29
29
31
29
29
28
34
31
32
31
30
30
29
28
30
31
29
28
30
31
30
28
30
31
31
34
29
29
30
29
31
28
29
30
28
29
30
28
30
30
27
31
30
31
29
31
31
31
28
29
29
31
28
27
29
30
30
28
30
27
30
30
30
29
31
30
29
28
31
31
27
29
30
30
30
28
29
27
30
30
30
30
30
27
28
34
29
31
31
29
29
31
30
27
30
28
29
32
32
32
29
31
32
29
33
29
30
30
30
31
31
28
29
30
29
28
30
29
31
31
31
31
28
30
34
28
30
30
28
28
29
28
30
31
30
28
29
29
31
28
31
29
31
30
32
28
31
30
32
32
29
30
30
28
29
29
30
31
30
27
30
30
29
31
29
29
29
31
29
29
32
29
29
30
31
30
28
28
30
29
29
29
29
32
31
30
32
30
31
30
28
31
30
28
30
32
30
32
32
30
30
32
30
33
31
29
30
30
30
29
29
27
29
30
29
32
32
29
31
32
32
30
33
30
31
30
28
29
29
27
31
30
32
29
28
30
30
28
28
28
31
30
33
30
28
30
29
27
30
30
27
30
29
29
30
29
28
34
30
28
29
31
33
29
30
30
30
30
28
29
31
31
31
31
31
31
30
27
32
32
31
34
31
28
30
30
30
30
30
30
30
30
28
29
28
30
30
71
62
60
56
73
60
68
57
52
44
33
34
30
31
31
29
30
30
31
28
29
32
30
32
34
30
29
29
30
32
31
30
31
30
31
32
30
30
30
32
31
30
28
28
31
28
27
31
30
28
29
30
28
27
30
31
30
31
30
30
30
29
29
31
29
31
31
30
32
29
31
31
30
28
31
28
30
27
32
31
32
31
31
33
31
31
31
30
30
30
31
30
30
30
30
30
29
31
30
30
29
31
28
32
31
29
29
30
32
31
31
31
29
29
31
29
28
30
31
32
32
31
34
30
30
30
28
29
28
30
31
29
29
31
29
30
31
31
29
28
28
32
31
29
30
32
30
31
35
29
29
30
31
30
29
29
31
31
36
34
29
31
36
32
31
35
33
35
29
31
33
32
31
33
32
29
29
32
30
32
33
30
30
29
30
29
31
30
28
