738
771
819
970
858
1303
1710
1859
1980
2015
1939
1721
1103
615
926
1211
1221
1159
1073
1012
1055
1016
1057
1133
1056
1425
1037
714
899
863
809
857
868
872
842
713
867
840
726
810
808
792
984
631
854
902
820
733
716
714
868
840
784
866
905
781
786
876
705
756
762
852
838
1085
778
764
765
833
799
820
848
719
865
840
888
820
803
885
789
756
822
853
837
854
840
850
744
826
843
783
878
849
851
869
837
765
1133
1030
1167
1365
1396
1371
1522
1491
1525
1286
1352
1438
1483
1409
1435
1323
1379
1378
1435
1291
1365
1293
1349
1371
1256
1395
1407
1412
1318
1256
1223
1408
1461
1425
1356
1376
1374
1450
1391
1396
1345
1308
1462
1523
1344
1805
981
1019
1109
795
772
1045
1347
1179
660
558
680
775
855
874
857
838
1254
1204
1173
1212
1320
1418
1415
1465
1378
1460
1117
1142
800
686
748
773
629
720
694
743
678
774
655
869
800
803
695
784
1132
1071
1115
1049
985
1003
737
626
662
743
743
649
623
705
611
552
714
750
628
676
828
669
755
728
1183
1062
961
1067
676
835
770
874
720
1131
1092
1166
1178
1272
1193
1033
1165
1109
1111
1220
1082
1131
1120
1067
873
733
893
1264
1785
2661
3084
2818
2675
2681
2370
1954
1998
2002
1529
1693
1644
1596
1349
1431
1508
1360
1467
1506
1440
1453
1543
1806
3190
802
799
658
722
849
749
847
757
859
759
1906
1871
1759
1803
1349
659
826
743
802
865
946
1308
1546
1358
1539
1463
1444
1437
1225
1262
2451
3884
2789
1867
2444
1133
1259
1271
694
881
810
1232
824
743
1222
2177
2543
2362
2377
2161
1658
808
609
754
840
761
793
882
834
816
837
708
728
791
751
854
822
1344
902
662
633
780
703
710
681
694
693
778
704
689
685
732
822
597
710
661
1140
1014
700
607
810
895
781
836
575
678
816
743
814
814
709
673
861
642
725
651
727
867
1137
1951
2001
1865
1972
1636
1463
1524
1245
673
618
712
756
791
845
800
850
842
828
825
827
835
717
779
883
801
1193
1340
993
970
1026
940
949
983
921
1044
1125
1028
606
786
2337
2631
2377
1965
1813
1561
1827
747
1761
1689
1998
1680
1908
1844
1892
1063
1799
1763
633
1018
1362
1143
1244
1116
907
864
1175
646
827
769
772
713
808
837
887
716
817
801
795
729
718
792
781
811
843
821
843
704
703
815
828
867
785
862
824
767
805
874
822
776
706
867
797
709
869
807
720
864
1372
1131
1411
1400
872
599
933
1286
1604
1633
1222
1388
1502
2047
1006
1333
1294
1169
1198
869
814
782
977
733
782
680
1196
1325
1079
784
769
1012
1298
962
1312
1390
1401
1445
892
938
762
668
839
726
899
837
774
867
850
814
863
893
828
940
798
739
808
831
894
591
688
949
1122
1243
1150
1266
1343
1311
1313
1379
1061
1511
2397
2173
2166
1937
862
921
833
1002
881
975
1827
1050
2890
1886
2762
2663
2596
2624
2554
1838
1801
1781
1915
1770
2101
1607
1724
1715
1584
1876
2417
3455
2578
3363
2113
2697
1248
1979
3110
3055
2557
1454
1187
835
1104
1175
1960
3060
2974
2516
2542
2359
1241
1617
2340
2437
1656
1663
1664
1507
1240
1357
1278
896
836
1594
1594
1368
734
808
786
856
1066
1062
1016
1121
894
1002
1092
848
842
872
841
750
827
756
754
834
808
884
737
700
723
802
867
775
707
713
813
879
778
772
802
860
896
728
833
858
596
770
1626
1937
837
846
798
824
815
773
863
805
747
817
772
610
875
1690
1817
1647
1580
1800
1837
1867
1763
966
640
1748
1781
1693
1509
1682
1631
1350
1420
993
675
678
1030
965
963
954
1058
963
803
812
800
811
706
749
897
844
852
901
819
821
820
771
702
708
872
714
906
728
904
843
792
726
1188
665
824
845
769
785
729
786
825
762
821
799
740
715
865
711
819
828
1906
1550
2018
1851
1873
1956
1883
2337
3366
2897
1728
1633
1718
1874
1853
1907
1871
1686
1766
1730
1739
1642
1610
1305
916
904
870
970
965
840
818
763
873
843
784
701
3140
3057
1376
754
607
831
679
655
737
711
586
566
1949
1898
1853
1983
858
635
903
1423
1397
1486
1469
1300
1498
1137
1077
1315
1128
733
604
1586
1834
1782
1600
1855
1644
1685
1069
533
1808
1849
1920
1960
1741
1991
2051
1163
627
821
1904
1527
1830
1645
1627
1792
1969
1923
2452
1474
682
887
967
1575
1095
1315
771
721
873
1325
1245
805
852
819
885
885
806
905
855
815
870
789
849
842
821
548
809
716
794
803
554
725
840
747
801
866
807
810
832
804
812
707
1320
667
1762
1829
1949
1705
1846
1892
1822
1904
1865
1942
1832
1782
1844
1667
2074
1116
1589
1903
1775
1436
1591
1418
1197
1281
919
968
1059
1055
992
1080
819
858
817
827
891
868
709
870
938
659
1427
824
745
710
805
795
849
855
752
846
901
863
779
817
726
814
831
775
907
628
668
812
809
879
830
667
912
612
1518
1484
1545
1606
1497
1874
1915
1140
639
670
980
1032
996
870
906
982
993
1045
811
832
814
721
859
850
734
609
516
703
802
711
828
707
770
709
815
730
705
864
829
813
720
833
939
636
517
714
726
