126
122
107
108
106
99
103
111
119
111
104
104
114
115
102
99
111
109
103
118
119
116
102
113
119
115
112
107
113
118
121
105
113
123
113
120
104
120
99
112
101
116
113
107
112
108
109
111
113
117
110
123
102
122
105
104
180
219
121
126
129
117
119
126
120
113
112
126
131
116
127
125
130
116
396
332
142
147
158
115
136
162
104
182
215
237
143
131
126
139
176
211
163
131
124
144
163
126
211
125
126
212
144
149
138
166
201
219
214
126
162
165
126
120
135
131
122
128
132
114
124
115
126
129
110
126
126
133
112
123
130
127
130
113
129
124
135
111
123
108
135
129
126
117
107
96
106
109
110
96
119
111
107
100
110
107
102
112
102
123
109
110
99
118
118
107
109
113
115
110
107
108
113
108
96
102
114
116
105
114
106
107
112
119
108
103
112
113
111
102
104
116
114
99
103
111
131
240
229
233
236
239
247
196
200
234
223
195
189
187
183
190
165
193
236
207
171
205
192
188
192
203
196
175
268
264
261
231
245
232
239
242
190
174
165
244
224
198
194
205
214
204
224
196
210
201
207
191
187
179
169
176
176
181
182
195
178
178
179
293
205
184
226
225
205
136
116
140
124
112
197
188
195
218
185
181
181
189
193
195
200
186
182
188
185
119
112
98
103
115
101
105
118
119
98
109
114
110
120
115
109
109
111
105
111
114
97
113
107
104
108
109
110
100
113
98
113
106
110
107
115
96
113
111
117
110
108
109
116
106
96
105
112
112
110
107
108
118
109
112
106
109
107
117
109
110
112
105
113
110
114
123
111
125
104
114
158
344
261
157
111
105
145
134
149
103
114
114
106
116
107
105
109
100
112
98
100
105
107
98
107
113
109
107
112
107
105
115
115
105
105
109
116
102
108
107
107
111
103
117
110
111
100
112
110
112
118
109
108
111
116
98
98
117
109
115
99
112
97
109
101
117
109
118
127
112
120
110
105
118
110
100
100
119
112
115
114
112
111
112
116
101
102
123
117
110
119
110
107
114
103
112
118
113
102
118
117
103
116
112
121
117
113
112
99
101
129
120
102
109
121
118
116
117
111
114
115
114
104
117
147
123
132
136
106
158
127
113
113
113
109
120
114
111
113
102
118
110
109
123
116
105
116
117
112
122
106
118
122
123
117
112
104
114
116
126
107
104
117
120
118
112
120
104
118
124
117
119
111
116
116
117
122
115
120
116
116
101
116
114
101
120
122
109
127
112
119
120
109
121
107
108
122
115
113
106
107
115
120
120
126
116
106
124
122
110
116
115
111
125
129
117
106
104
107
121
110
118
117
115
111
126
112
119
119
118
114
113
119
128
110
111
123
103
117
125
132
112
115
125
122
120
106
110
117
118
124
125
114
129
123
103
127
107
128
125
124
121
123
112
125
113
117
122
116
119
126
122
118
117
115
118
118
113
120
126
119
120
116
124
125
123
120
116
117
124
115
105
111
126
116
113
117
116
120
111
116
113
115
112
118
117
121
118
125
105
108
118
112
104
122
112
112
112
108
124
120
121
123
112
116
118
107
105
104
120
120
125
115
108
108
116
115
112
117
114
121
110
123
124
123
117
111
118
165
148
142
122
136
125
115
112
125
116
117
131
136
132
257
311
122
123
103
105
112
117
101
104
113
110
113
109
111
115
107
123
106
104
111
107
111
109
111
112
108
114
110
107
106
100
108
105
105
109
106
108
101
107
107
112
101
102
96
97
105
96
109
110
95
111
106
108
114
99
95
107
97
102
99
101
105
116
113
101
118
107
98
102
99
99
115
112
107
114
104
112
103
102
120
102
110
119
109
107
109
116
103
117
111
107
111
108
158
126
105
98
107
114
119
109
112
97
102
107
103
113
102
110
102
115
102
110
108
102
107
113
108
115
112
117
117
113
112
111
119
110
100
115
103
99
111
104
108
104
106
106
105
109
103
112
112
109
100
108
110
112
102
115
113
114
114
114
108
106
116
113
110
111
120
113
111
101
116
103
118
112
109
116
110
118
118
118
114
108
115
114
113
114
105
103
122
103
115
117
115
113
114
113
114
113
119
112
105
106
105
115
115
119
108
123
118
116
110
156
225
211
113
128
123
120
115
118
121
118
114
125
115
104
111
111
114
113
109
117
108
116
124
117
105
116
119
122
118
110
122
115
124
106
119
125
108
122
110
114
117
116
105
119
117
121
117
119
118
108
110
117
119
106
119
120
118
118
117
109
118
109
126
120
123
121
113
124
111
116
121
120
120
121
110
103
