168
113
133
101
106
92
95
84
91
88
92
96
82
90
91
86
92
83
88
90
91
94
88
87
85
85
88
91
86
93
89
88
88
95
97
87
94
87
83
93
92
87
89
81
84
94
89
89
88
92
93
90
90
90
81
91
94
88
84
97
85
93
82
82
87
89
87
91
94
92
94
86
96
90
85
91
89
87
91
88
91
86
93
82
88
91
97
94
92
93
93
91
90
89
82
94
87
89
89
90
90
87
89
94
87
86
101
96
94
93
82
98
94
88
90
83
93
82
86
92
83
83
82
90
90
87
95
80
158
172
81
95
87
85
82
96
112
95
146
91
99
83
80
92
85
76
96
89
88
87
86
86
90
96
93
83
95
92
94
90
88
95
88
89
95
98
92
93
95
87
91
91
89
87
88
77
72
77
85
80
73
79
81
82
80
91
83
73
89
71
82
75
85
95
89
90
91
86
95
93
91
92
91
82
94
94
92
90
92
80
97
82
90
98
93
89
85
89
81
99
90
92
82
83
95
96
94
88
83
111
86
80
71
86
95
71
77
79
92
81
96
83
96
89
83
86
98
80
75
77
82
78
90
91
79
79
73
81
73
86
81
78
77
79
76
85
84
84
71
164
130
116
89
87
97
104
116
92
91
87
89
84
84
81
79
88
82
73
81
91
77
82
83
87
86
81
83
86
80
83
84
74
85
87
94
78
85
93
85
83
90
79
81
83
77
76
82
80
75
84
84
80
84
82
91
97
86
85
78
79
86
84
83
83
80
78
87
89
91
73
90
81
83
83
87
85
86
77
78
81
85
80
91
91
90
85
90
81
82
82
93
88
90
75
83
86
81
86
77
90
83
78
88
89
86
87
91
85
86
85
82
85
81
85
84
78
86
84
85
83
79
81
86
85
86
88
90
81
78
82
87
89
89
85
85
93
82
77
76
85
93
87
84
96
76
84
85
89
83
84
84
82
117
102
93
93
90
93
90
90
86
100
85
87
91
89
83
82
86
89
83
86
76
79
81
78
82
83
85
84
91
94
91
80
88
80
81
91
91
83
85
78
77
89
87
77
87
91
85
87
87
84
90
89
86
90
80
92
93
92
85
86
80
85
90
90
80
90
85
83
87
75
89
86
83
80
93
84
81
86
82
86
80
88
82
80
85
87
76
84
87
86
82
78
86
85
90
76
84
90
84
94
86
86
81
80
92
93
82
83
76
86
86
77
82
84
84
76
89
86
87
78
91
81
91
89
86
80
86
81
81
80
79
84
84
85
90
95
84
83
98
77
95
98
78
88
89
92
81
84
94
90
174
161
110
112
106
114
110
123
90
90
82
83
86
78
84
83
81
82
85
81
84
82
82
81
80
82
75
82
87
83
79
80
79
71
72
92
86
74
87
73
82
77
80
79
77
70
76
73
80
101
80
86
77
82
80
84
73
80
75
79
80
86
82
76
79
82
80
77
86
81
83
73
86
91
87
87
80
78
73
83
81
83
86
83
83
79
83
75
80
87
81
81
74
82
79
84
73
81
86
74
80
81
72
81
76
87
80
79
84
85
82
84
80
89
76
76
89
94
90
87
82
75
76
74
78
84
84
79
82
82
84
84
87
90
82
85
85
74
88
81
77
76
90
88
81
158
139
146
165
150
84
86
82
84
82
93
95
90
110
90
95
93
93
91
95
93
91
95
97
88
90
97
96
88
93
83
85
77
80
84
84
75
81
84
80
80
84
80
71
70
78
79
84
72
82
75
80
78
78
82
82
79
83
76
74
84
72
75
86
76
79
79
78
69
77
71
78
82
92
82
82
72
80
78
77
75
87
79
85
79
78
78
79
79
75
86
81
79
75
74
77
80
75
81
78
74
71
79
79
81
86
80
71
79
78
79
82
72
74
85
76
72
76
80
84
70
83
78
79
94
78
83
80
72
74
72
78
78
74
78
86
80
79
87
87
80
78
83
89
80
82
86
117
142
132
171
97
83
92
88
87
86
82
74
83
82
72
70
72
71
75
75
79
92
83
79
83
76
82
79
87
79
78
80
83
83
79
81
77
72
84
84
76
76
72
83
84
70
75
86
88
84
80
76
85
77
84
79
80
83
80
74
82
78
81
73
82
76
80
80
78
74
92
91
88
89
86
75
78
81
76
78
81
84
76
85
83
87
86
82
81
76
87
82
85
77
83
80
76
77
76
82
73
82
83
76
81
83
73
83
83
74
82
86
86
90
82
72
79
73
81
88
90
87
89
83
80
85
81
82
83
76
86
82
77
85
79
78
