165
165
184
188
189
171
195
189
166
191
186
160
182
184
187
209
182
176
193
175
195
166
203
181
188
176
203
176
171
169
193
171
199
202
273
181
199
161
204
193
178
195
177
175
180
187
196
186
169
169
195
188
163
195
186
177
176
203
191
181
191
185
180
168
184
187
189
169
187
162
183
163
171
180
186
164
185
180
185
180
184
188
195
210
201
147
168
156
151
162
174
170
144
172
163
184
190
181
185
185
203
174
178
205
202
261
186
169
164
183
181
186
202
201
174
169
198
167
189
164
186
185
162
202
185
185
183
191
187
173
176
186
192
189
167
197
184
188
174
186
188
175
165
184
169
189
167
189
189
175
182
184
195
167
186
181
162
193
190
190
186
171
175
198
195
180
175
185
198
199
184
200
195
176
676
335
238
183
190
187
195
192
183
203
185
201
195
182
182
166
165
191
181
172
191
168
184
190
197
186
179
164
171
153
161
150
162
190
179
151
170
165
174
168
160
162
160
154
147
153
167
146
154
160
169
162
175
174
172
170
155
172
166
169
178
194
177
171
152
173
166
150
163
182
216
302
168
159
171
165
169
171
171
169
156
155
171
187
148
170
187
164
168
197
191
157
167
176
181
182
169
171
186
183
181
190
196
153
179
178
188
179
168
178
166
179
188
170
184
181
154
178
155
168
155
195
198
191
177
182
179
189
168
153
182
181
163
186
155
182
188
175
175
184
186
176
180
249
172
184
165
175
171
182
169
156
180
155
164
173
185
178
170
164
161
172
185
175
165
178
186
180
169
156
161
170
176
174
174
176
173
168
182
174
170
163
156
159
156
188
169
158
187
173
175
185
160
168
176
169
163
176
182
163
156
189
179
158
160
181
158
169
155
173
167
156
179
170
160
167
176
196
203
199
200
163
180
201
166
186
178
166
168
157
177
167
181
178
192
161
177
195
183
177
170
186
176
180
157
168
173
154
162
177
183
175
178
155
165
155
162
169
168
173
183
153
179
166
188
156
185
180
189
181
174
156
157
166
179
173
173
187
190
199
183
170
160
189
172
170
180
176
158
158
176
164
176
179
345
193
199
192
186
267
212
187
194
201
306
355
196
192
218
218
207
243
250
201
210
191
178
280
226
341
328
364
262
186
195
190
240
268
226
289
191
227
213
203
209
207
199
168
159
161
173
145
171
155
146
142
159
163
175
148
161
151
162
155
161
164
158
164
149
160
151
160
146
159
182
164
181
187
163
172
167
153
159
152
174
171
166
150
183
171
169
167
161
155
153
147
170
173
191
229
329
331
366
358
270
166
188
160
167
169
160
154
142
170
145
162
159
161
158
203
169
142
162
162
162
159
161
168
157
149
147
169
172
160
162
156
173
161
161
164
165
161
148
149
168
171
172
179
155
169
156
177
167
167
151
190
183
177
192
184
158
176
166
172
182
176
188
175
185
164
161
190
173
155
205
191
237
237
244
227
191
179
164
189
180
169
178
154
152
149
163
176
191
184
198
179
170
189
190
181
170
178
154
181
181
184
166
190
192
182
180
189
182
176
179
157
176
174
183
190
178
163
153
176
193
156
184
185
162
184
173
178
180
166
167
188
190
178
194
180
192
170
160
177
189
187
178
168
170
189
283
172
188
173
210
176
205
173
187
192
189
173
196
199
174
175
173
154
184
178
176
176
179
185
173
153
156
177
169
175
171
174
185
164
191
184
187
179
179
164
177
186
170
186
167
191
183
176
189
173
169
165
181
172
174
164
178
158
171
163
170
194
172
177
160
180
184
178
179
164
171
176
167
161
188
182
183
193
173
262
196
172
176
195
198
184
188
169
188
184
188
167
189
183
171
181
170
185
180
165
186
191
169
171
182
173
173
162
168
181
171
171
187
171
178
189
205
170
183
196
186
190
185
173
173
186
186
203
184
184
166
190
172
189
192
190
195
202
178
170
182
180
194
165
174
174
181
176
182
168
199
183
200
172
203
192
181
175
196
188
171
186
187
185
176
163
198
195
174
181
187
192
182
202
164
187
162
165
183
163
181
182
169
193
182
166
189
170
188
181
188
188
170
183
166
190
172
186
207
189
163
194
190
196
180
174
204
188
179
176
185
162
184
187
181
173
165
199
191
182
168
190
190
204
188
160
146
183
158
169
170
150
146
148
161
176
163
161
156
177
182
171
170
169
175
148
165
159
144
183
176
175
175
180
182
163
164
182
153
173
177
166
187
183
157
174
151
155
161
168
171
153
169
185
166
177
171
173
185
186
173
173
156
161
174
181
