6738
3310
3579
2785
2429
2131
2468
3585
3667
3831
4755
2563
1979
2409
2992
3777
2963
1876
2256
2822
1913
2086
2611
3467
3454
3134
2704
2351
2449
2168
1797
1818
1655
1742
1680
1656
1485
1524
1441
1801
1440
4284
4072
3447
3685
1229
3881
3930
3574
3174
2521
2381
2491
2064
2188
2618
1532
1511
1670
1680
1513
1682
1507
1673
1492
1626
1622
1657
1415
1554
1608
1558
1605
1633
1405
1546
1623
1416
1497
1683
1554
1430
1699
1292
1520
1628
2413
1754
1816
1567
1919
4170
3942
4036
3903
3831
2831
4444
3725
4492
5476
4138
3576
3885
4762
3143
3048
2239
2238
1762
1699
1608
1590
1399
1655
1618
1692
1761
4781
3318
3898
4000
1895
2063
4025
3729
3463
5029
4002
4271
4890
3804
3963
3087
3280
1990
2213
1904
1694
1963
1795
1261
1391
1669
1573
1796
1435
1653
1590
1534
1641
1723
1468
1516
1477
1736
1779
1597
1251
1469
1929
1947
1975
2004
3045
3243
3845
5110
3958
3886
2867
1336
3191
3366
3491
3366
1988
3194
3620
3759
3158
1127
2310
2729
1892
1405
1457
1653
2075
1958
2115
1963
2849
3749
2990
3398
3783
3544
3862
2949
2968
2137
1942
1887
5725
3305
3721
3291
5215
3828
3095
3730
3071
3434
3645
3457
3559
3776
3165
3629
3853
4068
1474
2609
2008
1703
1655
1687
1785
1655
1406
1557
3583
3246
3037
2203
1278
1629
1727
1909
1628
1756
1399
1870
2106
1403
1769
1486
1754
1776
1697
1655
1632
1300
1587
1659
1803
1707
1688
1702
1606
1671
1494
1551
1470
1427
1408
1776
1518
1766
1419
1962
3812
3213
3061
3570
3266
3205
3827
3656
3842
3207
3672
2655
3628
3773
3020
3627
3244
3706
3679
3100
3451
1798
3237
3601
3426
3245
2507
3389
1436
1498
1938
2296
2391
2728
3079
2280
2380
2263
1610
1531
1728
2979
1320
1422
1728
1438
1722
1649
1604
2881
1623
1543
2036
2728
3412
2813
3303
1821
2062
2053
1727
2202
1941
1732
1703
1433
1751
1496
1700
1671
1539
1519
1773
1590
1290
1703
1650
1743
1682
1659
1733
1505
2516
2942
3160
3223
3346
1385
1704
3287
3713
3502
3277
3336
4006
3177
3432
3043
2455
2226
1467
1437
1829
1572
1703
1556
1526
1645
1106
1573
1683
1513
1678
2062
1301
1603
1660
2053
1997
2285
1543
1594
1902
1990
1696
1496
1761
1280
1644
1571
1443
1952
1618
1610
1474
1610
1600
1536
2181
1834
1919
2239
1922
1801
1971
2005
1804
2169
2816
1239
1514
1351
1175
1717
1576
1492
2096
3919
2396
2915
1445
1345
2018
3317
2641
1375
1342
1501
1442
1670
1518
1496
1591
2573
2708
3459
2590
2407
2290
1783
1825
1682
1772
1760
1454
1483
1637
1523
1556
1632
1650
1742
1694
1429
1639
1751
1649
1803
1718
1681
1850
1673
1705
1629
1397
1228
1630
1700
1767
1618
1690
1494
1649
1638
1521
1546
1773
1406
1530
1616
1620
1493
1626
1593
1709
1640
1591
1421
1605
1489
1711
1547
1524
1486
1529
1421
1503
1646
1681
1457
1642
1659
1247
1579
1627
1727
1778
1650
1568
1735
1765
1304
2428
2244
2697
2232
1625
1364
1392
1611
1576
1748
1720
1828
1921
1597
1756
3229
3775
2913
1382
1697
2409
2469
2446
1914
1947
1984
1466
1528
1427
1782
1714
1677
1709
2044
3284
2340
2527
1952
2143
3853
3878
3337
3240
3559
1795
3524
3889
3492
2171
2619
2797
2665
1741
1582
2656
3787
2175
1723
1683
2830
5297
6334
6677
6171
5195
4097
3313
2501
1634
1644
1862
1681
1493
1598
1624
1661
1643
1690
1508
1904
1825
1821
2302
2176
1775
2218
2451
1862
1672
1713
1588
1881
1896
1436
1648
1576
1609
1642
1416
1667
1721
1504
1625
1636
1804
1677
1682
1688
1618
1636
1771
1618
1541
1635
1500
1751
1688
1684
1647
1690
1501
1654
1605
1720
1504
1627
1609
1446
1721
1685
1504
1450
1447
1383
1434
1391
1506
2284
1930
1463
1491
1443
1628
1471
1698
1576
1700
1459
1418
1656
1568
1460
1694
1697
1591
1715
1212
1706
1502
1605
1521
1708
1679
1742
1414
1524
1509
1540
1411
1491
1692
1731
1503
1788
1446
2455
3894
3617
4346
5166
3949
3813
3633
3779
3533
3095
3188
2571
3614
1986
2362
2597
2165
3760
3319
3088
3820
2817
2506
2374
1230
1998
1768
1647
1435
1641
1600
1646
1670
2283
3602
3387
3753
4264
3726
3868
3276
3907
4028
3898
3682
3268
3402
3643
3677
1939
2084
2223
2477
2158
2142
1905
4066
2945
3502
3544
3530
2868
3894
3674
3708
3614
3534
3822
2742
3168
3489
3837
2852
2742
3627
4972
3615
2665
2421
3430
2941
3404
2592
2940
2102
1485
1466
1713
1758
1600
1639
1528
1914
1268
1576
1642
1676
1616
1832
1630
1769
1624
1408
1822
1537
1646
1624
1536
1434
1625
1728
1879
3432
3020
3600
3866
2212
3406
3704
4192
2999
3248
2869
2446
2016
2140
1424
1531
1711
1710
1648
1396
1682
1490
1697
1478
1670
1717
1438
1592
1582
1623
1645
1619
1534
1684
1758
1652
1768
1665
1652
1758
1218
1548
3540
2998
3495
3664
3530
3489
3627
4661
4680
2767
4829
4918
3255
4192
2690
3699
3847
2896
2834
2161
2567
2310
2466
2756
3378
4014
3226
2501
2202
2160
2081
1949
1757
1446
1598
1654
1513
1400
1657
1652
1506
1611
1505
1629
1778
1555
1517
2949
3022
3229
3767
2873
3115
3145
4018
2701
3044
2917
2715
2441
2429
2787
2966
3856
3804
2619
3294
3107
3461
3707
2819
2577
2384
2352
1866
1817
1887
1828
2605
2065
2904
2093
1404
1388
1732
1731
1815
1654
1316
1720
1445
1487
1614
1624
1687
1440
2170
2003
2328
1559
1732
1630
1648
1642
2117
1949
1717
1591
1710
1662
1564
1524
1525
1552
1686
1450
1788
1655
1605
1795
1660
1656
1760
1390
1481
1528
1488
1698
1607
1735
1654
1499
1661
1444
1385
1683
1785
1664
1705
1395
1918
1259
1800
1679
1394
1424
