261
273
271
275
272
283
251
269
237
271
275
269
269
286
247
280
265
271
283
280
263
256
286
292
284
251
263
275
256
468
454
267
257
274
293
294
255
298
295
321
344
280
255
267
293
314
302
287
308
308
289
286
287
291
304
282
306
288
262
295
292
264
272
271
299
320
289
301
330
302
301
262
305
297
274
307
318
318
308
269
352
323
306
262
275
280
337
277
331
276
329
301
277
298
289
310
315
302
260
314
263
276
299
288
297
296
297
293
278
281
309
292
288
298
301
288
303
279
297
300
308
303
273
319
285
324
322
317
319
312
270
308
308
292
304
311
272
298
306
287
308
325
271
319
320
312
305
316
312
305
297
320
326
270
290
313
289
282
324
309
286
340
321
282
297
320
280
296
319
293
286
317
288
297
295
315
283
315
322
273
307
313
289
307
309
295
276
327
308
303
288
317
305
323
306
332
304
309
264
289
265
285
335
285
324
320
305
288
294
315
311
296
269
446
344
317
281
304
285
317
315
270
306
314
275
320
290
311
274
308
303
317
287
300
319
289
270
337
314
302
321
330
263
291
281
332
310
316
320
319
304
286
307
281
283
296
305
328
361
302
263
271
295
295
295
314
292
298
311
302
295
265
310
298
263
302
299
283
292
283
267
296
262
328
316
304
306
303
267
304
331
317
291
307
313
302
265
288
300
284
269
291
297
373
332
314
319
301
309
277
290
280
280
269
295
329
304
283
271
284
310
311
292
320
315
293
333
286
282
283
306
324
329
330
297
305
306
274
280
282
314
302
311
314
324
311
285
307
608
448
1138
384
365
357
377
367
302
356
444
381
352
364
336
333
318
386
329
440
390
565
377
523
338
318
309
299
302
313
286
312
313
286
314
273
298
309
280
258
287
264
247
305
296
287
292
290
279
294
309
261
304
288
338
379
302
372
308
321
294
282
289
296
281
261
276
254
245
271
292
270
265
257
303
297
280
279
274
280
292
290
265
289
267
262
275
292
286
276
306
292
263
290
254
269
320
262
259
298
298
301
278
281
493
332
329
303
274
262
269
307
278
270
248
299
268
246
273
243
241
271
274
269
246
288
238
261
275
253
251
264
288
279
284
284
269
274
293
280
281
284
275
288
271
293
278
272
318
260
301
284
255
418
359
342
287
267
268
252
292
301
279
287
254
279
261
273
268
273
258
278
259
267
274
299
267
316
262
279
297
292
295
284
251
301
294
299
284
266
304
305
312
297
312
296
310
258
296
314
339
300
301
543
263
301
295
259
297
319
309
303
294
307
301
276
287
309
261
291
270
296
279
298
295
290
322
288
317
266
278
326
297
283
272
281
280
276
286
311
319
328
278
290
301
299
270
384
300
269
301
320
328
327
277
307
319
311
269
291
304
284
295
300
271
302
275
297
272
317
299
291
303
317
268
288
311
308
263
293
272
289
308
287
304
288
292
295
291
257
295
305
305
311
285
288
312
268
302
295
314
324
328
294
288
299
301
286
305
316
268
293
298
278
288
284
294
299
279
323
294
308
282
324
308
330
314
301
296
274
303
270
312
311
283
294
276
311
322
322
290
315
279
312
402
369
326
272
326
315
300
305
306
264
298
272
278
297
307
312
310
309
334
312
324
310
300
331
317
271
316
312
282
319
308
267
298
304
312
305
269
305
303
298
324
335
317
288
305
357
309
321
263
293
260
284
298
285
333
316
308
275
303
288
267
284
326
321
319
312
314
299
305
310
304
308
302
274
302
317
322
291
269
301
268
293
275
297
309
303
298
305
371
306
304
299
301
308
305
320
305
319
296
308
295
274
313
295
314
322
284
319
319
296
280
286
292
307
292
283
274
275
274
269
270
269
299
311
304
300
318
300
328
284
303
271
324
356
277
280
304
302
277
331
287
306
297
317
298
302
318
309
282
321
314
284
272
308
296
296
270
286
310
293
327
270
276
332
307
308
319
279
329
300
321
305
278
305
308
304
305
295
393
309
275
303
258
279
305
281
298
288
265
262
315
304
270
267
286
263
325
287
313
330
318
294
294
260
263
266
285
269
278
299
305
315
327
301
297
303
272
282
310
300
321
340
328
382
291
301
298
339
298
270
312
290
270
326
308
282
308
341
302
304
284
313
263
279
318
301
295
265
323
299
331
275
294
316
328
310
305
288
311
299
303
313
327
306
336
308
317
347
317
332
319
307
324
284
409
345
358
305
351
331
381
472
387
597
582
539
375
584
354
311
299
320
294
279
264
269
280
286
274
281
316
294
319
295
292
314
294
313
