883
836
884
778
632
706
650
665
614
608
304
366
362
366
358
352
305
412
307
415
400
419
356
367
608
621
401
380
387
372
344
394
390
372
353
362
354
323
411
303
294
300
369
355
356
378
353
330
354
371
316
360
330
381
332
731
712
673
437
375
368
366
322
332
371
369
377
331
366
367
372
405
373
394
442
373
351
338
381
367
365
371
370
365
389
382
372
343
418
379
367
379
397
397
366
339
396
366
384
351
392
386
365
359
332
333
379
367
382
398
380
363
362
335
395
397
353
355
371
359
361
322
332
326
368
386
546
366
422
489
768
462
418
508
542
508
607
365
538
475
456
592
569
448
395
425
367
395
427
410
366
451
397
395
407
374
363
403
411
410
373
405
393
386
351
305
301
354
335
412
587
431
419
390
335
352
307
313
350
334
316
388
373
339
346
359
376
355
354
361
386
374
391
404
361
350
352
359
355
340
362
334
355
388
411
360
340
350
423
592
461
376
335
394
375
379
381
374
368
387
376
328
347
373
371
381
400
380
404
408
369
377
371
366
398
390
395
393
355
383
345
374
366
342
403
690
774
722
747
376
389
354
409
344
394
346
352
347
381
394
410
414
463
372
332
402
383
408
341
376
344
386
420
401
389
454
395
421
364
404
471
715
647
722
660
730
642
684
688
683
706
637
752
679
734
722
665
714
712
676
749
635
640
684
728
702
668
698
735
716
535
398
392
417
371
339
370
307
320
362
335
396
354
425
394
378
378
380
536
393
387
419
432
350
390
378
406
366
419
411
411
381
394
397
372
357
344
417
352
383
384
349
398
382
368
410
378
382
417
381
399
341
355
399
358
385
425
416
845
662
631
679
507
441
412
390
382
354
431
383
405
345
358
413
405
366
389
398
425
399
441
385
369
376
396
341
303
358
322
305
532
416
580
607
605
455
396
399
365
360
379
395
394
406
392
323
373
401
373
406
398
415
380
417
338
415
379
406
388
387
384
385
355
436
364
337
352
397
349
374
448
386
335
389
354
347
372
423
372
393
429
398
365
382
405
377
437
387
388
381
416
359
333
396
362
381
385
383
497
694
691
666
410
390
414
413
392
396
384
387
369
405
388
334
439
334
377
389
363
364
471
423
403
411
399
557
653
661
512
693
706
650
380
396
377
661
404
396
391
407
350
421
389
397
395
352
390
436
361
430
388
403
405
427
410
381
424
420
392
555
519
410
433
401
342
343
407
398
394
388
531
347
379
412
390
357
394
382
386
328
327
392
357
372
392
361
397
404
399
361
324
329
385
385
760
764
799
811
802
409
464
808
654
800
396
610
450
484
409
642
688
582
590
650
708
696
667
643
733
684
651
663
699
686
751
747
436
401
400
394
382
440
396
403
393
401
386
411
401
406
381
392
409
360
390
408
358
406
354
397
437
432
437
428
380
408
377
384
474
667
470
345
415
429
417
340
396
373
349
392
406
428
419
407
394
393
351
379
412
383
404
378
385
399
407
379
390
399
379
340
412
383
567
490
744
393
577
907
360
996
893
1055
945
986
997
691
387
725
637
639
745
596
368
496
395
436
440
403
346
385
364
399
332
386
318
383
332
393
377
363
354
450
346
362
351
360
358
374
378
367
384
342
372
339
370
331
338
384
385
326
426
343
368
392
398
391
373
335
373
398
364
402
378
392
360
389
409
352
383
368
349
403
347
394
344
341
396
383
355
350
396
383
393
357
366
353
362
408
368
392
361
741
402
349
742
786
406
793
344
638
651
694
814
699
715
783
717
735
424
431
490
377
499
596
705
713
677
686
560
400
411
454
357
387
553
445
489
652
750
710
665
675
500
494
343
401
420
381
433
386
515
617
681
543
554
364
379
550
382
356
477
348
375
618
345
490
525
587
663
444
678
721
766
738
694
813
604
528
641
616
665
648
706
724
652
541
705
737
756
697
430
360
449
410
412
429
487
469
568
490
449
604
448
402
384
372
417
439
440
412
450
445
390
446
409
438
418
426
418
407
444
421
402
386
389
368
417
411
440
428
433
408
346
514
722
701
453
486
356
432
351
384
417
346
358
407
398
379
416
357
391
337
370
410
391
431
707
458
624
702
720
683
457
458
497
525
660
477
373
389
445
561
414
349
410
426
397
438
422
427
392
399
402
383
401
425
394
411
406
389
400
389
507
404
445
462
354
531
680
457
563
488
511
714
378
410
404
406
345
365
385
345
352
381
369
381
376
422
392
393
344
365
349
384
384
375
338
376
395
375
387
360
726
662
533
406
344
411
423
394
