227
173
177
180
168
173
183
183
217
178
172
171
157
179
173
160
157
196
176
178
158
172
170
172
174
170
185
156
163
179
164
158
169
167
171
173
157
178
158
171
183
162
175
161
153
161
151
171
159
148
154
133
142
130
132
147
149
156
135
153
131
148
147
154
135
134
153
139
151
153
151
157
158
153
152
160
153
155
138
163
155
164
163
150
168
180
264
179
182
187
172
188
166
147
162
164
157
141
166
168
160
140
143
151
149
149
148
144
149
143
152
140
135
154
134
160
150
145
142
159
135
138
151
160
151
148
147
148
138
156
150
137
129
158
142
147
134
153
137
144
147
157
155
134
139
155
143
159
137
153
149
161
168
160
140
153
135
143
151
149
144
155
158
141
156
152
152
148
140
165
206
172
165
171
180
158
159
143
170
151
144
154
146
150
159
143
153
156
156
159
146
149
151
154
144
149
146
158
162
145
160
169
144
165
169
167
154
144
160
157
165
154
165
158
162
162
165
162
161
166
166
143
146
168
155
159
151
138
156
159
152
156
157
140
145
142
148
145
141
164
145
164
156
147
143
166
169
147
141
163
151
146
249
187
175
168
189
181
194
151
151
167
164
168
166
179
161
187
155
165
156
163
149
152
161
163
143
148
142
160
145
144
147
165
156
154
151
154
165
159
152
149
165
152
149
157
151
165
159
163
150
138
161
154
165
159
157
164
145
146
168
148
173
158
160
165
150
167
167
160
151
143
151
149
170
144
148
167
148
158
251
178
179
144
171
163
162
161
164
163
165
172
170
153
162
177
163
171
150
168
168
166
151
176
174
173
174
169
161
154
164
159
162
147
167
171
174
145
159
160
158
151
154
154
163
162
161
143
146
169
144
147
163
154
151
154
143
166
162
162
147
166
177
167
155
169
177
159
144
175
171
147
174
166
159
142
173
142
154
167
173
154
164
154
159
177
169
153
168
158
157
162
165
173
161
148
188
160
184
194
187
152
172
169
160
162
169
164
163
160
164
168
163
154
150
152
166
175
147
167
172
176
162
166
159
157
159
178
160
169
155
168
153
153
172
160
161
152
168
168
174
166
166
178
179
168
172
151
173
182
166
150
158
178
166
159
179
145
164
150
153
154
147
170
163
162
162
146
175
144
161
180
165
239
193
153
181
174
171
161
158
175
166
175
147
161
184
174
176
154
162
155
163
162
177
166
172
159
151
165
174
143
170
144
172
154
171
159
154
166
174
168
168
169
172
169
158
152
171
166
167
145
175
166
161
148
158
155
170
176
171
172
159
172
170
151
164
153
188
154
160
147
152
177
178
159
150
146
164
149
163
217
173
158
168
182
165
155
168
143
141
162
154
153
165
163
145
149
175
163
164
162
171
146
162
163
152
167
170
169
159
149
170
170
178
168
162
179
151
155
147
153
177
165
155
175
166
159
175
181
175
173
175
174
153
166
163
156
150
166
162
169
157
161
169
161
162
153
149
152
169
160
164
166
166
159
148
159
155
154
182
150
167
169
164
166
172
169
170
168
146
166
164
145
153
151
164
163
161
156
168
160
161
165
154
162
152
156
158
172
154
142
144
148
160
160
154
148
195
171
157
187
199
146
175
176
161
162
186
166
156
163
146
158
345
401
415
428
365
216
246
229
245
247
215
249
236
310
240
251
163
157
150
148
160
152
147
142
154
154
149
144
154
147
133
150
157
150
154
143
138
148
139
149
140
149
142
144
153
148
150
146
144
143
138
145
165
155
171
136
155
156
136
138
151
151
149
160
153
151
147
131
153
133
134
152
154
147
153
150
135
136
143
145
145
146
147
152
132
132
159
148
161
145
138
145
141
162
161
147
167
172
159
132
152
140
139
165
164
145
165
175
151
159
149
172
152
178
170
167
159
153
161
171
143
151
147
163
174
168
161
157
162
161
175
177
160
166
167
175
154
154
158
153
182
167
155
154
178
168
173
189
172
152
173
147
170
167
156
144
151
173
184
149
180
169
161
178
153
168
144
166
143
167
185
152
169
175
180
161
173
151
155
181
152
167
166
166
172
174
148
158
166
153
159
148
162
148
153
168
146
160
179
167
175
165
165
167
166
166
166
153
172
168
179
154
165
168
163
164
146
167
155
166
171
157
166
161
166
146
164
159
146
167
166
149
164
163
147
145
169
167
157
159
168
155
169
150
183
152
164
163
160
172
162
161
166
168
174
160
179
229
270
151
162
183
163
173
179
204
357
407
166
266
196
203
185
169
179
185
176
238
221
310
256
220
216
189
200
240
