864
411
394
440
487
375
486
769
711
746
661
617
669
607
373
716
810
855
799
716
798
906
767
376
547
685
964
1487
1965
1329
1061
939
1136
981
1110
1231
1033
1061
1055
1058
942
1021
1153
1114
1024
905
979
1095
1185
1099
1066
1071
1101
1074
1001
1084
954
933
1023
953
916
804
990
814
761
850
703
607
727
672
731
643
729
692
596
507
502
521
518
498
456
542
441
537
436
443
500
468
507
486
515
508
434
515
493
476
466
471
436
472
451
520
507
468
491
438
524
443
454
484
443
601
486
506
516
445
497
522
509
452
507
510
485
483
489
445
497
491
495
480
472
444
530
515
500
436
483
518
478
480
648
375
413
474
505
463
473
545
508
444
451
442
526
487
443
482
527
505
449
468
524
465
478
466
463
495
441
751
698
763
772
690
749
738
834
745
733
813
798
794
757
763
698
751
769
730
606
390
439
420
404
527
439
525
536
443
530
1048
1429
457
435
404
403
1382
744
478
503
821
430
435
482
1094
795
471
396
537
477
427
382
866
543
447
824
849
811
838
742
773
852
899
794
525
611
584
601
694
827
949
701
900
776
1746
725
778
628
752
866
837
804
687
691
691
659
715
758
740
660
813
1461
789
739
698
667
770
754
741
738
796
755
732
797
727
421
745
494
497
544
869
578
517
438
483
774
489
692
476
613
431
544
803
584
401
385
800
716
639
540
391
506
666
492
930
765
650
602
583
607
599
611
523
489
711
530
513
451
430
410
459
432
468
382
478
390
481
445
743
775
776
713
813
771
746
734
710
750
758
775
760
775
758
717
772
730
702
761
492
759
800
882
591
588
583
569
568
604
596
511
595
555
588
551
516
595
571
538
543
513
561
566
692
522
388
644
504
400
940
389
809
913
621
758
529
563
547
424
400
505
526
376
378
452
492
618
639
688
430
432
571
450
448
445
534
455
502
535
532
640
386
462
429
823
763
467
406
613
365
497
492
489
441
434
436
467
524
506
413
609
581
506
546
520
557
489
673
429
408
494
509
447
545
452
559
489
460
506
550
393
557
614
475
386
383
433
428
438
428
439
417
422
448
424
460
458
423
479
431
437
423
378
458
371
478
499
525
520
496
511
478
585
684
512
658
609
650
651
508
564
460
549
467
685
457
437
489
507
484
509
542
413
475
486
479
493
483
430
429
389
419
407
484
514
483
481
507
430
508
464
464
499
516
497
450
438
537
433
514
626
539
1046
1089
802
836
486
496
462
448
525
491
732
1107
1050
1035
1118
965
956
996
933
380
451
1978
1440
1964
635
1767
1142
1539
1670
1158
1013
1682
1900
936
1694
1451
1320
1544
2066
1806
1037
1177
1905
1854
1287
1436
423
549
1137
1037
1096
1189
1026
1164
1010
1147
1164
1159
1120
992
1123
1119
994
1189
1140
1176
1996
2130
1753
2086
1982
1516
1183
1418
1862
1757
1771
1616
1238
1261
1256
1167
1159
1106
1213
950
1640
696
644
687
693
661
373
494
512
487
435
602
783
753
338
464
499
496
521
447
529
474
484
481
516
446
462
1114
770
1087
1124
1172
1107
1152
1180
951
996
1183
1161
1154
597
362
370
930
1123
1157
792
1193
1030
1144
1124
1067
1009
1109
869
376
915
1144
968
929
1423
751
477
481
445
581
625
372
450
715
492
483
599
890
940
636
475
414
494
442
782
1035
892
1535
1566
1510
1419
1426
1146
490
783
777
761
636
428
503
424
424
422
419
567
568
873
471
411
503
498
518
458
445
438
489
497
634
770
692
672
675
674
635
719
665
799
618
485
542
686
598
605
863
842
931
955
654
763
562
674
678
531
943
744
704
658
459
763
865
590
404
709
719
466
451
500
458
885
681
603
1097
446
510
641
818
687
793
762
690
508
986
818
570
701
785
619
739
534
702
702
538
776
539
722
678
425
489
692
466
560
437
499
466
668
437
418
378
421
490
442
468
460
469
488
575
448
548
627
512
719
730
427
651
457
406
502
416
378
593
408
567
826
701
816
745
611
423
745
794
594
582
645
716
770
767
761
754
755
755
781
709
723
773
764
717
707
734
748
627
392
491
501
402
467
453
543
501
549
480
497
524
480
459
546
485
453
506
670
857
632
706
876
554
779
758
791
504
513
454
499
526
469
945
604
564
729
864
718
499
419
513
690
526
381
485
398
518
501
537
498
550
501
509
350
456
505
488
507
498
506
511
513
449
439
493
409
362
675
762
699
690
804
716
509
409
517
501
467
453
556
976
666
531
826
710
587
343
558
493
429
437
538
556
531
523
504
494
525
502
517
509
450
522
654
916
866
933
899
1039
725
459
337
464
395
347
498
510
511
453
509
443
501
515
534
478
485
453
501
545
507
453
535
548
442
588
940
1111
1142
1041
