955
910
841
1068
1026
1442
1134
1178
1009
822
1162
792
968
833
888
853
973
1070
1085
865
1067
976
849
973
1248
1332
1193
1567
1344
1101
1133
1265
755
843
909
866
871
843
891
997
952
1029
894
727
1485
719
901
948
714
833
1063
1370
1509
856
845
729
822
1075
1631
952
749
940
887
905
1003
941
1029
1063
983
840
854
849
945
765
756
822
881
850
938
992
832
893
903
878
985
960
882
996
785
1488
1082
1175
1281
1231
1281
1065
1096
1098
1094
1078
929
755
780
1079
767
676
1071
921
1016
917
939
1037
967
1065
1046
968
890
1026
982
1754
2021
2430
1872
2370
2344
2367
2181
2242
2221
2293
2262
1926
1869
1857
1341
1237
1255
1416
1112
1012
1029
1137
1150
1075
1052
934
987
901
875
832
1041
915
902
965
1060
793
943
1233
911
892
890
869
1012
838
1014
994
1002
1066
996
951
902
980
732
621
976
994
985
998
1004
986
974
1016
941
935
1020
863
977
862
673
876
965
876
874
899
881
848
1013
1018
939
980
834
967
1314
1236
866
875
862
849
884
1462
929
922
823
1096
896
985
1214
1401
1559
1586
1676
1923
1038
850
693
909
962
1065
892
902
880
909
902
826
981
1004
1141
1246
1217
2315
1998
2076
2221
2227
2372
789
759
1460
1776
2006
1919
2401
903
2106
1620
789
972
1865
1591
1578
1574
1581
1443
1221
1341
958
799
1624
756
753
856
771
767
1037
834
1288
1153
1037
1099
852
875
942
805
868
1050
1060
1494
1289
895
1103
909
893
1044
850
826
938
961
954
798
791
727
777
924
916
1000
1007
915
1031
1061
915
1138
880
816
955
910
856
781
986
856
1383
1350
1401
1129
878
957
964
982
1040
858
916
1000
846
978
924
1017
956
857
1085
856
994
832
1272
1263
1029
1436
1077
864
914
886
769
1087
1157
1518
1115
1002
940
905
881
1050
951
1059
975
1087
904
1007
1064
907
1011
843
950
998
1067
897
876
989
1006
855
1051
974
898
808
904
947
897
1217
1338
928
1025
893
1288
991
862
936
1066
1341
1347
1191
1303
1221
1284
1290
1201
1313
1078
841
799
996
920
1004
1086
1046
865
1076
1713
2590
2460
2167
2185
2238
1887
1246
732
1224
1929
1673
1829
1314
1414
1558
819
785
815
922
902
1075
886
944
950
1039
962
967
993
949
1037
996
895
954
859
904
808
985
902
829
824
1029
868
907
975
900
916
875
902
983
1005
900
837
819
1054
943
871
1069
918
977
986
902
913
969
902
962
873
949
856
1015
973
834
977
1003
1010
925
1000
907
838
859
1094
745
1011
1049
1116
868
847
1052
902
967
918
1418
2056
1588
740
1830
2133
2140
2018
2257
1981
1603
2096
2233
2062
1974
2143
1840
1338
743
1866
1918
1960
1411
1576
1711
1359
1147
889
1589
883
817
910
900
749
1892
1844
1914
1920
939
948
1035
1349
1170
1345
1240
1437
1519
1219
916
852
738
953
803
1000
822
856
954
1092
1051
845
919
861
976
964
993
1015
962
1072
958
1036
1110
1204
1041
1031
935
1264
1093
1093
737
901
1043
745
1104
898
913
928
929
1315
973
778
950
804
844
888
854
916
956
1027
1062
828
704
1627
751
1209
882
757
873
814
963
831
948
1009
882
1007
994
959
993
1223
933
1497
1182
923
989
974
843
977
1036
974
996
978
976
983
1034
903
978
1025
870
955
1038
961
954
904
884
977
987
1026
866
972
863
886
851
904
906
879
820
792
961
1060
893
896
938
922
1000
1033
896
944
917
873
953
1767
2203
2189
1775
2060
812
1506
1675
1371
1593
1547
1551
1381
1287
1290
2066
2210
1978
1986
2155
2335
2266
1890
2302
2127
1888
2176
2088
1556
810
935
1215
1055
1498
1495
997
847
890
948
839
816
1146
957
1075
1710
1771
1923
834
975
1335
1224
2228
2027
2330
2307
1281
1172
2008
2218
2282
1926
2308
1907
1936
2194
2068
2039
2299
1882
1787
1805
1756
1512
1282
1335
1276
1309
1008
1000
887
964
995
1036
811
891
990
970
958
1026
907
975
877
847
968
908
860
1031
1048
711
744
858
954
954
885
830
984
989
947
968
907
927
945
983
898
953
1026
1480
1423
1528
871
1128
898
954
977
895
816
922
914
1019
738
941
975
921
952
920
925
959
1126
1412
1300
994
1322
1013
2098
944
859
944
850
854
944
808
936
933
1084
856
1004
952
853
866
854
910
1093
771
811
941
1010
966
910
1047
884
1085
1016
1385
1309
1297
960
922
764
934
1060
906
864
927
761
863
915
972
878
833
967
1004
971
968
1015
1031
904
839
1363
866
1075
1275
982
1662
1384
1093
754
863
928
973
867
969
961
903
854
1024
898
1211
1372
861
1526
806
854
843
1000
951
975
973
884
810
854
1193
1592
1671
857
785
932
1219
1153
1339
1161
1271
1240
1344
1141
921
1072
1046
895
987
1040
1006
975
1015
921
848
954
889
981
993
852
836
906
1647
764
1793
1805
2140
1802
1862
2030
2225
3341
2821
2207
2248
1817
1920
1011
2305
2300
1939
2369
1879
2217
1100
1592
1799
1908
1784
1446
1480
1596
1407
1079
1157
868
900
835
889
992
834
939
860
924
1069
1006
1004
1411
749
608
901
984
1028
872
1087
1013
978
943
848
1006
971
1013
810
900
1008
919
1040
