284
281
278
269
278
291
272
413
304
269
317
290
307
262
263
287
296
293
247
219
236
251
233
247
257
255
219
252
232
232
266
250
256
255
249
258
247
261
270
235
231
233
259
275
267
229
234
253
264
269
259
256
274
277
264
260
274
228
302
291
270
333
333
350
353
335
252
247
266
263
249
249
238
223
221
225
250
248
235
253
258
254
262
266
270
287
292
255
261
228
250
269
264
253
252
284
286
271
254
285
242
268
238
263
266
285
272
272
279
262
259
257
273
264
250
266
271
257
242
282
278
276
284
270
267
249
252
246
283
270
265
288
264
241
271
273
258
272
263
269
275
289
269
260
276
284
272
271
279
277
287
281
278
251
243
256
279
332
256
268
284
307
282
281
276
316
264
279
290
305
262
245
250
289
274
274
287
266
268
243
282
291
307
281
286
290
286
259
292
295
246
283
276
280
257
276
273
249
279
277
291
274
296
276
360
258
304
283
300
257
254
263
255
301
278
261
288
298
264
249
249
258
282
246
293
290
299
246
299
294
289
279
258
289
242
310
280
259
274
262
264
288
296
283
292
279
311
296
247
294
273
307
368
335
246
256
290
277
278
277
265
254
292
251
286
265
284
267
289
249
276
282
289
262
296
282
258
288
244
256
279
251
291
263
286
280
269
305
270
302
245
244
270
260
287
315
292
284
262
281
295
267
292
251
292
286
254
253
261
294
282
268
267
297
281
239
275
270
286
253
278
251
283
271
275
277
295
276
270
272
247
272
261
248
280
297
276
281
288
270
272
274
267
269
270
286
277
277
269
265
306
281
295
281
255
277
255
272
252
251
278
288
290
262
289
290
242
291
263
278
278
279
297
301
294
291
257
303
289
249
252
312
258
276
295
262
251
285
259
306
277
273
256
246
294
279
285
394
561
513
579
536
441
409
301
268
347
263
365
334
274
300
318
388
350
335
335
306
350
381
266
260
285
285
257
291
283
281
284
258
290
257
260
263
286
283
296
266
243
220
265
244
253
230
251
250
249
261
264
231
278
246
257
279
254
257
267
415
303
288
346
327
313
291
329
308
366
256
239
287
236
251
266
238
260
269
250
268
249
233
237
274
234
253
264
271
272
271
268
276
249
240
243
282
265
276
240
258
239
288
273
267
244
263
274
267
268
253
282
284
266
262
280
273
293
277
293
347
299
296
257
277
287
279
255
279
291
278
295
271
284
274
250
245
297
266
288
264
286
275
239
282
264
272
281
271
294
287
265
258
281
288
291
263
277
272
269
279
257
293
266
263
295
282
286
283
296
291
288
244
294
299
271
252
249
247
273
297
317
288
298
310
293
291
292
277
252
285
260
281
292
290
285
297
287
247
272
257
316
276
289
295
267
287
268
741
287
268
293
245
290
259
274
247
244
296
250
279
264
265
320
292
303
282
268
281
275
288
296
279
284
258
270
267
246
275
285
243
283
272
287
290
282
297
270
256
305
253
274
287
282
262
280
278
269
270
263
296
289
257
286
273
284
283
283
255
276
253
288
272
387
294
300
317
310
283
284
296
287
292
284
261
307
310
314
296
289
256
288
250
298
300
290
266
294
276
255
295
324
293
267
292
251
294
280
290
260
266
263
268
278
300
283
255
281
282
265
288
310
274
256
283
286
257
281
303
285
306
281
306
275
256
250
294
260
277
297
263
257
272
266
270
283
283
305
273
294
253
297
251
278
297
296
287
290
256
243
249
253
270
268
295
287
279
276
271
256
284
249
272
288
247
284
278
251
274
243
267
271
285
276
295
300
291
279
276
292
269
263
277
263
279
245
299
286
273
274
280
269
291
249
247
267
279
280
274
255
244
290
245
264
254
286
249
396
282
270
304
254
285
287
278
293
281
273
285
283
288
279
310
246
290
248
283
301
289
252
280
280
302
287
247
279
311
291
299
278
301
263
294
289
293
294
305
244
294
278
247
282
276
291
319
246
258
289
283
285
274
285
275
263
273
269
253
239
269
265
242
242
264
247
245
252
262
236
257
252
271
258
258
227
269
239
245
259
241
260
242
242
229
225
238
238
252
249
252
244
238
277
237
256
274
261
236
270
229
258
277
231
246
267
248
273
242
234
260
268
264
282
262
260
255
251
265
286
264
250
275
265
261
274
259
248
267
286
269
239
276
271
282
243
265
238
247
276
265
287
255
256
254
254
251
352
510
506
490
394
275
248
244
247
255
270
273
270
248
273
275
276
264
266
273
254
284
286
264
272
266
276
273
239
261
257
246
251
286
268
286
281
273
