1035
1165
1516
1453
1118
1122
1495
1504
1264
1530
1374
1433
1337
1429
1125
1602
1140
1301
1123
1173
1281
1569
1219
1391
1202
1132
1106
1564
1195
2197
1320
1071
1582
1829
1958
1900
1927
1340
1213
1161
1263
1194
1310
1406
1400
1207
1703
1477
1694
1832
2003
1795
1476
1642
1025
1304
1251
1476
1652
1485
1456
1519
1424
1104
1139
995
1213
963
1067
1709
1294
1244
1578
2151
1454
1271
1128
1066
1233
1160
1635
1693
1170
1168
1076
2004
1512
1142
1256
1366
1133
1253
1088
1325
1091
1166
1474
1696
1286
1242
1323
1859
1402
1001
983
1142
1624
1460
1319
1311
1909
1781
1695
1167
1138
1426
1018
1374
1252
1136
1106
1225
1007
1111
1134
1309
1084
1183
1300
1176
1101
1505
1271
1173
1284
1295
1181
1133
1248
1099
1303
1943
2682
2848
2952
2333
2766
3015
3115
2487
2819
2700
2879
2090
2837
2938
2695
1496
2597
2189
2184
1852
1642
1820
1175
1413
1168
1270
1295
1179
1336
1153
1286
1295
1356
1629
1994
1539
1486
960
1169
1069
2092
2840
1884
1455
1810
2116
2048
1167
1761
1489
2097
1340
1728
1498
3051
2506
1571
1590
1377
1213
1233
1275
1298
1145
1267
1322
2278
2917
2995
3060
2970
1692
1238
2632
2881
2849
2699
2970
2527
2782
2531
2553
3218
1022
1248
3041
2957
3006
3104
4967
3258
2562
2800
2485
1319
1858
1172
973
1424
1126
912
1115
1176
1222
1206
1107
1350
1275
1108
1282
1330
1151
1272
1461
1204
1191
1276
1232
1106
1347
1265
1261
1245
1150
1134
1271
2135
3126
3200
3319
3144
2797
2658
2530
2999
2905
2772
2258
2251
2009
1836
1442
1700
1663
1392
1166
1279
1361
1331
1110
1128
1233
1096
1176
1329
1427
1670
1442
1803
1565
1532
1386
1576
1874
1850
2550
1391
1751
2835
1115
1129
1097
1141
1132
1286
1267
1361
1232
1123
1305
1556
2512
2623
2721
2787
2434
3087
3294
3054
3245
2785
2857
1697
2013
2014
1469
1532
1492
1335
2285
1712
1281
1238
1188
1306
1229
1221
1300
1434
1269
1152
1306
1345
1185
1246
1223
1175
1210
1244
1220
1219
1252
1253
1144
1406
1138
1321
1323
1269
1091
1311
1201
1798
909
1463
1381
1164
1363
1318
1262
1144
1318
1299
3011
2941
2966
3061
2885
3026
2908
2494
3016
2507
3081
3017
3062
2812
2513
1705
3057
2786
2506
2591
2745
2207
4279
2604
3543
2606
3343
2513
2902
2542
2997
2914
2492
2926
2015
2275
2317
1674
1848
1778
1739
1160
1189
1178
1389
1105
1417
1350
1302
1279
1195
1306
1500
2210
3055
3096
2930
2468
2120
2644
3017
2479
2531
2223
2823
2507
2226
2149
1875
1933
1251
1308
1226
1222
1244
1359
1361
1073
1354
1294
1370
1200
1219
1217
1051
1457
1500
1812
1175
1438
1431
1148
1193
1058
1279
1296
1216
1173
1250
1279
1265
1245
1363
2178
1271
1125
1230
1262
1303
1228
1390
1308
1232
2126
1869
1342
1329
1178
1159
1266
1314
1154
1295
1115
1426
1271
1128
1287
1368
1116
1277
1209
1293
1094
1347
1202
1430
1106
1333
1539
1491
2305
1183
1397
1315
1321
1128
1236
1223
1195
1131
1250
1318
1937
2341
3210
3008
2949
2933
2354
2988
2521
2649
2518
2803
2296
2262
2055
1733
1793
1788
1309
1110
1294
1349
1243
1274
1251
1352
1346
1226
1213
1353
2476
2969
2474
2785
2780
3518
2988
2703
2788
2923
5149
2639
3227
2869
2507
3077
2965
3356
2807
4128
1105
2598
3122
2591
1645
1134
1164
1068
1327
1122
1303
1738
1964
2471
2419
4527
2428
3368
2797
948
1782
1744
2221
2364
1083
1450
1784
1530
1727
1459
1525
2486
2512
2692
2989
2988
2731
2851
1382
1786
2907
3128
2764
3416
2746
2754
2395
2427
2073
2151
1056
1219
1424
1376
1191
1344
1284
1435
1283
1346
1204
1254
2676
2616
3023
2926
2097
956
2781
2872
2991
2038
3011
2940
2920
2901
2473
2873
2635
2536
2652
2947
2897
3000
2539
2237
2576
1654
1716
1656
1525
1497
1196
1343
1347
1114
1163
1126
1307
2140
1927
1213
1114
1274
1366
1129
1230
1153
1330
1138
2782
3088
3098
2895
3247
2178
1922
1168
2491
2648
4216
2952
3036
2642
2748
3145
2942
2670
2483
2952
2271
1893
2278
2008
1703
1589
1992
2516
1405
1334
1259
1102
1275
1262
1203
1305
1097
2466
1195
1953
1774
1770
1832
1734
1523
1088
1123
1744
1236
1822
1720
1130
2737
2720
1818
2168
2295
2045
1258
1360
1174
1159
1213
1077
1348
1058
1079
1157
1092
1266
1271
1264
1594
1877
1396
934
1171
1465
1129
1284
1333
1256
1183
1318
1133
1199
1263
2997
1109
2244
1222
1296
1200
1360
1449
1221
1089
1187
1318
1341
1323
1312
1667
1782
1114
1318
906
1153
1074
1262
1236
1417
1083
1259
1363
1440
1369
1330
1296
1319
1295
1335
1169
1290
1215
1228
1354
1308
1342
1110
1047
1347
1577
1474
1410
1157
1315
1380
1258
1328
1244
1493
1522
3228
3489
3065
2826
3197
3340
2216
2271
2282
2220
1618
1717
1877
1433
1458
1349
1244
1422
1277
1406
1262
1333
1251
1231
1268
1300
1370
1384
1253
1252
1369
1309
1355
1410
1400
1050
1054
857
1191
1263
1277
1283
1246
1148
1177
1267
2033
2499
1831
2777
2476
2835
3075
3017
3096
2547
2949
2270
2785
2491
2056
2263
1850
1608
1164
1124
1260
1265
1121
1272
1261
1336
1247
1218
1123
1338
1118
1173
1250
1272
1097
1230
1161
1254
1119
1086
1179
1237
1207
1270
1137
1197
1298
1281
1303
1326
1118
1288
1412
1118
1175
1315
1360
1354
1290
1228
1396
1237
1201
1270
1543
1049
1212
1913
1580
1590
1494
1013
2376
1663
2224
1175
1142
1266
1359
1287
1143
1215
1272
1346
1112
1331
1457
1439
1315
1152
1293
980
1393
1315
1180
1336
1225
1340
1173
1172
1218
1249
1240
1349
1237
1223
1216
1267
1339
1171
1293
1150
1286
