17
16
15
17
14
12
16
13
12
13
13
13
12
13
12
12
12
12
12
13
13
13
13
14
13
12
13
14
13
17
13
13
14
14
12
12
13
13
12
13
13
13
13
13
13
13
13
12
13
13
12
13
16
12
13
13
13
12
13
13
13
13
13
13
13
13
13
13
12
13
13
12
12
13
13
16
13
13
12
13
14
13
13
14
13
12
14
13
12
13
13
13
13
13
13
12
13
13
16
12
13
12
12
13
13
13
13
12
12
12
12
12
13
13
13
12
12
13
13
12
13
13
16
13
12
13
13
12
12
12
13
12
13
13
12
13
13
13
12
12
13
13
12
12
13
15
12
13
13
12
13
13
12
13
12
13
13
13
11
13
13
12
12
13
13
12
12
12
16
13
13
13
12
13
13
13
13
12
13
13
12
13
12
15
15
12
12
13
13
13
12
15
12
12
13
13
13
12
13
13
12
12
13
13
12
12
13
11
12
13
13
12
12
12
13
15
12
12
13
12
12
12
12
12
12
12
13
13
12
13
13
12
12
12
13
12
13
13
15
13
13
13
13
12
12
13
12
13
13
13
12
13
12
13
13
13
12
13
12
13
12
16
12
12
13
12
12
13
13
13
13
12
13
12
13
13
12
12
13
13
12
12
14
15
16
12
13
13
12
12
12
13
12
12
13
13
12
13
12
13
13
13
12
12
13
12
13
12
16
13
12
12
12
12
12
12
12
13
13
12
13
13
12
13
12
12
13
12
13
12
13
16
12
12
13
13
13
13
13
13
13
13
13
12
13
11
12
13
13
12
13
13
13
12
16
12
13
12
12
12
13
12
13
12
12
13
13
13
13
13
12
13
13
13
12
13
12
15
13
13
13
13
13
13
12
13
12
11
14
13
12
12
12
13
13
12
13
12
12
13
13
16
13
13
12
13
12
13
13
12
13
13
13
13
13
13
12
12
13
13
12
13
12
13
16
13
12
14
13
13
13
13
12
13
13
13
12
12
12
13
13
13
13
13
12
13
13
16
13
13
13
13
13
13
13
12
13
13
12
12
13
13
13
14
13
13
13
13
13
13
13
16
13
12
13
13
13
13
13
12
13
13
12
13
12
13
13
13
13
12
13
12
12
13
16
12
13
12
12
13
13
12
12
13
13
13
13
13
13
13
12
13
13
13
13
12
13
15
13
12
13
12
13
13
12
13
14
12
13
13
13
13
13
13
12
12
13
12
13
13
15
13
13
12
13
13
14
12
13
12
12
12
12
12
12
13
12
12
12
13
13
12
12
13
16
13
13
13
13
13
13
13
13
12
13
13
13
13
13
12
13
13
12
13
12
13
12
15
12
14
13
13
13
12
13
13
13
13
13
12
12
13
13
13
12
13
12
12
12
12
16
13
13
13
12
13
13
12
13
13
12
13
13
12
13
13
12
13
13
13
36
33
23
28
28
25
27
25
27
23
25
26
24
29
24
26
26
25
26
26
25
28
27
25
60
29
26
34
31
39
42
31
24
14
15
14
14
13
13
13
12
13
14
14
14
13
14
14
14
13
16
12
14
12
12
13
13
14
13
14
14
13
13
12
12
14
13
13
13
14
13
13
14
17
13
14
13
13
14
14
14
16
15
14
15
16
16
13
13
13
13
13
12
13
13
14
14
17
13
13
14
13
13
13
13
13
13
13
13
13
14
13
14
13
13
14
14
15
14
14
16
12
13
13
13
14
12
13
13
14
13
13
14
13
13
12
13
13
12
14
13
14
14
16
13
14
14
13
14
14
12
14
14
12
12
13
13
14
13
13
14
13
14
14
12
13
16
13
13
12
13
13
14
14
14
13
13
13
14
12
13
13
12
13
13
12
14
14
15
14
16
13
14
13
12
13
14
13
13
13
13
13
14
13
14
13
14
13
14
14
13
12
13
16
13
13
13
14
13
14
13
13
13
14
13
14
13
14
12
13
14
14
12
13
13
13
16
13
14
14
13
12
14
13
13
14
13
12
13
12
13
13
12
13
13
13
14
14
13
16
13
14
12
14
13
14
13
12
12
13
12
14
14
13
13
14
13
14
14
13
14
13
12
17
14
13
13
14
13
14
13
14
13
14
14
13
14
13
12
13
14
15
13
14
13
14
17
12
14
14
14
13
14
14
14
14
14
13
13
14
13
14
13
13
13
13
12
14
14
16
13
13
14
14
13
13
12
14
13
13
12
12
13
12
13
13
12
13
13
14
13
13
13
17
14
14
13
14
13
14
14
13
13
13
13
14
14
14
15
14
