1510
2851
1605
2875
2631
2728
2871
2703
2871
3310
2866
2774
2797
2893
1489
1043
1535
2650
3173
1196
1447
1483
1320
3484
2348
2915
2684
2410
1850
1079
1294
1455
1327
2978
1382
1756
2666
2242
1689
1835
1807
1628
1151
960
1243
1261
1083
1414
1228
1185
1060
1104
1180
2047
2473
3009
2771
2564
3308
1231
2222
1787
2735
2538
1421
2649
2998
3184
2310
2468
2182
3129
1714
1765
1349
1680
1859
1751
1248
1312
1165
1113
983
1073
1197
1202
1160
1222
1204
1081
1217
1224
844
1255
1226
1117
1120
1267
1222
1115
1232
1185
1321
1227
1037
1073
1253
1138
1126
1211
1118
1086
1272
1126
1207
1219
1356
938
1253
1104
1059
1229
1081
1105
1246
3956
3789
2775
2834
1934
2787
2419
2954
2738
2323
2645
2669
2493
2339
2229
2937
2689
1140
1620
1828
2332
2855
2669
1637
1553
2296
2015
2173
2140
1302
1643
2828
2075
2081
2449
2581
3095
2375
1984
1791
1586
1712
1616
1206
1253
1302
1202
1255
1214
1158
1289
1247
1049
1082
1242
1816
1562
1442
874
1215
1215
1041
1328
1206
1213
1203
1136
1004
1145
1223
1254
1198
1240
1320
1074
1231
1234
1199
2025
1447
1245
1308
1249
1105
1193
1085
1311
1280
1214
2212
2277
1232
1116
1084
1311
1216
1340
1193
1223
1377
1058
1040
1223
1271
1071
1285
1217
1101
1111
1173
1104
1208
884
960
1224
1117
1236
1140
1238
1449
1395
1275
1189
1226
1318
1245
1132
1258
1149
939
1111
1193
1214
1248
1249
1090
1002
1276
1094
1142
1223
922
943
1228
1114
1215
1105
1313
1173
1124
1123
1447
3176
2259
1629
993
1549
1149
948
2856
2387
1599
998
2552
2876
1762
2628
2770
2317
3164
2860
2722
2205
3095
1805
1791
1857
1248
1123
1138
1411
1345
1122
1186
1120
1256
1108
1328
1228
1223
1071
1230
1143
1211
1193
903
1207
1085
1076
1253
1232
1085
1291
1117
1197
1126
1202
1857
1552
1211
1170
1046
1224
1175
1237
1348
1314
1234
1101
1045
1263
1253
1096
1262
1110
1082
1276
1241
1138
1311
1104
1179
1042
1213
1079
1324
1210
1305
1212
1247
1270
2383
2409
2415
2602
2284
2399
2593
2776
2885
2638
2892
2860
2525
2530
2759
2937
2230
1861
1951
1688
1749
1621
1188
1231
1151
1137
1320
1839
1136
1408
1532
1419
2366
1437
3184
2744
2946
2531
2566
1180
2623
2808
2774
2825
3029
2285
2608
2425
2777
2648
1328
1537
1263
1776
1598
1489
1590
1201
1064
1218
1659
1465
2889
2631
2710
2802
2464
2362
2727
2733
2797
3011
2866
1948
2523
2317
2430
2521
2402
2266
2345
2512
2393
2237
1027
1448
2127
2730
2611
2318
2281
2945
2280
2423
2540
2397
2578
2570
2331
2290
2560
2088
1616
1376
1013
1199
1304
1321
1195
1053
1296
1116
1044
1109
1111
1296
1315
1238
1314
1135
1253
1229
1311
1242
1236
2973
1655
1162
1029
1486
2313
2349
1246
1192
1251
1030
1036
1087
2645
1721
2011
2946
2635
2451
2805
2509
2566
2546
2595
2509
2830
2101
2763
3096
3155
3813
3780
2528
2947
4344
2415
3041
3018
1822
3011
2804
1960
2983
2730
3163
3200
2646
3085
2634
2684
3024
1728
2810
2407
2207
4075
4924
5114
4773
3088
2811
3398
2594
2718
4911
3757
2635
2693
4097
3781
1853
1105
3171
2764
1451
1142
1262
1250
1415
1217
1051
1078
1039
936
933
1435
1430
1120
1314
1049
1272
1285
833
979
1184
1254
2044
1085
1229
1227
1192
1280
1128
1018
1082
1317
871
1195
1192
1186
1187
1067
1291
1195
1129
1040
1201
918
1043
1222
1080
1053
1279
1037
1271
1190
1181
1443
2370
2917
2692
2790
2714
2913
2382
2836
2386
2929
4857
2678
2966
3321
2570
2141
3183
2761
2617
2561
2702
2574
2669
2191
1894
1866
1422
1503
1045
1279
1207
1222
1228
1239
1067
1212
1076
1349
1237
913
1209
1105
1054
1128
1201
1099
1182
1216
1037
1195
1198
1979
3030
2955
2450
2864
2435
4589
4192
3733
3952
2779
4181
899
2610
2968
2616
2627
2696
4684
3525
2893
2680
2455
1098
2008
2779
2978
2932
3102
1566
3506
4596
2868
2972
2800
2934
2443
2803
2405
4116
5120
4928
2713
2878
2587
3035
2670
2333
1958
2804
3009
2478
2294
1507
1213
1250
1201
1117
1211
1338
1213
1062
1165
1285
1080
1117
1083
1208
1183
1233
1283
1093
1127
1084
1087
1050
1330
2889
2557
2824
2713
2823
3559
3923
4272
4280
4087
3488
2686
2944
2603
3155
2860
2745
2797
2887
2731
2523
1708
2132
2481
2875
3090
2568
2306
2485
2828
2417
2710
2621
2150
2835
2969
2387
2867
2315
2691
2486
2227
2058
2095
2026
1369
1484
1426
1268
1179
1281
1249
1289
1068
1293
1098
1220
1200
1225
1230
1195
1093
1235
1156
1238
1238
1336
1090
1172
1223
1079
1251
1220
1243
1130
1137
1079
1280
1137
1049
1292
1340
1261
1155
1232
1224
1326
1238
1154
1236
1644
1609
1257
1042
1138
1236
1236
1298
1235
1074
1242
1648
2276
1285
1218
1212
1226
1257
1268
1205
1121
1226
1459
1172
1475
1398
1220
1698
1135
1539
1373
1170
1374
1298
1269
2762
2385
2119
1312
2715
2508
2712
2280
2377
2231
1688
1875
1588
1258
1313
1570
1326
1317
1052
1188
1213
1313
1236
1281
1287
1219
1342
1262
1205
1146
1131
1265
1208
1351
1040
1185
1100
1227
1249
1144
1081
1261
1095
1267
2464
2691
2610
2755
3115
2618
2502
2700
2652
2310
2502
2727
2745
2617
2585
1703
1864
1840
1770
1410
1442
1220
1412
1214
1311
933
1139
1229
1283
1194
1252
1094
1040
1189
1097
1166
1372
1615
1867
1517
2852
2638
2236
1275
1319
1245
2418
2906
2746
2666
2724
2284
2215
2106
1859
1543
1498
1675
1476
1232
1879
2196
1889
1384
1302
1415
1190
1043
963
1188
1134
1201
1210
1124
1243
1197
2422
3504
1864
2426
2767
2201
943
2596
