241
221
239
244
214
229
218
224
212
221
227
244
220
212
235
250
229
268
256
220
230
258
257
224
234
246
221
303
262
245
264
253
228
271
266
274
230
239
279
246
262
264
274
231
271
255
225
252
265
235
272
269
231
286
267
257
268
264
243
261
245
239
257
243
255
261
272
253
232
259
248
262
256
258
231
267
260
232
255
241
236
239
241
260
264
269
266
253
245
256
237
267
239
229
265
260
248
265
252
230
262
231
273
235
269
289
282
273
285
252
256
285
268
260
262
263
249
235
265
258
272
244
233
252
244
258
275
282
258
288
271
268
247
269
266
264
231
246
284
273
262
241
260
266
269
258
269
269
281
270
258
280
241
277
292
270
277
261
264
237
253
247
252
268
238
239
261
236
270
275
236
275
294
269
285
284
263
284
260
321
291
242
247
241
284
266
264
258
273
267
284
285
274
252
286
232
268
256
266
256
270
266
276
264
269
244
267
266
264
252
254
249
289
241
267
269
260
250
273
255
276
269
282
275
243
252
279
263
233
277
287
288
247
270
264
257
236
286
284
234
252
247
258
273
262
259
247
275
292
287
268
271
276
275
268
282
271
276
259
273
261
240
252
288
289
245
259
271
278
285
236
275
268
283
263
277
253
274
299
246
273
282
290
278
263
258
267
269
266
280
251
268
260
258
260
233
252
258
277
275
268
251
267
278
274
273
244
260
280
255
266
281
276
273
265
266
264
232
270
271
256
264
262
264
275
241
229
284
751
267
266
274
268
253
253
259
239
247
258
262
257
236
226
238
249
229
224
251
249
247
228
241
247
236
222
228
223
267
226
225
249
254
235
243
248
238
257
241
248
265
250
257
249
269
268
268
272
251
259
264
349
362
283
243
378
282
230
277
284
306
307
304
443
691
945
552
672
642
373
286
283
263
258
290
273
244
268
297
303
637
620
559
294
415
504
334
509
422
299
314
261
226
250
254
260
246
272
226
264
257
260
272
255
263
254
228
263
260
274
353
415
537
369
276
266
256
273
266
240
238
229
243
232
258
253
250
263
240
259
269
261
247
250
253
267
239
221
266
228
229
256
225
244
256
233
232
260
272
240
255
274
240
257
235
239
254
249
249
261
277
228
314
422
442
449
284
246
248
267
245
259
234
287
266
242
229
229
282
233
263
252
264
237
243
250
246
288
270
235
284
272
294
270
245
283
249
247
240
265
257
238
275
278
248
258
236
241
260
276
244
304
296
279
258
242
300
248
269
258
236
242
263
262
299
269
243
249
289
281
281
262
267
264
279
288
260
253
242
279
282
278
269
255
279
293
287
265
270
252
254
305
268
267
237
246
288
253
275
279
273
299
246
270
259
262
240
256
288
278
234
273
266
290
266
250
250
257
258
258
262
282
261
253
271
265
261
265
246
269
253
239
272
261
257
260
238
274
262
265
271
258
249
264
272
265
285
259
278
275
270
275
259
273
268
251
285
270
252
252
262
286
251
245
741
267
296
244
252
283
230
248
246
277
257
254
237
234
275
273
269
272
284
267
261
287
274
237
293
279
242
290
246
238
269
267
240
281
269
263
284
284
277
240
275
266
266
280
290
297
274
268
415
313
284
286
244
279
260
271
265
231
240
263
255
238
268
282
275
277
241
273
246
268
267
253
269
269
255
246
257
261
260
278
261
246
266
263
268
271
277
245
264
262
281
242
263
269
274
263
281
325
304
265
259
250
230
265
263
260
238
266
275
267
255
288
229
258
273
282
238
280
282
238
266
243
286
261
270
283
274
245
254
252
266
266
247
266
287
290
259
280
256
239
277
261
265
266
240
289
250
347
253
247
265
273
262
253
246
270
272
260
243
262
264
248
271
263
282
269
255
262
260
239
276
263
267
243
276
263
262
268
285
264
256
265
279
254
285
274
262
258
246
263
243
278
278
277
272
277
268
292
266
260
262
263
236
272
271
262
270
243
284
283
257
286
252
265
248
261
243
270
251
261
263
234
243
270
272
268
273
261
264
262
273
246
235
278
273
290
269
233
251
269
263
269
280
264
269
278
265
260
252
292
235
275
289
268
266
255
264
252
240
260
257
281
267
269
240
277
253
244
268
262
273
253
279
243
263
281
243
269
292
250
265
285
262
266
239
241
273
279
268
243
259
244
291
254
289
269
275
250
385
309
271
294
265
298
291
262
286
273
252
236
255
261
235
280
237
269
281
265
267
244
263
257
255
273
258
266
231
231
280
267
255
269
240
264
272
253
241
249
274
234
247
275
269
275
274
263
273
