1456
3682
2563
2210
1836
1788
1891
1873
2368
1530
1578
1680
1562
1709
1722
1758
1864
1702
1557
1862
1581
1456
1772
1448
1579
2392
1860
1459
1433
1792
1696
1783
1771
2053
3738
1910
1535
1709
1416
1800
2114
2078
2118
2110
1964
1728
1673
1813
1644
1601
1675
1497
1764
1473
1529
1668
1512
1604
1458
1615
1695
1777
1688
1547
1698
1789
1676
1640
1506
1628
1655
1620
1687
1705
1261
1666
1718
1743
1523
1479
1529
1421
1572
1694
1558
1527
1704
1424
1650
1695
1536
1852
1551
1290
1376
1653
1708
1642
1441
1635
1762
1579
1337
1767
1845
4604
5044
2894
3301
3937
4090
5419
3747
4034
3126
4008
3447
3525
3070
3439
2481
2459
1952
3441
2307
1746
1688
1462
1434
1436
1710
3418
3942
4086
3419
3160
4158
3817
3944
3668
3413
3069
3017
2456
1981
1428
1642
1706
1575
3056
4247
4771
4180
5247
3452
2511
2868
2030
1948
1706
1679
1614
1693
1512
1763
1498
1621
1439
1647
1722
1590
1721
1640
1545
1716
1654
1559
1431
1742
1828
2247
2075
2116
2787
3418
1767
1754
2248
4121
3260
3173
3331
1298
3465
4203
3915
4994
4169
3245
3300
4027
3391
4048
3616
3821
3730
3361
3258
3463
3392
3839
3188
3738
3913
3674
3761
5423
5013
3721
3529
2505
2738
2004
1912
1607
1646
2472
1998
1371
1618
1438
1808
1437
1677
1685
1792
1508
1701
1766
1552
1718
1673
1708
1757
1668
1528
1703
1756
2182
2004
1729
1559
1589
1743
2419
4617
2946
1547
1630
1695
2170
2334
3953
2958
2502
2534
2235
1605
2272
3310
2695
2925
3827
3094
3821
3737
3009
3314
3439
3745
3787
2444
3201
3623
3440
3193
1663
3386
3442
3031
2664
1704
2307
2016
1695
1598
1470
1722
1956
1404
1341
1682
1716
1685
1719
1824
1859
1626
1130
1651
1587
1510
1690
1490
1518
1707
1896
2511
1506
1492
1735
1462
1648
1811
3950
4224
1713
1680
1411
1433
1732
2002
4251
3571
3683
2761
1422
1745
2668
3322
2417
5033
3849
2366
2081
4028
3844
3703
2600
3659
3568
2971
4081
4061
3818
3933
2676
3076
3431
3235
3819
2748
3383
2824
2945
1826
1970
1807
1528
1726
1832
1566
1734
1665
1623
1480
1775
1657
1572
1692
1482
1841
1727
2353
2656
2246
1420
1803
2238
3618
4996
3837
3642
5932
4104
3782
2337
3362
1562
1648
1677
1722
1428
1699
1519
1515
1709
1703
1446
1547
1696
1744
1864
2742
1719
1532
2558
2996
1317
1444
1541
1690
1953
2795
2076
2277
1402
1335
1615
1730
1746
1678
1500
2206
2806
1975
3354
3947
3172
1489
1296
1806
2377
2517
2112
2266
1499
1718
1630
1482
1661
1800
1447
1887
2139
3248
3381
3772
3523
3879
3226
3964
3813
3266
3555
3263
3064
2556
1952
2003
1707
1691
1825
1804
1406
1604
1182
1602
1518
1498
1710
1432
1701
1528
1950
3051
3874
3595
3810
2825
3289
4033
3268
2662
2065
2321
2453
4934
3501
3112
3423
2474
4045
3633
3970
3942
4568
3542
5772
3778
3279
3949
3749
3579
2526
2503
2450
1709
1557
1662
1716
1559
1599
1503
1717
1515
1595
1583
1754
1664
1701
1450
1463
1730
1560
1398
1589
1700
1633
1693
1630
1647
1629
1595
1624
1655
1637
1685
1461
1656
1658
1667
1859
1771
1844
1846
1530
1473
1705
1709
1735
1242
1655
1643
1579
1618
1440
1647
1588
1829
1746
1430
1715
1670
1688
1538
1720
1898
1533
1823
1694
1701
1695
1446
1742
1591
1722
3997
2396
2630
2687
2126
1464
1669
1488
1474
1730
2338
2712
3018
2870
3039
2419
2397
2172
2080
1510
2064
2036
1947
2032
2045
1558
1571
1763
1269
1886
1903
1608
1726
2136
2302
2276
1271
1612
1789
2304
1757
2121
2338
1670
1646
1986
1680
1445
1820
1906
1651
1568
1683
1618
1665
1623
1710
1284
1462
1458
1510
1631
1302
1565
1327
1620
1832
1445
1773
1631
1672
1640
1540
1296
1394
1454
1683
1751
1773
1695
1267
1554
1489
1396
1927
1285
1472
1537
1794
1544
1458
1457
1568
1670
1625
1427
1800
1667
1579
1582
1881
1866
1747
1313
1601
1691
1640
1668
1573
1421
1455
1759
1606
4280
3881
1518
1642
1790
1830
1655
1645
1661
1444
1718
2388
3732
3828
3147
2389
3611
4204
3488
3758
2821
3733
3710
3510
1753
3718
3282
3434
4275
2130
4125
3554
3664
3307
6254
6861
2457
3224
3843
2414
2356
3292
1991
1633
1503
1831
1756
1565
1430
1637
1570
1573
1558
1632
1734
1286
1563
1446
1719
1545
1441
1484
1840
1800
1549
1737
1515
1745
1782
1692
1641
1552
1436
1787
1546
1594
1676
1647
1685
1786
1444
1763
1766
2187
2393
2699
2615
2421
2011
3053
2901
2482
2522
2012
2269
2260
2288
1641
1442
1860
1830
1593
1627
1432
1528
1629
1897
2289
2761
2797
2681
2680
2840
2765
2643
2515
2935
2549
2835
3014
2430
2669
2565
2819
2967
2559
2900
3173
2832
2966
2386
2692
2832
2763
2743
2644
1757
1654
1784
1564
1707
1646
1639
1539
1819
1313
1964
2495
4009
3529
3596
3990
3110
1671
1462
1740
1637
1662
1382
1626
1762
1513
3918
4280
2829
3218
3256
2052
2285
2771
1631
1796
1519
1452
1632
1787
1410
2381
3272
2454
2594
3167
2859
3019
2737
2615
2953
2560
2764
2770
2951
2666
2402
2556
2777
2696
2763
2897
2613
2868
2750
2553
3049
2904
2782
2649
2848
2708
2464
2468
2673
2713
2664
2726
2721
2585
2742
2473
2757
3001
2709
2721
3026
2800
2798
2424
3016
3551
2480
2145
3350
2654
2193
2780
3020
2750
2591
2831
2731
2906
2703
2625
2970
2508
2430
3263
2632
3594
2604
3332
3684
2373
2451
2086
1993
1604
1965
2045
1546
1769
1657
1741
1772
1862
1635
1378
1577
1743
1739
1417
1590
1422
1692
1636
1438
1571
1450
1564
1722
1467
1791
1745
1482
1515
1597
1348
1721
1801
1693
1711
1430
1427
1586
1777
1698
1729
1723
1751
1613
1828
