1308
1744
1627
1507
1463
1724
1727
1511
1617
1545
1449
1688
1674
1686
1722
1734
1797
1649
2858
1372
1825
1738
2002
1621
1708
1653
1704
1857
3510
3052
4026
4258
2526
1504
2601
2023
2256
1676
1519
1826
4032
3310
3995
4148
1741
2393
3778
3294
4105
2118
2784
3727
3732
3541
2255
3797
3899
4150
5805
3715
3909
2472
2877
3746
3696
3051
2712
2075
1850
2095
1939
1536
1392
1386
1455
1408
1470
1680
1712
1506
1615
1515
1561
1679
1646
1686
1892
1701
1886
1659
1410
1703
1601
1684
1477
1290
1832
1631
1778
1926
2245
2231
3002
1669
2647
2110
1415
1708
1617
1540
1409
1719
1390
1580
1534
1446
1649
1763
1653
1600
1493
1531
1704
1579
1755
1448
1650
1629
1462
1791
1678
1758
1412
1575
1502
1676
1526
1535
1843
1517
1716
1422
1800
1790
1688
1748
1444
1693
1386
1358
1610
1692
1706
1434
1413
1706
1814
1306
1555
1590
1433
1657
1450
1446
1664
1667
1497
1684
1750
1684
1613
1604
1754
1574
1827
1196
1529
1750
1410
1433
1438
1630
1707
1619
2425
1710
1619
1467
1634
1732
1670
1431
1533
1673
1631
1745
1725
1699
1594
1618
1432
2179
1470
2069
1831
1800
1456
1730
1480
1673
1131
1730
1722
1705
1824
1793
1735
1705
2161
2825
2454
1747
2487
2762
3199
3480
3682
2227
1955
1320
3264
3475
4200
1297
2082
2238
2315
2213
1811
1828
1431
1469
1681
1808
1520
1700
1636
1668
1806
1497
1533
1717
1485
1682
1501
1668
1727
1704
1540
1577
1674
1558
1715
1641
1714
1680
1710
3818
3527
3662
3885
3419
3393
3455
3470
3453
3127
3537
2921
2786
2074
1413
1637
1514
1631
1853
1706
2253
1516
1733
1742
1614
1608
1663
1628
1646
1502
1554
1752
1442
1567
1656
1619
1425
1418
1814
1211
1495
1561
1749
1701
1762
1614
1628
2287
2612
1940
2573
1639
3636
2132
1375
1674
1763
1648
1636
2120
3016
3881
3825
3567
1404
3593
3744
3170
3053
1689
1904
1970
2036
1651
1647
1675
1699
3527
3531
4005
4199
1474
3853
3758
3662
3000
2662
2253
2051
1973
2025
1698
1327
1402
1426
1514
1629
1720
1649
1730
1505
2651
3621
3203
3337
2907
1831
2407
4004
3699
3263
1947
2727
2446
2169
2042
1734
1788
1665
1537
1704
1652
1830
1448
1762
1810
1589
1984
1826
2223
2626
1955
1754
1721
3555
2109
2773
1680
1860
1923
1890
1552
1554
1731
2179
2180
3823
3735
3447
4092
1605
1959
4028
3203
3817
3423
3508
3531
3200
3013
2401
2075
2111
2280
1607
4081
3197
4163
3811
4077
3818
3988
2903
2947
2870
2378
2693
2010
1757
1854
1591
1532
1771
1791
1666
1958
1609
1433
1673
1649
1648
1998
2445
2054
2459
3075
2253
2811
2678
3707
3791
3762
3894
2267
2098
2840
3334
3593
2939
2661
2777
3514
1552
1741
1992
1701
1646
1770
1464
1665
1350
1571
1665
3802
3738
5160
4567
3797
4070
3518
3544
3977
2786
3061
2614
2598
1939
1857
1851
1777
1612
1689
1625
1456
1445
1736
1648
1796
2700
1612
1421
1457
1659
1570
1711
1798
1573
1252
1558
1429
1541
1638
1413
1672
1583
1496
2344
4153
1375
3096
3752
2540
4026
3749
3523
2241
2440
2573
2195
2062
1775
1767
2504
1713
1736
1414
1689
1825
1840
1717
1777
1879
1661
2513
2051
1464
1510
1946
4015
3764
2562
2653
2345
2125
2220
2040
1838
1652
1551
1585
1581
1457
1548
1443
1651
1389
1412
1561
1562
1501
1678
1481
1411
1676
2021
2210
2326
2002
2104
1670
1971
1981
1740
1825
1962
1648
1674
1986
2361
1779
2259
2083
1702
1449
1701
1443
1792
1969
1676
1649
1484
1912
1773
1326
1725
1771
2096
1664
1758
1568
1809
1515
1570
1354
1575
1789
1652
1455
1568
1638
1285
1453
1499
1454
1663
1418
2412
1839
1275
1556
1501
1708
1698
1502
1691
1766
1554
1535
1509
1698
1446
2087
2623
1290
1659
1596
1609
1335
1634
2324
3872
2951
1774
1939
1407
1548
1498
1878
1608
1833
2452
4857
3533
3715
3853
3490
1339
3777
3763
3967
3263
3731
3727
3685
4050
2985
2297
2396
1953
1949
1926
1469
1612
1420
1665
1683
1449
1704
1742
1532
1497
1715
1711
1414
1815
1509
1420
1676
1993
3707
1891
1632
1763
1830
1762
2002
2369
3003
3508
3495
6295
4577
2553
2779
2637
2062
1680
1744
1739
1539
1676
1627
1616
1442
1485
1759
1632
1676
1522
1607
1588
2324
3200
3985
3595
4825
2161
1643
2311
2800
1840
1527
1778
1560
1835
1685
2168
1487
1666
1466
1571
1466
1681
1488
1742
3031
3828
3628
3866
5955
4463
3221
3770
4306
3602
3098
2574
3958
3407
3878
3421
3859
4017
4039
4051
3938
3437
3733
3710
4671
3745
3613
4013
2050
1455
1722
1608
1470
1731
2692
3734
3786
3992
4470
3371
2697
4294
4253
1687
2249
3933
1931
1665
1518
1385
1383
1624
1595
2223
1746
1529
1693
1666
2728
2705
2142
1308
1539
1400
1698
1447
1363
1530
1430
1873
2168
1567
1651
1776
1830
1661
1716
1658
1743
1596
1460
1540
1698
1659
1541
1697
1714
2513
3338
3827
3414
3677
3352
3195
3856
3998
3597
3882
3801
4312
3994
3322
3910
5451
4317
2657
2915
2314
1838
2103
1754
1755
1682
1533
1542
1625
1398
1818
1540
1816
1814
1819
1566
1529
3570
3199
3363
2320
2527
2677
3877
2604
4099
3812
2702
2607
4070
1751
3976
4151
3391
2880
1885
1778
1451
1587
1433
1785
1862
3327
3924
3862
2444
2270
3228
3366
3640
3668
3455
4091
2991
3651
4308
1890
2044
2108
1715
1782
1490
1604
1621
1576
1612
1663
1495
1627
1730
1532
1629
1651
1596
1757
1644
1651
1582
1558
1473
1658
1450
1540
1623
1673
1854
1681
1841
1747
1832
1775
1627
1712
1789
1648
2603
3822
3618
3458
3914
5259
2635
2323
3019
3643
3342
3548
3347
3803
3881
2150
1301
2702
3174
2636
2396
2577
1706
1710
1572
1629
