53
34
29
28
27
28
26
26
29
27
27
25
29
29
28
27
27
27
29
27
32
29
26
28
28
25
30
25
28
29
29
27
29
26
27
29
26
27
27
28
30
29
28
29
26
28
29
29
28
29
27
30
28
28
29
29
27
28
28
30
26
26
26
29
28
25
27
28
30
26
27
26
29
25
26
28
30
26
26
30
29
25
27
29
28
27
28
28
28
28
26
27
28
26
29
28
26
28
28
30
28
30
27
28
28
28
29
26
25
26
28
25
27
29
28
28
26
27
29
27
28
30
28
26
27
28
28
29
28
27
25
27
26
29
26
27
28
26
30
25
28
26
27
28
28
26
28
28
27
26
29
28
27
28
27
29
28
27
30
27
28
28
29
26
29
27
28
30
29
30
28
27
30
27
28
29
32
33
28
29
29
26
29
28
28
31
27
28
29
31
26
29
30
29
30
30
30
31
27
29
30
29
29
29
30
28
28
29
31
26
28
29
30
27
28
29
27
33
29
28
30
30
29
28
30
29
26
26
29
29
28
26
30
26
28
29
26
28
26
27
28
29
26
29
29
27
27
29
27
29
29
26
29
27
26
30
30
28
28
29
30
28
27
29
31
29
30
28
28
30
27
26
30
30
54
58
36
30
33
33
36
29
29
28
27
28
32
27
30
29
28
30
29
29
28
31
41
32
39
29
32
30
33
33
40
31
33
39
43
31
32
31
32
33
28
28
29
31
28
27
27
31
33
33
33
30
30
29
28
28
29
27
28
26
27
31
29
27
29
30
29
27
29
30
27
29
28
28
29
27
29
27
28
30
28
32
26
26
28
28
28
26
29
28
27
26
28
27
49
28
29
28
30
29
33
27
29
29
27
30
27
28
29
29
29
28
30
30
28
30
27
29
27
29
33
29
29
29
29
31
28
29
29
27
27
27
30
29
29
28
28
30
29
29
33
31
31
32
31
30
28
27
29
30
28
30
28
29
30
29
27
30
28
31
29
29
28
29
29
31
27
30
30
29
29
29
29
30
29
29
27
29
28
30
31
29
29
29
28
31
31
29
30
28
30
28
27
29
29
29
29
29
28
30
28
26
28
28
27
28
28
30
30
29
26
31
27
31
28
30
30
31
30
28
27
26
28
27
28
28
29
27
27
31
27
27
27
27
28
30
27
32
33
29
27
28
30
27
32
30
29
30
29
30
28
29
28
27
30
29
27
29
31
29
32
31
31
29
30
30
31
31
31
29
26
29
32
26
28
28
28
32
30
32
29
31
30
31
28
30
29
27
30
27
28
28
29
30
30
28
27
33
29
27
30
28
29
31
29
30
30
32
28
30
30
31
30
30
28
32
30
33
32
31
29
31
30
30
33
28
31
27
28
29
29
30
27
30
28
29
27
33
30
27
31
32
31
28
30
29
28
28
29
29
29
29
30
30
30
31
33
31
32
31
30
32
31
31
30
30
34
32
32
31
30
32
33
31
30
32
35
27
31
29
29
27
29
29
30
30
31
30
28
29
31
32
28
29
31
30
31
30
28
43
53
58
57
55
61
81
72
64
64
63
73
72
62
62
59
62
59
56
59
56
59
57
53
51
53
54
55
59
58
60
62
59
53
34
27
31
29
31
28
31
31
27
30
29
30
29
29
27
28
28
29
27
30
26
26
30
29
26
30
28
30
29
30
29
26
29
31
27
28
27
26
30
29
30
31
29
28
30
26
26
29
28
29
27
29
26
30
27
28
29
31
29
30
29
32
27
30
27
27
30
27
29
29
27
28
28
31
30
28
30
28
28
27
30
31
28
27
29
28
28
28
30
29
29
30
29
29
29
28
27
29
29
31
28
31
27
30
27
30
30
29
26
27
30
28
28
29
27
29
30
29
27
29
31
30
30
29
29
29
26
26
28
29
28
29
29
28
29
27
27
28
26
30
31
30
29
29
26
28
28
28
29
29
29
28
27
28
28
29
27
30
29
30
29
26
26
30
30
29
29
28
30
27
28
28
29
29
29
31
30
28
26
32
30
28
28
31
30
28
29
28
29
29
29
28
30
27
29
26
27
29
29
30
29
28
30
29
29
28
26
29
29
29
27
27
29
26
28
25
28
27
26
33
27
30
27
27
28
28
28
29
28
30
29
27
27
28
26
27
29
26
32
29
26
28
31
27
29
30
28
30
27
27
29
30
30
28
28
29
30
27
30
31
29
28
29
29
28
27
29
29
30
30
30
27
27
29
28
26
31
28
31
31
28
27
30
30
29
30
30
30
27
28
30
28
30
