888
865
962
1187
1006
1021
995
1110
918
840
1023
1022
908
1054
1129
746
987
992
932
1026
906
911
1010
1063
963
947
1002
982
1034
1943
2246
2471
2313
2365
2188
2605
2225
2112
1981
2287
2225
1594
2125
2150
2164
2365
2250
2656
1532
1435
2372
2284
2207
2117
1681
1467
838
1149
1133
1200
1722
2140
2136
2240
2337
2137
2199
2475
2034
2348
1939
2340
2167
2029
2290
2487
2522
3511
1446
1895
1781
1114
1131
2557
1162
1241
2050
1932
1840
2014
1366
1138
989
770
1213
1014
1409
1499
1253
1309
908
1460
1333
749
851
968
896
1028
1050
1043
883
1020
900
1001
967
949
817
955
953
984
1072
1422
1319
1302
1424
1265
1221
1462
1970
3540
2400
1747
1919
1908
2636
812
2134
2814
1710
2812
2053
1134
1420
1394
939
978
1059
880
1014
1010
1060
870
1033
826
1022
982
987
1109
826
1072
1035
1030
1077
1178
1005
1029
898
1007
1100
1009
1023
917
1043
913
1038
1026
1045
1034
982
1064
1007
1182
1111
1039
1107
1120
1139
1127
1050
1043
911
1010
906
929
963
999
810
1114
1303
982
2195
2016
2243
1902
1777
761
720
1092
1031
977
944
1065
930
1104
1012
920
1058
1083
1029
812
741
1004
1008
1016
1917
2049
2289
2172
2209
901
1349
1282
2627
1580
1633
1231
1143
1629
1028
1008
930
1002
1014
894
994
888
1071
1051
990
790
872
1114
974
1010
1098
1070
1002
920
932
773
997
1013
951
888
1147
1168
1027
1040
991
974
924
1064
1117
894
920
1132
1376
1713
1114
1054
957
1045
1070
975
1083
950
1064
919
1040
1099
911
941
991
920
1065
1077
1059
1019
915
994
1025
1052
1015
1001
2175
2599
2610
2128
1945
1906
1786
758
760
1021
1501
1463
1473
1206
1185
1298
1166
1128
1109
809
1089
1041
1037
1127
923
983
1093
888
1000
1044
962
1116
907
1642
1267
994
1011
958
1116
1089
1111
1126
1142
1045
905
1086
937
703
854
953
1032
913
987
1021
1017
1049
1074
877
1041
1101
1223
2015
2352
1951
2476
2241
2144
735
1041
1995
2389
2063
2388
2333
2159
2311
2237
2335
2289
2216
1903
2293
2992
1591
2313
1206
1057
1676
1468
910
992
999
1021
1071
929
1117
1093
926
903
791
913
982
1085
905
1160
857
892
1036
1087
1027
886
1090
1605
1362
963
1042
1035
909
879
1014
935
993
992
950
1028
940
1316
1063
872
886
988
866
1025
1046
1037
1068
1116
1096
892
1048
973
692
1101
906
917
880
902
1078
1025
1081
1045
1078
1048
1050
1038
1898
2391
2137
2403
2524
2162
2612
2702
2325
2599
2208
2266
2350
2112
1886
1928
1853
1597
1410
1586
1692
1067
920
887
891
1040
1043
1113
1036
1037
1053
1082
976
686
801
869
1027
909
1019
902
925
1046
1085
1075
961
1041
980
965
818
1141
853
874
981
904
1086
1099
967
982
891
1067
1066
1246
1323
1192
1257
1074
1071
1043
1049
926
920
988
916
1079
1102
1549
1662
1493
1636
1493
1463
1190
1512
1182
986
1348
1689
1040
1139
1424
2348
3544
2140
2565
2180
1464
1381
1440
1278
814
2040
2293
1940
1590
1811
1549
1424
843
1151
1176
1027
1073
919
1108
996
1112
960
955
1066
958
1017
1072
1034
1009
1009
989
1043
907
1020
1045
997
1066
1058
1142
945
1343
1200
937
1293
1348
1193
1064
1091
1058
1236
1172
1139
985
1142
1595
752
1800
1169
1078
1072
1981
2131
1797
1529
1702
916
1014
1134
1358
969
1113
1165
1205
1129
1283
1449
974
1008
885
1117
1046
907
1034
1069
1063
1063
1032
1128
955
1032
1328
1021
916
890
971
903
1023
1008
1030
997
912
1041
1019
1101
1008
1008
914
988
946
883
903
1018
1079
954
893
1019
1197
2359
2151
2175
2527
2264
2266
4007
2050
2352
2020
2160
2534
2457
2157
2562
2263
2266
1910
2406
1348
772
1635
1250
3151
2024
1601
2163
2548
2502
3656
2971
2166
2355
2429
2493
2539
2280
2122
2471
2400
2504
1215
709
2275
2231
2146
1804
1631
1390
1414
1014
916
1097
1004
1024
1013
946
1018
1050
1006
1109
1012
1022
1040
871
1000
917
1094
1106
1066
1078
1063
901
1020
1022
1072
1167
1005
1016
1061
1140
1109
1041
1037
1075
922
1104
941
890
910
1086
1048
834
1026
892
949
966
949
926
1057
972
1033
992
966
1023
915
803
2295
2640
2340
2354
2299
1433
945
2366
3693
2868
1676
894
906
1068
919
1093
1043
1018
1002
1175
2141
2379
2135
3855
3228
2853
2895
2259
2333
2422
2376
2451
2274
1518
1740
1364
1450
1315
1607
1268
1495
1325
1015
857
943
906
1086
1103
930
1307
1467
1004
927
983
1498
767
821
1108
1043
909
910
1054
950
1101
1028
907
828
1104
1251
864
863
779
978
914
898
1037
934
1069
848
886
1108
1025
980
975
1846
1054
995
1027
1085
1039
1014
1071
966
1025
1077
1010
1018
1137
1050
1633
2142
2535
2167
2386
2312
2212
835
1861
2000
2061
2327
2033
1679
2180
2058
2111
2001
2211
2032
2767
2647
2393
2424
2230
2203
1326
1858
1827
1332
1369
967
1085
922
1054
1033
1026
1121
826
964
1028
1013
985
916
1109
952
1071
1025
1108
981
927
1041
987
991
1025
1039
1024
797
1095
1010
942
927
983
1014
917
1001
1400
1864
1449
1079
990
1000
1083
1032
1013
932
933
977
1079
792
1102
1086
1452
1952
1076
1076
1775
1407
1606
1015
1044
1775
2080
2160
1296
881
1146
1158
1138
1259
873
1211
2161
1727
1453
1223
1044
1312
1212
971
1311
970
1087
1053
916
902
1028
1029
1054
779
893
1022
929
