2307
2240
1514
1349
1315
4513
3556
2152
2199
1918
1211
1827
1748
1943
3070
2587
2744
4276
2260
2019
1591
1383
1415
1633
886
1181
1256
1202
1180
1265
1034
1169
1156
1097
909
1154
1156
1177
1263
1134
1215
1047
1124
1208
1198
1244
1052
1096
1041
961
2536
3356
3079
1340
2449
1838
2540
1132
1257
1952
2127
1428
1439
1602
1533
1343
1326
1158
1157
1166
1184
1046
1193
1166
1126
1208
1207
1208
1279
1211
1272
1245
1144
1038
1139
1199
1236
1257
1210
1237
1191
1047
1173
1181
1228
1456
1297
1105
1057
1286
1280
1167
1177
1211
1203
1114
1300
1118
1053
1016
1073
1205
1224
1041
1108
1247
1218
1156
1188
1032
1007
1168
1058
1098
1036
1181
1186
1091
1193
1182
1169
1132
1158
948
1299
1268
1099
1103
1185
1166
1078
1288
1030
1029
1055
1793
1767
1199
1240
1214
1065
1223
1096
1193
1150
1096
1735
1881
1267
1196
1242
1057
1171
1150
1185
1225
1236
1149
926
1059
1212
1280
1171
1225
1047
1069
1019
1172
1256
1208
1045
969
1071
1220
2479
2623
2732
2898
1348
1600
1969
1532
1932
2745
2039
2153
2127
1607
1790
1340
1066
1086
1228
1258
1330
1193
1248
1252
1100
1116
1315
2447
875
1341
2623
2668
3008
2496
4348
2936
2510
2858
2766
2689
2281
2492
2156
1938
1542
1377
1463
1449
2688
2956
2632
2546
1611
2002
1112
1656
1132
2110
2742
2885
1247
2677
903
2308
2098
2314
1989
1285
1354
1343
1328
1225
1336
1181
1279
1387
1340
1153
1336
1107
1186
904
1067
1647
1402
1598
1526
893
1009
874
1024
1144
1040
1171
1117
1177
1011
1250
1085
1193
1058
1183
1134
1404
1332
1244
1215
1185
1236
1099
1413
1658
848
952
1226
957
1062
1129
1241
1243
1203
1229
1034
1251
1163
1341
1252
1562
1198
1371
2951
3051
3699
3165
2614
2877
2164
1169
900
1533
1922
1887
1664
1592
1519
1381
3379
3113
2975
2925
2882
1640
2823
2727
2911
2852
2537
2529
1881
1949
1920
1484
1473
1692
2119
2592
2858
2868
2699
2851
2448
2473
2766
2396
2893
2709
2375
4085
1822
2153
2381
1884
1795
1407
1234
1068
1136
1237
1191
1022
983
960
1777
2802
2369
2740
2805
2504
2358
2512
2302
2353
2993
2704
2649
2338
2580
2745
2730
2913
2733
2650
2781
3517
2953
3631
3666
3649
2132
1772
1464
2405
1690
2736
2780
2685
2381
2117
3461
3461
2794
2782
2638
2792
2708
2746
2379
2428
3026
2857
1943
944
1028
1056
1237
1051
1142
1088
1059
1037
1148
1182
1204
1114
1170
1157
1184
1183
1075
1070
2004
1338
1109
1102
1168
1159
1217
1263
1245
1046
1202
1613
1479
1137
1173
1017
1052
1177
1037
1226
1269
1283
1116
1370
1056
1022
1274
1021
1172
1207
1044
1164
1197
1073
1112
1064
1047
1219
1929
2088
2850
2874
2809
1085
2822
2363
2580
2759
2475
2070
2686
2557
2645
2071
2319
1830
1406
1495
1472
1294
1165
1174
1160
1153
1194
1719
1908
1967
2623
1290
1578
2306
1562
1489
1475
935
1119
1218
1053
1055
1346
1292
1208
1121
1325
1734
1467
1829
921
1243
1116
1175
3442
2765
2667
2442
2526
987
2719
2674
2432
2857
2686
2867
2212
1990
2067
1563
1698
1720
1586
1044
1230
1286
1311
1088
1310
1155
1304
1039
1195
1191
939
1157
1133
1171
1233
1155
1152
1065
1092
1168
1063
1102
1966
1134
2220
1885
1250
1088
1145
1169
1178
1273
1434
4836
2862
2268
2577
2343
2595
1890
1694
1906
1503
1517
1600
1354
1249
1047
1213
1051
1181
1279
1199
1241
1242
1022
1174
1141
1149
1047
1208
1156
1291
1185
1217
1105
1287
1107
1168
991
852
903
1151
1181
1268
1068
1211
1328
1191
1548
1145
1475
2061
1318
1419
3195
1938
1421
1223
1309
2550
2546
2605
1570
2052
1776
2036
1713
1812
1815
1805
1794
1654
1161
1162
1054
846
1096
1181
1048
1150
1327
925
848
1189
1285
2558
2444
2757
2433
2342
2568
2360
2304
2210
2714
2303
2845
2678
2491
2679
2343
2122
1973
1513
1162
1217
1363
1384
1268
1042
1084
1308
1166
1855
2612
2633
2540
3022
2395
1500
2616
2607
2493
2790
2675
1860
2030
2222
2043
1903
1866
1362
1621
1388
1380
1316
1068
1118
1375
1316
1206
1145
1350
1124
1161
1198
1226
1156
1186
1177
1270
1084
1354
1184
1185
1185
1222
1261
1213
1119
1179
1021
1164
1226
1112
1231
1120
1239
972
1243
1382
3065
1461
1370
1136
1097
1871
1584
1166
1281
1211
1357
1054
1082
2094
2729
2901
2736
2654
3013
1050
1297
1776
2612
2778
2850
2074
2830
2463
2334
2740
2579
2941
2519
2668
2558
2943
3021
2598
2945
2906
2918
3688
3267
2818
1940
2065
2110
1456
1373
1427
1419
1449
1201
1225
1217
1303
1203
1215
1720
2646
2356
3025
2358
2299
3668
2709
3141
3055
3926
2744
3432
2939
2173
2047
2037
1469
1284
1287
1394
1302
1080
1245
1131
1323
1055
1089
1128
1212
1211
1309
947
1186
1210
1042
1222
1172
1314
1150
1137
1054
4097
3120
1393
1362
1161
1019
974
1174
1017
1030
1100
1242
1032
1191
1029
1212
1488
1328
1115
911
1049
1013
1024
1223
1234
2996
2867
2781
2688
2800
2824
2448
2615
2574
2859
2770
3430
2523
1813
1533
1723
1489
1230
1708
1167
1351
1301
1215
1193
1195
1167
1256
1106
1264
1268
886
1208
1192
1208
1265
1205
1184
1038
1181
1031
1338
1970
2904
2580
2614
2725
3177
2590
2848
2736
2749
2804
2631
2806
2758
2720
2448
2523
2358
2749
2581
2446
2614
2881
2519
2479
2282
2675
2678
2102
1889
1898
1242
1208
1249
1295
1266
1866
1990
1487
2234
3040
3589
1944
2798
2602
2550
1722
2691
2365
2332
2459
3030
4897
2397
2337
2625
2662
5043
2820
2679
2765
2416
2802
2716
3067
2381
2991
2415
2747
2473
2930
2919
2745
2682
2432
2359
