94
96
98
91
87
93
94
82
94
90
98
85
89
90
95
92
85
101
82
81
83
91
89
93
93
96
91
88
84
89
93
88
106
91
89
82
92
91
92
85
92
83
85
89
142
155
82
95
91
87
81
84
96
98
91
91
98
87
86
91
102
83
102
85
86
93
93
80
90
90
96
89
96
92
94
98
88
92
95
87
95
89
108
191
185
176
120
156
174
182
177
175
185
160
184
158
76
88
70
73
82
72
78
78
75
78
79
75
78
78
86
87
85
79
71
83
77
76
80
72
80
85
75
77
77
76
80
82
81
72
79
77
80
76
83
81
89
97
73
81
79
85
86
82
80
83
81
74
89
79
81
75
82
76
84
74
73
78
80
83
81
89
88
75
82
85
87
77
76
91
84
77
84
84
90
98
93
96
86
81
79
83
75
87
89
83
83
80
95
84
87
83
79
77
84
85
78
87
88
92
75
85
87
89
85
82
87
89
83
75
90
92
87
87
80
87
74
85
79
87
77
84
86
85
84
88
90
75
90
83
83
85
80
87
91
87
89
76
82
87
85
87
84
91
83
83
85
83
78
97
98
78
76
79
85
85
81
92
90
91
78
94
88
77
89
91
85
90
82
87
80
81
87
90
78
88
89
91
78
83
83
90
91
85
85
79
78
79
87
95
81
77
86
87
90
93
79
89
82
83
82
88
89
86
86
90
85
87
82
79
90
84
91
80
89
82
97
113
94
85
83
85
83
91
89
87
88
78
91
88
92
77
86
94
92
81
79
87
86
86
90
86
93
88
92
78
88
82
87
87
84
89
92
90
90
90
92
84
86
93
88
90
89
90
86
86
85
91
84
84
85
91
81
89
87
86
78
87
86
83
87
82
91
78
88
86
81
90
85
88
91
79
82
86
86
98
89
86
84
87
82
91
92
78
81
79
80
90
91
79
86
89
87
89
82
83
85
85
79
86
78
78
84
93
89
90
89
90
79
91
80
81
91
94
92
91
82
92
82
83
96
95
81
82
90
84
83
86
77
86
82
91
89
79
89
96
164
171
92
93
95
95
103
126
109
108
96
99
97
95
85
90
148
135
192
189
94
92
81
118
90
136
95
117
89
106
96
155
141
184
176
176
98
123
151
156
180
168
185
204
186
164
199
176
113
85
90
99
128
97
104
96
115
117
152
158
135
93
94
98
116
132
102
147
99
189
162
174
161
209
163
157
161
164
156
143
134
145
121
79
78
79
81
80
79
75
72
75
79
95
79
80
72
81
85
83
79
74
81
79
78
78
79
80
79
73
76
73
72
73
69
78
81
88
86
79
82
75
78
71
77
82
80
82
85
82
84
81
82
79
84
81
83
76
81
82
93
86
85
85
82
75
89
83
78
81
88
84
89
88
76
91
80
85
76
83
82
83
86
82
74
76
80
90
84
74
75
80
86
84
76
84
88
80
78
89
85
87
92
107
104
96
87
99
174
172
179
136
88
108
88
87
115
88
91
94
98
84
95
110
97
76
98
81
78
72
86
80
82
81
81
79
74
84
79
84
77
82
85
93
84
76
81
82
81
73
74
73
84
81
85
77
79
85
82
80
79
81
81
84
88
82
84
76
83
85
73
86
81
78
75
73
76
74
86
84
87
85
83
87
86
84
80
86
81
81
83
88
93
92
76
76
86
87
80
84
74
87
83
83
82
82
82
84
89
88
86
80
85
76
85
89
78
85
85
81
85
78
88
88
82
77
79
75
90
76
83
80
87
81
81
81
83
91
77
85
84
88
84
88
83
87
93
101
87
109
100
81
96
91
89
163
111
77
88
93
95
85
81
97
83
89
80
87
81
88
82
85
93
81
90
87
86
83
84
83
88
87
91
93
85
87
82
81
90
91
87
85
93
88
89
86
86
78
79
83
87
85
81
77
83
88
87
84
81
87
83
86
81
88
80
87
77
85
89
77
90
85
83
90
79
86
81
84
86
88
93
87
91
84
87
86
78
78
89
90
78
84
83
87
90
79
82
88
84
92
82
85
87
83
94
91
79
84
77
84
80
82
87
81
81
89
88
85
87
86
78
92
88
89
86
84
91
88
88
79
81
88
87
84
84
91
90
86
85
89
90
86
95
92
88
89
93
92
89
88
88
93
99
86
92
93
85
87
90
90
83
83
86
80
86
83
86
93
94
79
91
84
83
85
79
84
89
88
85
84
86
86
86
87
93
88
85
87
90
90
86
86
91
91
84
82
80
83
86
89
78
88
89
88
90
87
86
88
84
86
86
87
88
79
