95
81
72
73
76
77
74
68
70
74
67
72
82
72
67
73
74
78
67
72
72
73
73
75
72
71
71
72
73
78
72
77
76
77
80
78
78
79
75
72
75
74
68
72
78
77
77
68
78
73
68
75
74
76
84
70
74
78
73
77
76
76
80
133
126
78
81
70
81
75
72
76
76
83
79
71
81
71
76
80
85
90
89
69
78
67
76
74
74
84
75
73
83
74
72
70
82
72
81
82
76
72
81
75
81
96
69
79
79
81
70
77
72
78
74
81
84
78
75
68
76
76
82
69
70
73
78
76
68
76
70
73
69
80
84
69
78
82
77
81
76
74
77
80
77
83
73
74
72
79
78
78
73
85
83
98
76
79
72
77
72
80
82
86
78
84
79
87
76
78
83
75
73
79
86
71
74
75
84
77
84
85
83
78
77
80
80
71
82
78
72
70
73
80
85
84
79
82
84
79
76
78
86
84
82
75
78
82
84
80
81
84
74
111
98
77
75
90
83
76
87
73
73
80
81
80
81
79
82
78
70
78
88
82
87
82
79
70
75
73
78
96
83
76
79
82
81
73
78
73
83
74
80
84
85
82
86
75
76
81
83
76
87
79
81
83
76
73
76
86
79
90
89
84
78
88
86
86
83
84
79
83
83
85
72
75
82
84
86
82
82
79
81
73
74
88
80
77
85
78
86
73
85
85
86
73
73
84
78
75
72
86
85
86
81
77
79
85
75
81
85
86
84
84
83
76
84
78
87
80
82
70
81
77
71
82
85
91
72
82
78
88
81
86
81
87
87
78
73
80
82
78
87
81
79
85
77
78
72
75
81
83
78
70
84
85
83
81
85
87
77
80
83
72
79
77
77
80
84
80
78
78
84
90
72
81
71
71
79
83
81
80
76
76
79
75
77
85
82
83
81
118
101
93
85
81
92
90
84
83
80
76
79
80
76
80
75
79
80
81
74
82
73
76
81
75
79
81
76
78
78
84
80
76
80
80
82
81
84
80
82
86
83
81
78
82
81
78
76
79
85
82
81
84
72
81
83
84
76
72
87
79
83
79
83
80
81
76
78
73
73
77
75
83
79
74
74
77
72
82
81
83
84
73
80
81
79
80
81
81
83
85
84
79
83
78
84
84
72
80
81
79
76
82
79
73
79
73
79
78
78
74
81
79
74
80
77
79
77
81
72
81
74
79
84
83
73
76
79
76
72
79
79
76
75
79
81
80
79
84
81
79
78
82
80
84
85
86
79
82
76
142
99
86
83
82
84
86
86
75
84
74
80
81
79
87
79
71
73
84
80
77
70
79
74
72
85
74
81
81
83
78
78
80
78
76
83
78
71
81
79
75
83
78
75
84
81
81
79
74
73
79
88
87
85
78
78
75
80
82
90
79
84
84
83
76
80
78
81
78
83
75
72
77
78
74
86
80
81
79
74
72
76
86
80
78
81
78
79
84
82
80
81
83
84
73
80
81
83
82
84
80
83
86
89
84
81
75
83
84
73
82
75
74
77
80
84
80
84
79
82
81
77
80
83
82
73
82
85
77
86
86
83
76
79
82
82
86
86
75
77
77
87
82
82
83
80
73
74
83
147
162
74
77
82
82
82
81
79
82
73
83
79
78
76
82
82
84
77
83
84
81
73
82
83
80
84
80
71
80
80
78
78
72
78
79
72
81
80
78
82
83
74
81
82
85
80
79
83
79
78
77
75
78
83
77
80
76
81
79
84
83
73
80
73
78
84
79
76
76
77
76
80
73
73
77
84
84
80
78
80
84
81
78
75
84
79
80
81
80
81
75
78
84
79
81
73
86
77
80
84
75
80
87
71
74
81
83
78
80
83
77
80
86
72
80
80
80
73
87
85
77
72
83
79
76
81
85
72
73
79
74
72
81
82
81
70
77
81
82
81
76
80
80
77
81
83
82
81
200
87
82
76
76
78
80
81
85
82
85
78
82
79
81
80
87
76
89
79
84
85
73
81
79
80
87
97
88
79
74
83
76
87
86
84
79
80
73
77
74
86
85
79
85
77
83
81
83
86
76
82
73
76
83
74
82
83
84
79
82
86
85
77
92
76
77
85
74
87
85
77
75
79
82
77
74
73
81
77
79
78
93
74
83
76
78
79
81
74
79
81
74
80
76
72
79
83
82
84
77
78
71
77
78
72
77
77
85
83
83
71
82
82
81
80
81
78
78
81
82
75
79
82
82
78
73
86
82
72
79
81
78
84
78
78
77
78
79
79
77
83
78
78
78
81
79
83
73
78
78
