1462
1028
927
896
1011
803
1232
948
763
783
1069
1088
918
720
822
939
845
910
847
806
800
858
916
760
1172
649
539
1251
1780
1971
2112
2088
1986
1954
819
664
1011
2039
1671
2181
1976
2099
1918
775
652
566
1645
2065
1920
1712
1967
2008
1480
1213
736
1960
1712
1739
1792
1913
1748
1644
1917
1918
1731
1791
1928
1774
2065
2080
1892
1896
1736
1986
1759
2036
1776
2033
1080
1644
1521
1572
1247
1070
1343
1319
906
884
957
884
932
921
765
826
873
853
814
877
912
852
838
767
829
813
875
870
756
795
832
837
833
824
761
852
751
863
860
824
753
758
753
858
860
709
676
663
792
865
854
748
784
861
858
820
818
846
870
872
820
885
917
738
785
970
896
913
869
883
892
955
818
889
958
927
877
927
922
790
818
850
928
854
767
877
869
876
747
877
763
805
859
861
866
742
801
750
873
877
1035
1852
1364
1004
628
766
1184
790
741
792
820
857
830
912
852
912
932
688
651
640
1290
1260
909
748
902
920
940
830
934
877
852
902
873
837
706
972
1271
1357
1359
1249
1070
1093
1223
960
971
2022
886
1756
1696
1938
2001
1922
2382
1323
1893
1847
1978
2066
1956
1942
1958
2010
1012
1446
1668
1434
1609
1176
1385
1320
1132
867
1770
2109
1978
2092
1909
1951
1717
2199
2695
1299
1964
1721
2041
1929
849
1231
2947
3488
3433
4204
763
819
939
1070
1247
1154
1153
1196
892
940
823
866
875
829
1954
1707
1495
1540
1584
1869
1619
1822
1524
645
704
827
922
950
958
1018
2424
1526
1725
897
2010
1636
1976
2180
1722
1693
1769
1471
1271
699
652
727
745
814
1231
992
928
861
973
654
986
749
735
930
875
876
899
798
845
821
871
836
855
1042
698
629
1420
1701
1113
1056
1335
873
566
1855
2069
1706
637
707
1998
2156
1993
1653
1990
1900
2356
3568
2672
3291
2544
3499
3090
2713
2000
1072
2122
838
1081
841
1347
1297
771
894
845
898
805
623
784
749
776
931
898
778
876
721
747
742
947
944
738
878
876
895
768
838
838
865
802
830
874
806
673
655
827
862
863
858
893
841
842
870
927
876
883
742
853
788
1037
579
829
794
845
926
932
874
882
799
740
742
885
947
836
950
846
915
1140
761
1711
2396
1720
1817
1951
1959
1459
1942
2016
1865
1981
1897
1686
2015
1796
2013
1973
1844
1703
2074
1992
1544
1557
1685
688
1610
1128
752
792
717
799
1191
1158
683
701
1052
775
853
935
832
797
864
657
686
924
1045
1030
960
943
1030
971
963
902
806
765
760
889
868
928
834
1541
845
1571
1925
1754
1963
1697
2065
820
1040
2113
1340
1534
1368
1233
1396
997
1040
987
1156
1084
692
833
885
916
757
870
950
891
930
831
852
848
834
854
838
1014
754
603
823
795
879
779
894
803
773
815
877
851
769
857
936
670
635
805
805
763
846
760
759
821
843
861
769
786
888
892
841
858
850
845
868
1375
1819
1715
1448
886
781
793
809
741
840
846
866
906
756
3216
3322
2690
1687
1961
2213
3253
596
1045
2051
1716
1947
1813
1743
627
2090
1288
2011
1741
1980
1843
2097
1249
1891
1952
1777
1578
1384
1280
1158
1161
1241
994
908
811
852
741
874
802
768
848
760
911
841
823
854
761
1464
1054
2192
2960
983
974
690
1386
1636
1058
1566
1404
1414
1199
1517
789
750
2002
2083
915
1003
862
960
920
839
833
1003
880
1113
933
753
703
944
1029
955
943
890
809
947
766
962
848
850
598
834
1158
1132
729
863
1241
1287
1364
871
750
883
883
862
866
771
962
726
708
731
861
786
813
806
802
753
1077
770
775
916
1046
556
749
807
905
844
621
838
861
795
892
742
837
948
869
785
870
871
759
782
882
805
876
1449
1526
1146
723
617
666
890
599
856
800
938
760
744
643
888
689
1200
733
681
1588
2026
668
686
884
998
834
835
908
874
847
1864
2206
1849
2171
2055
1945
705
648
741
1529
1180
1817
1797
1796
1963
2055
1171
1927
1731
3355
2290
816
722
1455
926
2083
1660
1195
2288
1787
1817
1950
2060
1857
2305
3746
3444
3705
2196
812
2185
1101
900
934
727
857
710
1094
1127
1211
1142
1095
903
911
975
1097
882
912
986
950
788
625
1301
1762
1944
1955
1799
1935
1757
691
668
902
1284
1396
1497
1448
1425
1267
1148
1028
1238
960
809
910
893
947
791
980
876
896
883
869
851
876
848
852
792
1733
1226
1241
930
1089
1335
1194
950
2058
1201
1704
1679
712
2021
1888
1947
1898
1454
1608
1909
2133
1031
1757
1614
1585
1333
1123
1171
1134
1180
1049
763
791
826
864
874
927
837
736
949
954
881
856
841
968
884
1007
862
815
679
809
603
797
843
792
796
851
855
766
891
833
854
860
875
802
1128
826
785
887
1054
966
902
846
879
765
759
781
832
845
926
790
565
725
874
811
863
770
873
866
766
904
831
743
875
880
867
964
674
634
796
872
744
941
828
868
814
877
762
847
914
828
895
805
845
924
712
877
758
858
911
900
929
750
1265
1684
1654
1879
1435
1248
628
1082
1429
1334
1361
1192
687
1367
1810
1742
1876
1104
928
824
1458
