1202
1542
2345
2395
2721
1545
1004
3245
2973
3468
3342
2960
3734
2982
2769
2551
2372
2421
1660
3444
3513
3572
3468
3333
3112
2993
2395
3155
2913
2567
2114
2195
1272
1284
1450
1511
2015
1463
1291
1568
1311
2022
1661
1570
1257
1263
1474
1595
1357
1396
1890
1475
3646
3472
2992
3432
3046
3367
2886
2865
3537
3335
3175
2747
2274
2521
1372
1717
2127
1419
1359
1699
2464
3283
2252
1218
1499
1401
2624
2745
2602
2091
2199
1252
1495
1347
1332
1568
1270
1449
1528
1532
1566
1131
1320
1507
1410
1252
1652
1366
1569
1472
1339
2367
2710
3484
2754
3022
3161
2189
2909
2902
3109
3251
3261
3236
3274
3201
3021
3126
3176
3512
2725
2809
1459
1498
1657
1704
1534
1280
1511
1623
1219
1422
1411
1543
1428
1341
1475
1430
1338
1434
1357
1399
1472
1472
1240
1583
1284
1460
1270
1517
1332
1408
1580
1451
1455
1492
1412
1453
1522
1893
5405
3444
3356
2185
1609
1217
1751
1532
1555
1589
2150
3323
3144
3345
1855
1084
1645
1814
1692
1667
1671
1454
1458
1284
1288
1262
1352
1510
1280
1498
1345
1462
1533
1444
1125
1003
1519
1299
1510
1523
1275
1445
1321
1547
1361
1253
1451
1562
1352
1383
1450
1370
1434
1569
1486
1439
1146
1339
1254
1383
1451
1494
1415
1268
1253
1441
1571
2020
1416
1527
1509
1399
1384
1461
1433
1269
2251
2826
2892
3034
3183
2133
2891
3381
2881
3345
3359
3031
3371
3366
3402
3168
3228
3099
2843
2314
2663
3119
2764
3291
2108
2781
3191
3058
3517
2788
1377
1537
1772
1254
2094
1594
2112
1760
2076
1904
1411
1842
4459
4589
4928
1114
1571
2511
3871
2347
2808
2293
2901
3040
2524
2098
2140
1605
1810
1657
1568
1491
1491
1530
1487
1309
1534
1552
1199
1555
1307
1570
1564
1243
1575
1598
1435
1535
1177
1241
1371
1445
1447
1481
1433
1330
1257
1413
1338
1336
1444
1444
1447
1525
1521
1483
1489
1579
1327
1171
1415
1352
1491
1340
1354
1264
1486
1455
1253
1339
1441
1517
1469
1626
1318
1244
1445
1449
1532
1202
1409
1478
1348
1434
1302
1441
1387
1305
1452
1268
1438
1371
1270
1479
1469
1240
1527
1445
1478
1481
1246
1460
1273
1309
1326
1473
1476
1494
1503
2023
2004
1200
1425
1607
1899
1215
1162
1164
1497
1942
1349
1506
1471
1818
1293
2955
3067
2894
3025
2667
1029
3081
3209
3308
2965
2871
3199
3149
2798
2626
1818
1652
1787
1908
1422
1504
1542
1503
1511
2052
1581
1457
1460
1503
1493
1465
1247
1265
1617
1278
1536
1465
1454
1416
1292
1597
1317
1335
1434
1382
1309
1483
1228
1562
1525
1642
1462
1476
1460
1469
1554
1288
1405
1373
1253
1419
1468
1601
1423
1397
1519
1151
1301
1631
1527
1530
1370
1348
1432
2934
1769
2860
3490
3860
5246
4855
2468
3334
1301
1653
2083
1956
1447
1582
1247
1614
1249
1581
1387
1296
1396
1545
1442
1666
3065
3109
3146
1757
1332
1150
1770
1940
2120
1635
1622
1481
1680
1202
1208
1115
1395
1491
1442
1503
1626
1436
1422
1498
1256
1339
1571
1500
1378
1588
1470
1481
1323
2016
2035
1910
3169
2871
3237
3274
3283
3299
2814
3650
3016
2695
2611
2453
2348
2083
3028
2089
1375
1596
1587
1487
1481
1547
2079
2344
1390
1278
1468
1253
1461
1430
1477
1438
1470
1621
1279
1401
1433
1457
1450
1333
1404
1491
1259
1419
1631
1502
1483
1340
1522
1474
1424
1274
1318
1495
1466
1544
1457
1385
1524
1866
2550
1609
1453
1355
1515
1487
1428
1601
1530
1506
1560
1488
1303
1392
2094
1211
1436
1376
1977
3161
3009
1992
1321
1343
3446
3233
2930
3427
2803
3438
3348
2882
2452
2260
2291
2242
1433
1447
1655
1447
1557
1281
1313
1574
1270
1524
1323
1629
1512
1383
1462
1586
1410
1302
1605
1527
1478
1598
1470
1393
3060
2964
3146
2970
3147
3178
2874
3413
3160
3178
3168
3365
3150
2661
2576
2367
1678
1575
1844
1373
1525
1299
1505
1318
1341
1586
1271
1495
1234
1260
1371
1458
1478
1488
2685
1346
1328
1422
1542
1611
1470
1334
1344
1411
1209
1226
1312
1472
1492
1523
1399
1291
1545
1456
1275
1548
1175
1673
1593
1746
1486
2281
3128
3215
2499
2084
1247
2065
1923
1924
1744
1314
1685
1912
2628
1519
1759
1954
1919
1248
1240
1393
1396
1438
1486
1501
1530
1652
1389
1590
1294
2055
1558
1721
1514
1652
1235
1591
1792
1743
2025
1429
1257
1601
1675
1243
1382
1613
1475
1754
1898
1337
1779
2089
2148
1345
1724
1816
1197
1437
1361
1405
1655
2108
1703
1226
1648
2044
1375
1374
1222
1527
1415
1165
1237
1244
1559
1356
1353
1350
1273
1203
1251
1265
1065
1304
1041
1448
1492
1136
1342
1457
1567
1687
1607
1291
1679
1321
1235
1183
1734
1892
1494
1282
1441
1383
1472
1350
1172
1295
1349
1432
1512
1685
1498
1247
1611
1756
2551
2278
1493
1571
1441
1437
1203
1151
1419
1387
1524
1470
1354
1995
1751
2437
2119
3231
3108
3237
2285
2753
3349
2814
3180
2644
2299
2737
2101
2063
2090
1531
1580
1716
1451
1279
1430
1354
1284
1425
1420
1394
1482
1235
1374
1436
1500
1313
1431
1445
1278
1263
1273
1395
1542
1422
1344
1380
1363
1484
1447
1457
1276
1553
2067
1902
1452
1480
1469
1507
1476
1303
1446
1459
2523
1483
1488
1365
1518
1328
1595
1498
1454
1205
1585
1493
1424
2090
1296
1474
1796
1486
1485
1278
1511
1502
1631
1368
1333
1506
1347
1447
1775
1625
1367
1300
1574
1411
1382
1532
1364
1597
1477
1377
1446
1310
1541
1474
1248
1293
1284
1476
1353
1407
1442
1435
2084
2194
1324
1662
1254
2817
3352
3486
1354
1765
1798
1733
1948
1668
1542
1464
1461
1140
1379
1460
1233
1515
1479
1528
1432
1507
1397
1282
1116
1273
1527
1443
1484
1331
1508
1427
1249
3017
