396
392
390
391
370
341
351
348
384
401
339
369
361
357
356
444
620
659
620
642
630
645
347
573
812
447
388
393
374
374
356
384
385
385
359
384
375
314
373
382
399
377
344
385
321
313
352
370
361
376
359
390
392
379
359
314
388
346
393
868
657
521
352
391
353
341
392
411
415
336
381
376
378
354
354
366
333
388
387
390
334
397
331
379
358
355
334
314
353
360
376
370
338
332
327
417
363
693
524
358
339
387
360
366
347
361
401
392
423
456
418
519
383
465
338
446
700
659
508
358
360
350
330
365
359
376
541
390
622
538
550
322
628
567
606
644
752
679
666
634
627
557
429
376
366
387
341
317
363
351
416
350
371
323
329
370
354
321
382
357
360
325
519
334
380
390
365
376
327
356
357
380
373
366
338
369
367
367
339
326
323
344
365
365
409
359
366
348
339
370
358
371
369
329
326
319
376
373
367
646
717
328
354
321
334
340
381
382
356
333
366
373
329
360
372
352
382
379
319
337
363
356
343
334
377
338
341
361
358
362
326
373
374
370
381
437
356
385
362
345
360
345
365
370
390
320
367
370
335
352
354
388
368
377
364
330
378
337
362
370
364
361
371
318
341
319
355
363
381
417
342
368
343
340
377
363
395
345
377
347
326
349
326
333
323
342
321
369
338
397
322
382
376
334
364
390
362
358
366
375
359
348
374
369
361
391
343
370
411
387
381
380
406
354
397
386
399
694
718
427
416
425
332
372
374
405
390
368
386
346
399
409
352
398
374
396
347
377
398
399
350
394
409
646
667
459
421
345
415
394
401
399
396
403
426
350
411
356
410
397
359
370
411
388
364
383
416
362
331
398
391
388
388
386
409
399
374
360
379
380
393
404
360
342
337
379
334
396
385
333
405
429
435
401
371
425
336
330
378
324
379
375
386
350
346
335
328
305
343
320
380
363
381
353
380
331
437
389
347
345
309
369
350
389
387
353
389
340
350
348
327
318
323
339
342
346
354
353
327
355
321
342
353
366
351
357
359
356
337
365
376
455
394
380
348
320
358
433
964
436
691
511
489
641
574
664
637
569
667
575
469
510
372
323
333
372
330
361
375
355
333
303
309
341
350
324
396
380
395
394
320
370
359
379
390
356
384
332
373
543
385
665
681
637
479
343
375
333
292
294
318
349
365
286
312
332
300
362
324
304
328
333
334
329
313
331
374
322
354
302
334
369
314
297
348
331
475
637
621
590
541
613
638
683
346
366
357
377
365
315
307
373
321
355
357
310
316
358
328
316
338
317
324
339
376
318
370
364
369
370
340
369
357
329
359
353
376
333
389
361
361
395
346
353
325
345
315
354
341
373
375
350
361
343
355
369
336
358
317
313
385
365
359
368
339
356
360
375
351
332
363
402
362
361
339
318
340
339
357
309
332
362
367
335
359
383
349
355
388
305
351
343
348
324
354
389
332
308
354
348
349
329
359
329
361
341
356
350
353
353
309
350
370
314
384
341
838
413
355
369
382
448
412
297
333
311
342
386
340
317
333
592
545
348
401
577
525
659
672
809
649
692
662
768
662
714
851
616
307
294
310
307
302
339
288
330
355
329
349
346
353
308
289
351
362
299
333
353
362
304
350
351
293
316
387
359
327
338
341
323
362
373
375
376
325
309
338
386
374
356
380
309
371
358
354
310
361
359
376
328
350
375
362
342
375
380
371
320
358
349
359
323
344
336
382
334
318
360
370
365
565
610
701
496
397
326
332
316
388
375
377
366
375
394
367
329
368
385
399
372
380
324
331
364
369
364
362
383
341
395
323
363
380
372
419
382
372
376
326
368
340
401
365
348
384
360
389
374
378
379
366
354
363
343
401
334
322
364
355
342
367
354
358
352
355
369
336
378
396
331
336
405
391
377
363
367
359
359
338
382
333
344
372
338
332
377
354
364
367
393
333
353
349
332
359
367
391
370
349
345
388
381
361
316
399
379
320
351
422
411
362
317
379
385
340
340
343
388
366
326
400
349
381
346
348
351
353
357
388
368
369
355
320
354
385
372
357
360
353
382
319
359
324
349
365
367
370
356
366
348
388
324
371
331
317
357
341
361
354
352
364
362
364
387
390
356
383
339
324
345
319
386
355
387
398
376
338
326
339
362
385
334
342
340
363
365
382
340
380
433
329
433
386
449
488
517
466
415
390
427
460
430
395
348
378
385
403
319
359
343
380
376
394
362
385
349
382
335
324
374
393
340
359
360
359
361
324
379
323
375
358
364
509
381
447
406
330
411
376
474
