278
315
306
308
350
527
507
591
472
660
376
515
650
460
376
344
327
301
294
306
303
309
267
281
310
342
318
307
321
336
332
333
328
311
328
282
323
363
327
330
319
367
405
353
348
299
285
338
349
338
332
354
368
356
345
355
348
369
319
332
307
344
302
332
343
334
331
341
335
328
308
291
332
329
348
349
344
305
368
315
345
315
561
703
377
348
359
449
394
364
332
309
322
321
338
347
297
331
344
346
301
330
346
307
387
337
316
320
336
350
362
346
299
355
330
350
352
343
365
358
388
357
344
346
506
318
342
366
342
365
321
306
326
346
364
332
304
356
348
316
299
318
380
355
322
358
355
319
297
315
358
330
341
357
305
365
348
372
373
305
339
367
319
353
358
357
347
299
336
309
355
353
350
347
339
350
363
335
320
327
291
354
294
358
307
328
325
365
329
296
297
304
306
318
342
331
323
303
338
298
327
399
366
300
337
349
351
370
338
302
370
336
347
347
347
312
367
398
351
333
353
364
380
302
338
353
355
346
296
307
294
345
344
381
335
342
348
337
311
304
399
529
374
423
355
321
397
376
364
1095
750
675
659
636
578
577
544
547
328
292
318
362
360
352
347
343
541
610
352
322
352
360
391
462
523
384
323
337
506
668
728
663
520
472
475
350
334
328
376
368
516
381
447
495
394
366
313
373
394
624
321
365
358
432
439
576
648
418
581
599
552
625
367
369
444
365
342
366
347
357
354
309
320
342
347
389
373
372
335
380
314
306
325
373
361
338
317
346
310
345
357
335
370
320
307
364
349
470
633
807
484
459
316
333
342
324
363
314
329
313
359
364
343
313
375
663
638
465
356
346
437
359
543
599
563
413
526
390
499
495
409
330
353
373
345
365
344
357
352
363
365
369
344
377
361
365
375
306
304
387
370
285
313
315
318
319
292
336
292
349
324
321
305
339
348
358
344
331
292
294
334
286
372
352
333
412
545
548
654
592
330
317
355
326
357
364
330
360
352
441
419
606
652
596
653
644
621
614
598
650
642
647
620
616
652
351
334
405
318
338
361
345
312
322
309
345
368
324
363
326
351
328
366
311
342
347
387
312
362
366
365
339
355
387
363
320
371
341
341
363
356
388
453
604
566
396
391
376
398
395
381
387
362
403
328
358
350
358
376
366
375
338
381
359
394
366
380
369
382
406
368
327
361
362
366
342
387
391
343
507
599
608
452
399
353
387
338
390
377
345
392
380
358
417
381
351
342
335
354
315
358
349
370
323
343
347
371
366
359
367
326
322
430
361
316
313
355
510
534
606
466
361
360
342
309
356
353
566
610
626
600
636
626
589
623
340
348
354
313
343
312
351
326
351
403
352
361
344
308
346
395
453
418
522
394
361
370
337
323
378
378
327
377
346
351
381
384
365
329
392
360
312
354
342
325
379
357
371
342
379
320
355
337
345
357
358
376
357
362
415
575
631
424
492
436
361
350
322
373
334
371
371
334
354
362
357
336
373
343
364
352
352
309
370
319
367
313
328
596
406
363
387
364
331
333
355
355
506
572
599
603
356
313
353
319
339
367
335
354
345
369
380
347
316
405
346
326
393
305
335
327
312
357
368
475
352
351
462
379
466
543
720
540
638
391
444
431
403
493
356
352
385
722
520
315
338
357
369
374
286
281
322
313
305
309
296
324
351
334
310
308
325
302
333
389
302
294
277
309
321
309
289
949
466
332
355
666
694
514
554
416
265
268
299
277
280
312
285
312
312
337
285
317
319
342
314
322
320
315
374
387
371
352
297
329
328
292
290
344
337
359
539
443
327
359
360
385
365
306
360
372
341
300
308
304
358
344
330
316
311
299
354
329
305
309
336
372
325
337
356
317
366
328
360
367
368
351
363
353
305
578
389
506
351
360
375
403
357
312
377
353
316
330
348
334
374
370
329
311
355
352
335
358
353
338
322
336
315
345
350
341
373
309
335
337
339
345
357
323
307
357
370
604
821
323
337
359
342
306
347
365
309
331
341
382
345
322
326
384
313
361
316
323
356
347
352
362
354
368
308
348
350
480
366
373
320
326
310
385
337
333
364
351
370
311
359
325
340
392
320
364
309
340
362
357
399
359
380
354
354
367
386
514
309
351
347
305
345
316
343
304
382
355
359
365
375
363
353
345
352
341
346
746
442
620
624
470
313
295
336
276
326
296
270
280
302
336
310
329
360
337
339
314
342
337
335
330
343
362
347
341
358
325
333
354
312
337
323
373
369
343
323
373
318
350
335
281
294
317
328
