500
1015
879
596
590
781
602
673
862
997
865
985
958
794
796
704
810
753
748
727
744
733
569
625
665
536
642
583
667
605
634
624
450
492
530
588
586
536
526
600
623
569
432
569
891
778
769
544
598
505
576
603
610
591
600
530
590
604
579
533
535
546
500
631
640
586
524
667
966
921
1131
1037
1061
701
614
989
1190
892
883
676
743
502
876
916
721
608
674
440
780
738
430
1197
777
612
548
441
492
1251
569
789
826
444
512
494
638
683
772
927
861
543
530
674
674
523
510
709
521
621
718
561
488
488
566
451
491
631
531
523
560
518
536
451
435
513
502
451
650
583
539
573
446
590
723
494
553
504
632
555
682
757
655
716
675
768
762
767
775
747
823
811
765
781
717
783
740
836
798
811
779
636
542
608
712
479
421
448
517
511
502
626
577
467
618
606
529
624
521
538
664
924
565
528
731
440
532
465
709
500
663
750
565
586
527
579
603
498
1095
1995
1320
880
562
1305
1398
2166
2019
2241
1926
1587
1518
1316
1253
1341
1346
1136
1637
917
729
1518
831
673
764
771
630
1068
955
764
926
880
558
478
607
426
556
1042
856
761
759
841
687
716
465
503
585
512
608
586
529
529
580
537
577
589
643
682
1062
815
852
971
997
536
452
515
579
589
523
614
475
557
555
498
556
580
577
545
631
581
562
573
589
548
422
545
583
509
572
592
572
608
524
544
670
580
571
594
435
589
521
489
564
570
547
524
607
530
585
437
509
590
531
558
998
759
718
779
923
720
520
389
579
601
611
696
752
786
401
560
473
508
578
656
605
907
1643
512
761
716
821
1188
2070
804
1962
1123
1520
1419
1471
2142
1315
807
497
496
446
932
2479
1897
2435
2141
1972
760
1958
1360
1245
1432
1328
1242
1428
1367
1610
837
529
1366
1326
1279
529
1012
1322
1315
769
930
1213
591
1767
1882
1959
1258
1050
817
976
818
684
537
569
552
550
575
727
543
599
520
567
576
507
601
595
612
889
625
486
534
639
585
580
1051
852
426
570
630
931
903
606
481
543
573
583
606
618
575
517
578
544
560
586
604
574
546
541
522
537
592
593
740
501
507
593
581
516
571
598
581
512
448
603
646
557
532
582
590
510
622
583
616
447
494
377
658
1456
1416
763
925
915
651
706
546
590
595
577
606
529
593
601
560
470
553
801
1102
699
680
747
909
827
505
564
587
588
584
1114
791
646
948
921
681
515
556
547
486
825
970
829
842
884
587
756
517
593
614
560
624
589
631
554
583
606
585
651
596
373
550
582
597
612
509
461
627
534
578
595
599
474
494
598
588
519
653
586
504
514
598
1611
983
987
1421
1139
1022
1017
1227
825
771
934
734
526
520
493
724
1016
951
587
615
736
1550
1493
749
434
1530
623
467
780
768
540
543
582
581
480
553
544
612
508
545
553
569
555
571
530
556
543
524
548
557
979
655
707
798
789
784
957
815
655
531
488
503
575
524
580
579
622
618
618
618
551
536
858
1026
1017
527
603
562
575
619
508
528
635
609
590
548
540
542
516
590
671
630
579
589
620
1071
1055
945
576
584
542
645
523
579
539
579
597
560
583
573
525
595
555
532
532
558
539
613
600
594
589
530
600
552
591
608
573
604
530
626
612
559
510
651
564
650
597
633
596
603
565
571
625
625
596
533
583
558
596
583
615
555
531
513
602
541
608
562
589
625
542
574
643
660
504
406
597
559
555
613
621
546
589
599
613
578
607
614
579
556
587
587
535
629
556
518
629
632
908
817
1027
629
600
605
609
555
612
617
582
640
557
594
526
588
621
614
625
559
583
641
601
578
641
639
535
630
605
660
553
577
584
640
576
597
574
524
525
560
504
505
629
579
576
676
588
576
528
622
588
534
583
598
537
606
507
615
597
615
617
616
569
620
600
579
572
518
599
426
576
592
509
599
652
594
600
657
625
513
553
576
584
523
584
511
527
538
602
602
530
557
581
531
424
478
600
611
551
563
523
583
521
603
500
613
606
608
593
568
599
569
639
541
614
597
689
418
479
513
539
495
526
520
558
584
582
601
613
570
536
598
515
588
509
594
614
585
615
543
582
1194
813
578
681
672
1104
1711
1717
1477
635
872
577
558
517
482
537
594
527
516
541
603
614
526
624
560
608
597
677
633
604
523
646
707
610
573
509
583
577
533
588
579
574
594
587
567
618
590
551
520
615
601
586
591
618
560
609
1491
763
859
903
1301
1231
1097
656
1371
1162
1335
1417
1206
655
1605
1262
1162
1307
1250
1387
1262
1273
1315
1305
1132
669
811
866
820
921
668
607
686
711
690
703
608
725
605
573
611
506
680
778
1574
2314
1282
564
1210
1297
1143
1155
1428
650
377
956
1173
1365
548
