253
287
302
308
235
229
222
213
229
222
237
232
201
220
254
235
224
208
223
229
224
240
221
208
202
229
206
217
203
208
196
239
220
208
219
232
227
204
204
200
238
236
233
213
214
247
237
212
241
275
262
294
274
245
204
225
247
215
241
247
255
261
263
241
250
245
222
237
231
226
238
227
212
241
249
240
216
233
220
249
232
218
213
233
244
215
220
236
221
230
230
225
248
211
214
250
209
233
215
231
221
233
227
251
220
239
219
241
257
237
258
245
223
218
214
243
259
236
245
238
252
252
240
234
247
245
283
262
257
267
270
252
261
276
224
268
248
248
250
248
248
263
219
224
228
223
228
240
247
268
215
246
216
255
219
257
276
224
227
265
251
265
244
230
239
249
225
221
235
258
235
248
244
266
220
247
212
223
259
247
256
252
243
212
262
230
258
246
230
251
267
264
267
223
224
251
254
253
243
272
266
251
269
236
235
246
266
241
226
264
242
262
224
219
261
235
223
259
264
241
245
217
250
235
246
242
245
241
227
257
231
258
260
257
217
243
226
223
231
239
257
245
250
269
223
248
271
230
230
257
266
254
251
258
251
260
223
246
255
251
261
232
227
248
245
251
219
271
223
261
260
216
253
247
241
253
232
278
245
271
267
262
222
223
247
253
223
217
308
460
266
222
457
511
231
226
236
230
225
244
252
229
238
208
206
207
217
228
212
220
193
216
265
210
203
257
247
245
262
236
206
204
225
244
232
228
239
226
203
238
229
195
219
222
215
212
234
241
237
228
220
242
230
276
236
202
224
211
201
227
233
236
227
234
247
207
239
247
215
235
240
209
236
239
257
220
256
251
214
250
253
209
208
236
259
248
240
245
261
233
243
235
212
248
243
261
224
251
241
238
249
214
256
231
223
252
232
246
244
303
281
331
265
261
272
281
239
254
289
261
244
245
272
294
331
304
252
393
296
517
291
289
335
306
299
366
298
256
237
263
245
247
263
218
234
239
202
219
221
236
239
232
234
218
217
199
213
204
232
227
235
235
211
226
234
222
225
237
244
237
205
210
229
233
235
240
259
254
343
241
257
218
201
246
217
213
238
231
233
234
239
233
223
211
234
219
229
209
253
221
236
250
234
234
236
242
233
247
219
231
227
227
206
238
234
256
245
239
248
238
227
246
245
218
253
241
225
248
216
255
237
246
271
295
266
267
256
246
269
273
248
243
257
230
252
236
257
257
236
218
251
255
245
226
217
226
226
254
220
235
263
237
255
253
257
245
246
214
242
238
246
242
217
230
264
257
221
250
215
228
262
222
245
230
253
239
267
261
220
256
243
273
229
251
227
237
264
247
239
223
243
232
263
250
255
236
251
251
252
258
246
221
254
249
221
236
226
247
263
240
254
259
237
240
226
252
254
226
219
230
241
250
246
232
251
237
247
266
241
255
221
273
260
272
274
265
256
265
255
231
256
237
262
246
272
260
247
228
227
252
241
276
254
238
242
261
256
251
226
262
249
225
240
251
223
237
225
277
276
250
254
245
236
237
244
227
242
239
231
257
242
260
219
232
254
264
262
257
244
261
222
255
256
265
255
246
232
270
264
228
242
258
252
257
264
256
229
216
256
215
213
215
261
250
235
265
260
259
233
253
228
264
235
256
244
256
267
265
240
230
259
259
269
235
241
227
220
257
231
255
251
221
235
230
252
241
258
249
230
221
249
267
236
237
246
231
249
243
221
256
219
234
217
239
259
241
247
222
238
234
242
235
230
240
271
261
247
244
225
245
229
222
244
243
246
229
243
242
232
253
241
270
259
240
246
251
224
268
218
261
316
246
218
244
262
271
248
230
254
244
226
245
225
242
235
265
255
270
252
265
252
241
225
249
220
222
218
261
261
268
261
252
252
256
249
234
255
263
249
260
265
252
261
245
272
253
220
254
235
220
251
244
257
272
221
244
260
242
238
262
225
257
253
235
232
218
259
213
228
261
260
240
254
224
244
257
221
258
232
248
242
237
215
248
251
260
263
243
237
222
223
260
253
237
231
244
237
269
247
268
244
251
222
226
256
233
234
252
266
298
255
221
234
224
231
219
265
234
228
222
257
219
218
236
217
259
251
246
243
213
255
240
241
217
247
247
245
239
239
222
265
249
259
257
258
270
237
254
237
233
248
248
262
245
248
259
254
231
249
269
230
221
257
282
230
253
227
243
255
254
229
255
229
256
268
253
250
235
224
237
224
234
260
238
255
263
254
226
265
234
255
221
225
257
256
225
265
254
257
252
