3587
3454
3795
3638
3363
3248
3500
1394
1998
2011
2083
2184
1837
1798
2294
2029
1982
2124
1677
1935
1780
1756
697
1449
1506
1516
995
1045
1024
1047
932
1112
914
1005
719
1916
2049
2011
2058
1896
2165
1751
771
810
657
725
841
785
887
898
919
900
752
902
768
1023
953
908
796
835
747
848
793
1280
793
859
678
1760
1963
1764
2055
1994
1638
1982
1343
923
718
1292
1569
1632
1553
1569
1523
1421
1589
2246
1896
2313
1863
2116
2015
2263
2084
1831
2082
1950
2127
1817
1504
2145
1686
1250
1150
1161
1219
1206
1058
856
978
909
852
862
933
1217
1848
689
1955
1950
2114
2054
1684
2124
716
779
1879
1941
1883
1909
1844
1822
1681
1055
1366
1447
1488
1077
1105
1095
1195
1051
918
799
936
724
936
889
785
926
845
765
885
858
961
886
811
785
924
862
810
779
787
948
901
941
904
887
931
858
874
934
828
864
680
926
893
903
667
768
841
965
774
910
890
910
876
834
902
899
970
853
773
1074
1232
1067
829
881
787
1315
857
773
1178
1186
1173
921
1554
1840
1713
1801
716
873
854
642
778
1030
871
1016
1041
1100
1008
1023
776
994
713
743
875
1228
749
1859
1522
1430
1913
2089
1765
1920
931
1179
1460
1399
1584
1367
1185
1019
1229
1172
934
1260
1711
2098
2068
2045
1864
2007
2015
1745
750
838
1478
1932
1784
1819
1570
876
1267
1336
925
779
939
854
748
909
819
767
927
788
1047
714
1596
2055
1517
1964
2049
1932
1880
2205
2059
2199
1211
1724
1665
1670
1155
1079
949
1073
1111
1163
826
892
932
791
810
915
776
785
976
902
892
962
943
869
957
1118
1041
1837
1919
1740
773
1794
2016
2027
2302
2090
1876
2129
2120
2173
2275
1299
1691
1416
1442
1393
1397
1250
997
1171
1222
1102
757
900
1262
863
1101
983
857
1085
881
875
747
966
790
754
1008
1007
1116
1054
923
1049
1066
986
1015
934
908
930
898
676
882
811
879
834
782
862
821
904
859
802
908
910
819
685
850
862
772
891
919
766
897
675
938
908
860
895
944
868
1030
747
632
927
855
893
810
988
933
856
747
860
864
877
778
806
673
897
842
727
792
870
999
905
929
794
894
903
773
946
922
785
875
808
1178
795
812
918
766
912
799
919
789
798
966
943
941
932
967
954
937
756
1482
1155
861
825
809
884
851
904
903
792
940
774
778
1039
622
882
761
862
933
908
893
872
906
886
926
875
883
784
898
920
790
765
857
901
934
906
821
885
871
820
815
884
875
891
817
814
940
631
704
820
844
859
820
848
891
771
906
844
944
968
885
942
1143
851
884
1888
1967
2201
2003
2003
2246
1069
1861
1985
1996
1979
1775
1992
1816
693
786
809
1057
1004
927
1106
817
773
1144
1071
817
793
758
1403
1090
1324
1540
1243
1402
1714
773
610
1757
1988
2119
2115
1365
1712
1701
779
643
1068
974
895
771
800
898
803
814
810
821
764
841
816
777
646
880
806
867
668
658
907
807
775
788
951
646
745
803
711
837
814
746
673
761
670
596
763
817
938
938
934
871
821
774
878
886
872
769
885
884
806
851
821
671
790
915
762
928
765
850
943
994
926
781
996
805
861
954
944
792
886
893
931
819
891
855
942
820
864
787
868
871
939
800
782
905
632
911
824
955
777
965
902
770
822
794
880
892
886
920
829
873
831
950
780
883
933
838
877
877
834
917
787
854
790
774
778
817
1930
3400
1928
1879
1964
1715
1710
656
754
1699
1701
1765
1716
1637
1340
1433
1382
1066
1151
1145
1156
1169
1133
910
937
929
955
802
927
872
1010
673
671
868
811
775
883
809
944
898
923
825
937
891
879
827
913
942
885
1010
941
895
978
962
864
945
1252
901
775
953
925
908
944
970
879
774
956
911
890
798
797
764
917
565
1726
1377
808
885
897
835
897
793
805
905
822
780
973
938
640
1609
1967
1763
1875
1808
1564
1529
1372
726
1479
1266
2218
2224
1787
1576
2096
1147
2178
1895
2059
2175
1952
1103
2077
2258
1563
1867
1531
1861
1143
1085
1110
1019
1097
818
1002
681
731
715
853
850
882
925
918
788
897
875
871
784
870
856
773
2165
2054
2082
1879
2039
2018
2021
3401
3342
3590
2093
2308
1056
1940
1964
1652
1750
1545
1484
1433
1479
1037
974
1116
1080
1148
927
844
892
774
860
866
830
943
803
1054
875
833
947
961
988
959
835
809
820
939
900
896
887
923
1315
1431
777
774
899
937
925
891
901
896
888
871
822
825
905
988
675
708
836
822
834
876
925
857
841
751
743
930
838
1072
1190
1760
1706
1756
1304
1000
1214
1184
764
2149
2020
2050
1788
1889
1956
1159
817
1854
2195
2050
1902
1978
1886
1105
1612
1507
2026
2210
2019
2000
1771
2020
795
1306
1399
1343
1282
1187
1456
1179
1018
1029
885
1049
1053
936
820
888
892
894
787
812
847
871
841
860
857
959
808
912
885
917
636
898
892
929
899
840
925
932
741
893
792
881
881
898
775
771
729
664
562
767
922
893
996
893
838
795
797
900
876
906
775
899
889
658
880
863
920
895
834
884
907
801
