361
323
353
565
643
663
593
351
336
373
379
398
378
372
377
345
327
309
317
334
320
318
357
357
332
365
319
336
301
360
303
336
351
348
334
335
350
336
330
366
409
358
324
359
326
364
341
318
342
304
351
363
368
379
342
344
355
374
310
353
322
376
328
365
357
373
314
357
332
310
353
372
334
359
354
321
344
566
377
363
345
347
440
551
338
363
365
343
349
307
349
329
351
366
355
367
311
365
388
324
352
349
344
358
323
326
342
361
343
359
319
353
377
337
364
317
353
381
383
369
374
308
383
317
528
364
342
389
363
321
349
331
350
314
346
342
354
283
323
341
283
323
307
324
332
319
336
357
356
346
321
355
313
297
340
317
341
355
331
375
341
324
330
559
371
378
338
336
321
311
316
325
341
286
461
350
356
425
726
490
461
454
519
522
540
508
449
570
622
547
560
509
476
471
597
605
609
553
532
692
534
562
551
518
525
545
535
587
561
510
638
580
631
580
523
532
557
604
1066
532
532
641
566
536
543
520
514
499
538
590
492
575
498
516
549
497
580
579
525
451
503
348
319
332
464
332
357
315
291
291
332
316
291
297
317
302
283
344
355
302
355
307
319
348
298
308
309
342
379
321
365
365
361
315
360
332
327
308
369
348
350
506
317
434
397
390
373
335
347
303
346
349
365
373
307
350
396
366
327
368
379
365
344
364
384
366
314
398
359
365
361
338
392
368
360
354
354
309
361
350
312
422
353
352
347
313
374
370
366
337
339
399
383
327
331
414
389
349
308
381
352
373
327
362
322
374
379
317
363
309
354
353
352
392
310
373
370
356
351
385
373
407
341
350
338
366
317
357
320
337
367
309
363
306
323
351
387
372
361
381
342
338
353
354
319
342
331
345
333
358
350
351
376
328
339
330
357
354
403
342
339
337
497
374
568
594
449
472
494
728
427
378
462
633
401
377
361
433
348
400
354
373
357
367
355
382
324
384
360
348
378
360
369
326
383
364
353
290
336
338
314
913
416
386
329
406
392
334
351
319
377
389
388
384
276
335
343
282
315
296
315
313
331
328
339
331
330
348
321
303
334
301
328
345
293
296
327
382
336
386
326
295
338
345
310
347
311
359
349
361
353
355
439
391
387
343
336
354
345
357
313
396
397
378
362
405
327
355
336
374
404
381
324
385
305
374
375
364
371
315
366
317
366
371
363
362
399
392
354
437
367
344
329
355
360
341
341
315
362
362
377
316
356
355
359
338
350
358
341
348
339
307
356
345
369
314
361
354
376
355
356
314
350
329
359
374
352
309
571
377
322
325
323
356
398
346
332
333
315
335
298
289
281
321
334
325
344
285
319
331
331
339
320
315
346
350
317
316
347
285
283
320
321
337
334
334
325
291
324
339
292
332
314
344
306
334
379
359
461
356
382
364
326
361
336
318
349
399
368
341
354
323
346
373
354
361
368
333
346
339
382
331
386
390
399
317
376
322
319
338
352
371
384
350
401
582
625
578
581
651
611
612
629
592
615
597
568
531
577
561
595
587
611
668
627
620
606
649
325
372
378
325
371
333
387
338
366
430
319
387
340
326
318
371
331
364
368
369
373
392
355
368
359
322
373
381
375
337
376
353
374
385
363
327
414
357
335
311
307
335
299
294
335
303
354
347
393
346
313
339
343
339
347
339
337
329
352
307
343
334
341
370
351
372
344
359
402
359
347
358
377
347
310
338
412
356
372
317
356
382
338
310
377
343
353
352
362
357
312
327
357
334
386
314
360
335
382
360
394
357
345
381
314
405
377
377
388
358
327
363
378
391
597
347
327
351
378
384
370
361
377
385
316
400
372
393
399
344
397
363
321
335
370
368
400
321
336
347
390
369
348
380
365
365
333
329
363
384
753
675
623
641
608
610
558
514
584
580
608
606
584
574
564
540
608
642
618
628
641
608
592
1241
647
705
412
360
310
341
384
676
628
584
642
707
595
632
606
632
658
646
619
584
603
589
749
390
346
524
574
325
495
503
617
416
397
744
501
632
695
395
647
567
553
625
639
615
558
625
672
671
592
613
667
662
652
621
593
637
660
516
454
375
605
612
661
585
665
630
633
614
418
375
404
369
388
349
384
382
378
412
415
401
371
329
391
425
398
401
347
350
343
616
393
372
369
471
371
335
397
327
405
376
379
381
369
391
379
340
343
396
369
382
359
357
371
358
333
386
369
344
370
385
370
369
393
340
377
377
370
349
319
373
490
331
380
348
382
362
337
370
386
391
363
374
332
379
358
337
384
326
