236
292
271
235
188
146
149
160
146
151
152
155
149
151
138
144
184
152
161
340
238
239
144
156
165
157
140
135
147
173
162
159
154
170
162
158
157
149
143
132
155
143
154
129
127
120
119
129
138
129
128
132
130
120
139
126
138
146
124
132
131
129
139
127
134
140
121
147
127
146
132
142
139
141
142
139
146
141
138
152
154
152
132
153
224
150
124
137
138
169
146
145
149
142
147
130
142
141
150
140
135
144
167
152
146
129
165
148
161
157
142
154
129
148
145
146
142
134
146
140
144
136
132
128
137
129
155
138
152
148
146
164
142
265
147
143
165
133
149
149
137
153
144
153
159
149
135
149
130
137
148
142
144
127
140
144
138
137
140
139
147
134
139
134
138
134
133
130
132
135
138
169
143
145
133
137
134
137
143
126
133
133
133
138
144
139
146
126
127
127
135
137
130
133
135
135
122
148
140
124
141
135
125
133
136
130
130
135
147
126
132
152
129
154
148
126
144
140
138
131
141
126
137
123
141
133
141
139
137
143
152
146
129
143
133
144
157
142
148
132
153
149
137
145
144
146
137
131
129
144
142
142
143
144
131
142
131
129
143
142
132
151
140
259
158
142
152
149
153
149
155
148
146
147
157
146
152
150
151
139
145
155
147
133
154
150
132
135
126
151
139
131
149
152
147
146
150
129
143
147
152
141
140
160
147
135
157
143
137
155
148
141
163
152
146
133
131
135
157
149
149
158
155
150
126
135
153
147
147
151
140
132
158
156
144
131
130
146
136
129
147
146
148
131
146
147
151
135
158
165
148
142
150
150
140
157
160
151
153
137
157
146
143
165
137
134
152
155
154
154
145
150
158
136
145
144
149
133
148
142
142
159
143
130
155
151
148
151
152
134
157
137
148
154
143
153
153
149
149
149
156
148
147
135
152
149
143
136
129
146
129
150
136
145
139
144
153
138
140
140
142
148
140
152
145
153
152
135
146
153
147
146
154
144
154
133
143
195
158
148
150
160
148
132
150
148
145
146
139
143
148
145
141
162
150
150
131
152
137
141
149
149
153
141
150
139
140
158
140
146
132
145
144
151
154
145
146
145
147
129
154
155
145
152
161
141
157
149
137
155
146
153
144
131
142
153
146
152
156
149
154
139
145
145
152
152
149
146
139
153
149
128
149
145
148
132
150
145
141
149
145
143
155
185
174
151
150
148
155
152
145
161
133
146
154
162
142
157
144
150
138
137
149
152
136
147
147
136
144
136
144
144
137
157
149
149
148
158
131
145
143
132
142
150
133
159
140
145
138
143
141
134
141
135
148
149
154
147
131
154
154
141
142
141
129
148
144
145
144
128
148
143
142
139
131
148
148
145
136
136
137
149
152
147
133
153
159
140
150
150
157
138
149
212
201
161
141
153
170
167
178
139
149
165
222
191
294
288
293
280
188
176
181
175
156
156
174
196
174
175
138
188
167
184
152
145
176
153
155
228
250
214
151
268
266
233
284
175
180
154
144
162
153
160
137
150
144
154
161
166
157
166
147
141
135
138
133
141
122
118
133
132
134
140
121
121
128
136
134
133
136
133
135
124
117
130
142
133
134
134
124
126
135
133
138
130
124
134
134
138
137
129
125
130
145
138
134
135
121
149
120
136
138
147
133
133
143
130
130
138
145
140
141
144
154
204
139
162
167
175
150
157
148
140
137
126
138
140
126
123
142
132
136
126
137
130
135
142
135
144
137
140
145
139
140
140
145
129
151
139
141
142
146
157
133
145
257
153
142
137
158
158
126
150
124
139
140
144
135
139
121
138
144
118
120
128
132
142
118
125
141
119
149
133
122
124
118
136
140
133
117
130
137
133
132
135
131
120
130
120
129
135
129
134
120
123
130
196
149
145
165
191
140
142
136
152
160
137
157
119
121
140
145
118
128
135
134
117
160
132
134
137
135
119
150
134
134
141
132
122
140
130
127
142
119
125
137
146
385
216
121
122
120
121
129
128
121
131
137
123
135
129
129
120
126
134
131
117
125
141
122
134
119
138
132
131
139
137
131
122
118
144
134
134
123
139
141
134
135
118
127
137
143
132
138
145
140
126
133
154
159
138
137
144
146
131
141
135
157
164
179
134
134
128
151
156
149
136
138
139
141
147
147
138
121
134
137
140
124
155
124
147
150
139
132
128
134
149
144
155
148
132
150
138
143
134
146
136
147
142
146
144
134
144
128
142
149
139
142
135
142
125
131
131
142
126
144
140
145
147
156
130
157
125
154
150
131
153
151
140
