67
69
49
47
37
67
63
80
64
70
47
39
41
40
66
45
40
30
25
35
33
38
28
34
26
24
26
29
25
24
26
27
25
27
43
26
27
27
26
25
27
28
27
27
31
29
27
25
27
28
28
27
28
24
27
25
25
26
23
27
27
24
25
27
26
29
26
24
27
25
24
25
26
27
26
28
27
26
26
27
25
26
27
25
26
26
27
29
27
25
26
23
25
26
27
26
25
27
24
26
26
24
24
24
25
28
27
25
28
27
24
27
28
24
28
27
26
25
27
25
27
27
29
26
25
25
27
25
27
30
27
29
25
25
26
25
26
27
26
26
25
26
25
27
27
27
24
25
26
25
26
28
24
24
26
26
26
26
27
27
27
26
26
27
25
26
27
25
27
27
25
26
27
26
25
25
26
26
28
26
26
26
26
26
26
24
26
26
26
26
26
26
25
29
27
26
25
27
27
26
24
25
25
24
26
26
26
25
26
26
28
27
24
26
26
29
26
25
25
25
27
27
26
26
27
25
24
28
28
26
28
25
26
27
28
28
28
27
25
26
25
26
25
25
26
27
26
27
28
26
27
25
25
26
26
28
25
29
25
24
26
26
27
28
27
28
27
27
26
27
27
26
28
28
26
27
25
27
27
29
25
28
26
28
26
26
26
25
27
25
28
28
26
27
25
26
28
28
28
26
30
27
25
26
27
27
24
27
27
29
27
28
27
26
29
25
27
27
26
26
26
29
26
26
25
26
26
28
27
26
27
27
28
28
28
27
27
26
26
29
28
29
28
32
28
28
26
28
29
27
28
26
27
27
29
29
28
25
28
24
26
26
28
27
29
27
28
28
26
28
30
29
28
26
28
29
27
27
26
29
29
27
31
32
27
28
28
27
26
34
51
36
38
29
29
30
29
30
31
29
29
27
25
25
27
29
25
30
28
25
27
25
29
26
27
33
31
30
31
28
41
30
28
29
31
31
35
31
52
55
42
31
31
28
28
28
29
31
45
30
29
26
28
31
33
26
26
27
25
28
25
27
26
25
30
25
25
27
27
28
27
26
27
27
28
27
28
28
26
27
26
31
27
28
28
30
30
26
28
27
25
27
27
26
28
27
28
27
28
25
27
27
28
27
29
28
28
26
28
25
28
28
26
27
29
28
29
28
28
27
27
25
28
30
29
30
28
29
27
26
29
29
28
28
27
29
27
26
29
29
28
26
26
29
26
29
27
27
28
26
26
27
27
28
27
26
28
27
28
27
28
28
29
28
27
28
32
28
25
28
28
29
29
27
28
28
30
27
27
29
26
26
27
29
28
27
28
32
30
30
30
28
29
28
28
27
29
29
29
28
28
28
26
28
28
25
28
29
30
31
31
28
26
30
29
28
25
29
28
28
26
29
26
29
29
28
29
29
29
26
32
28
26
30
29
28
28
27
28
28
28
26
28
28
29
29
30
26
28
29
28
29
28
27
26
25
27
27
30
31
28
29
52
27
29
29
28
29
28
28
30
26
30
32
30
28
28
29
30
29
26
28
26
28
27
30
32
29
29
28
29
27
28
28
29
27
29
25
28
27
26
27
28
28
28
27
29
30
28
28
28
28
28
26
27
31
28
26
26
27
29
27
27
28
26
25
27
28
29
28
27
25
29
27
27
26
28
31
31
27
30
27
29
28
29
31
26
31
30
29
29
29
27
26
31
31
30
30
33
27
29
28
29
25
29
29
30
29
26
28
28
28
29
28
28
26
27
25
27
32
27
29
28
29
31
26
29
30
26
28
29
27
26
25
29
29
28
27
28
27
29
30
31
28
29
28
25
30
28
28
26
27
28
26
28
26
26
29
27
28
28
29
29
27
26
26
29
26
28
27
29
36
29
41
59
35
31
29
32
33
30
30
30
41
30
28
32
31
31
32
31
43
28
32
46
32
30
32
31
33
32
32
31
32
34
33
31
31
32
29
31
39
29
31
30
27
27
26
27
27
26
25
26
25
26
27
32
27
28
28
28
30
25
28
28
28
30
27
26
27
27
29
26
27
26
26
28
32
29
30
29
25
27
25
27
27
28
27
30
28
30
31
30
28
28
27
29
31
26
32
26
29
30
27
26
29
29
26
29
29
28
28
28
29
28
25
28
27
28
28
32
28
26
27
27
27
29
25
27
25
28
28
28
28
26
29
29
27
27
27
27
30
28
29
30
30
27
30
28
26
26
31
29
30
26
30
30
27
30
29
29
27
29
30
29
27
27
29
27
29
29
26
28
28
27
28
27
28
27
27
