131
115
114
98
106
113
108
105
112
109
108
108
99
108
106
110
97
108
102
111
114
105
99
112
98
107
112
109
106
108
100
106
109
105
100
115
103
112
112
112
122
118
107
113
101
116
120
115
118
101
119
108
110
110
104
114
110
117
167
173
115
131
114
113
119
107
119
113
118
111
119
106
117
115
115
118
115
117
112
117
127
117
119
123
118
121
116
123
120
104
124
120
121
112
129
115
117
112
115
120
103
107
122
127
115
117
117
120
123
121
126
116
119
123
103
116
119
116
116
116
119
106
128
127
118
104
118
111
129
109
112
118
121
114
117
118
115
113
111
107
108
118
125
128
119
129
111
103
114
104
128
120
129
124
116
122
130
118
115
117
113
121
122
253
242
147
127
137
144
141
111
123
126
111
122
125
124
119
131
124
110
133
124
118
122
107
114
115
109
105
118
119
107
119
109
116
116
106
119
114
107
109
125
127
105
119
122
120
112
122
118
127
120
108
104
121
109
104
126
124
109
118
119
106
119
118
126
121
121
118
116
110
125
126
110
120
112
119
125
122
120
116
115
122
117
118
113
110
108
106
117
120
109
111
119
123
112
118
118
115
109
121
112
118
119
127
178
144
123
119
109
120
106
109
110
116
121
120
108
117
121
121
121
116
118
124
109
119
129
128
125
229
179
127
128
106
127
122
118
114
120
116
110
121
126
123
109
130
118
130
132
110
119
132
108
129
130
127
116
129
125
125
119
120
117
126
116
106
127
104
122
112
123
123
105
129
124
120
120
120
119
127
126
115
115
131
110
109
118
122
122
122
126
109
115
120
127
119
109
119
120
117
110
110
121
123
129
128
160
158
132
117
120
136
124
118
114
125
117
130
259
129
133
113
114
114
110
122
132
119
163
129
189
132
135
129
112
145
142
199
198
163
136
138
190
237
255
202
170
144
137
124
126
141
130
117
147
128
145
187
175
148
112
107
118
117
221
226
195
240
259
255
220
256
167
132
118
126
237
218
245
261
260
246
227
215
208
206
189
123
123
124
125
129
124
125
115
126
115
124
111
137
116
107
112
103
115
116
108
102
101
106
107
112
101
110
118
115
118
109
111
104
96
104
117
103
101
106
97
112
102
112
100
115
97
107
106
106
109
113
109
109
159
126
154
122
110
108
115
124
120
118
113
100
130
105
103
137
115
95
106
116
110
104
98
111
111
108
104
113
116
100
104
111
112
101
110
114
102
127
147
148
161
123
99
113
112
122
112
118
126
144
119
112
100
100
118
108
116
114
105
104
100
110
107
106
107
121
138
129
148
129
129
165
185
125
156
122
127
137
132
119
126
137
130
127
129
126
129
124
123
117
112
123
117
135
125
127
120
125
115
115
123
115
118
119
122
99
117
106
117
109
135
143
118
104
110
112
118
100
110
113
114
102
107
107
100
109
115
119
103
115
113
119
115
127
133
112
105
117
110
111
110
107
141
128
111
125
103
120
103
95
98
110
113
114
106
96
118
114
102
112
118
98
109
98
112
116
113
98
108
120
114
111
101
111
103
117
101
107
107
102
112
99
114
109
117
111
112
115
107
118
113
98
106
112
97
119
111
120
116
113
97
103
105
110
118
111
110
115
125
104
111
121
111
123
113
100
110
98
107
113
109
119
119
113
111
114
119
122
133
117
123
105
105
105
119
112
115
111
121
118
110
110
125
117
117
110
119
113
119
113
112
112
118
113
105
122
106
114
103
106
105
103
119
121
109
116
119
115
113
104
124
124
119
104
111
120
107
104
123
106
121
122
107
119
114
115
112
119
120
120
109
115
120
112
112
111
118
110
117
109
119
126
119
118
105
108
109
114
106
112
112
111
110
107
115
119
117
126
110
121
124
108
107
107
128
112
111
110
115
116
114
122
120
123
117
127
105
112
117
107
111
114
105
118
108
108
115
114
107
121
110
126
112
121
166
159
116
127
107
107
123
122
121
119
108
116
114
118
131
118
127
127
118
119
122
108
129
122
120
115
124
108
119
128
121
119
120
122
117
107
111
113
114
123
127
124
113
110
124
121
116
113
110
125
127
122
120
119
117
126
125
121
116
114
116
131
112
122
103
114
124
121
126
104
121
120
133
105
111
116
119
112
119
128
128
116
113
115
117
118
108
113
117
127
115
118
107
129
114
118
120
120
127
125
128
124
127
112
130
117
130
170
111
113
125
113
112
112
120
122
121
111
121
121
119
119
121
124
116
118
121
111
110
117
118
114
109
115
116
120
106
117
126
113
126
117
105
122
