151
129
125
125
155
148
131
149
141
148
151
145
149
155
146
125
144
139
128
131
125
148
143
142
147
157
137
135
155
148
153
138
155
142
131
152
147
149
127
140
128
131
148
136
143
150
146
151
159
147
163
163
163
160
159
154
145
155
147
150
154
160
172
144
154
168
155
148
151
149
151
137
155
150
153
143
154
143
156
193
161
164
147
154
157
188
408
157
158
161
136
157
166
146
160
141
151
140
135
151
132
147
140
148
137
128
137
122
145
134
133
133
147
151
138
128
148
138
135
136
136
137
139
137
136
123
132
129
139
139
139
124
134
133
138
139
139
144
146
143
144
141
149
128
129
146
135
139
146
141
127
140
134
154
127
126
136
126
140
148
132
144
153
147
200
147
148
156
136
153
141
145
154
146
152
128
147
128
149
151
132
147
133
155
142
149
136
131
152
159
149
152
138
155
146
152
139
156
148
158
156
151
152
135
139
152
152
151
154
148
146
135
133
136
158
136
159
142
145
146
140
144
154
160
135
133
151
140
144
148
152
141
158
134
139
140
152
136
153
153
154
164
159
154
145
144
158
151
160
143
156
145
135
166
166
150
136
149
138
154
155
157
143
152
135
143
149
136
152
162
159
139
135
136
148
148
148
142
156
139
149
147
147
152
135
142
146
152
145
154
150
159
151
152
144
160
142
136
153
149
154
147
145
140
151
163
148
159
150
144
152
140
137
147
144
151
136
141
152
155
146
150
161
152
151
162
149
155
157
149
132
145
144
147
160
153
157
150
156
152
153
150
157
148
142
151
146
153
158
149
145
147
156
160
137
214
147
141
146
144
152
150
152
155
152
146
160
134
146
151
149
136
146
134
150
148
158
151
159
158
150
155
147
155
147
154
143
142
146
151
133
150
147
161
161
135
153
145
143
154
148
140
159
153
134
137
154
150
152
143
148
145
140
138
143
137
138
156
148
160
149
148
146
148
161
157
138
154
136
146
138
148
154
154
140
140
150
163
145
154
168
160
144
134
139
149
150
150
160
159
148
154
134
159
141
141
141
153
148
156
133
143
150
158
159
159
135
154
135
157
137
144
152
140
157
145
152
138
167
159
164
147
158
152
165
152
151
155
161
142
155
153
153
165
160
144
141
152
157
154
156
140
159
145
170
156
166
136
164
147
140
160
159
154
151
141
137
157
158
155
146
137
160
151
222
210
163
171
135
141
149
153
148
136
162
154
152
148
147
150
155
134
149
160
158
140
151
154
137
161
147
160
151
144
164
156
145
142
159
141
157
135
136
136
163
159
164
139
156
160
157
163
168
158
158
163
168
152
143
153
136
159
158
168
141
159
161
149
142
144
158
138
149
149
147
129
152
139
152
134
131
148
150
145
133
156
148
147
130
145
160
223
164
159
139
150
125
146
125
140
124
125
130
131
145
143
125
127
132
136
163
163
135
133
135
139
140
142
139
144
123
137
141
142
148
138
130
139
129
148
143
139
129
124
139
124
124
129
140
147
147
142
146
130
133
134
146
148
139
149
152
158
148
150
132
150
144
137
141
135
151
137
149
151
143
139
140
149
149
132
155
168
170
177
164
167
140
151
146
373
171
190
171
163
141
151
159
155
159
161
171
164
166
159
170
172
150
157
167
154
155
137
149
139
140
142
125
141
131
140
140
148
128
151
142
135
146
134
141
152
149
143
155
131
157
134
146
132
128
156
145
146
148
141
150
148
139
133
148
140
132
161
151
142
146
133
145
153
150
149
145
149
137
140
155
156
159
134
139
146
150
143
149
219
163
157
152
148
154
151
145
137
154
132
134
143
131
147
144
150
152
140
148
142
143
141
136
137
137
168
142
149
164
146
158
152
155
137
154
157
144
145
159
149
136
140
160
158
138
164
149
134
154
134
153
148
138
159
156
143
152
156
136
138
155
140
142
150
149
158
153
160
151
145
164
138
154
162
145
162
153
151
160
147
144
136
150
134
168
292
282
283
265
283
275
288
315
228
151
153
135
138
159
138
142
161
150
142
134
156
145
155
161
140
150
135
156
152
153
143
163
149
146
158
146
140
151
156
151
166
152
160
154
153
167
160
136
158
151
149
152
162
141
155
157
165
146
146
136
154
157
153
155
144
156
158
133
154
154
149
156
149
138
137
140
196
159
149
146
157
145
164
146
165
159
163
153
149
164
159
152
162
165
157
183
160
158
139
152
144
169
220
214
188
172
283
185
171
246
237
175
220
165
184
160
173
195
208
230
235
194
279
257
263
199
205
195
184
186
162
