6164
7415
5016
2231
1466
1728
1488
1379
1365
1277
1582
1620
1637
1699
1574
1497
1524
1729
1711
1511
1358
1522
1445
1511
1404
1624
1753
1714
1778
1613
1350
1652
1743
1705
1491
1670
1437
1607
1648
1401
1433
1513
1658
1746
1436
1592
1750
1702
1586
1477
1787
1597
1688
1876
1829
3054
3170
4042
2743
2971
2703
3031
3675
2922
4450
3333
3485
2900
3648
3576
3252
4574
3965
3716
3973
3491
3983
3312
3190
4323
3360
2920
2819
1977
2140
1737
1616
1577
1390
1731
1688
1424
1700
2603
4248
4178
4051
4412
4033
3673
3596
4029
4018
3599
3005
1940
2207
2106
1674
1429
1590
1675
1552
1668
1571
1605
1656
1607
1671
1446
1490
2181
2212
2436
3635
1599
1960
2414
3695
3864
3620
3679
3819
3759
3861
3210
3730
3899
3700
3452
3790
3161
1659
1461
1991
2251
1896
1560
1784
1631
1510
1655
1740
1673
1794
1749
1699
1708
1386
2695
3685
3077
3547
5866
4219
3462
3252
3251
3763
3788
3328
2171
2282
1700
1905
1822
1523
1725
1563
1544
1379
1673
1421
1722
1410
1528
1387
1680
1370
1495
1486
1735
1642
1646
1677
1647
4132
3703
3301
3875
3399
1704
2231
3786
1365
3807
3713
1904
3464
3308
3034
2329
2212
2102
1519
1876
1877
1597
1705
1740
1592
1629
1523
1615
2289
1261
1533
1403
1591
1560
1707
1496
1699
1475
1502
1639
1756
1632
1738
1388
1698
1700
1640
1658
1575
1685
1642
1440
1752
1724
1597
1501
1558
1130
1572
1687
1469
1733
1693
1623
1678
1893
2827
1606
1610
1446
1439
1493
1861
1455
1953
1609
1623
1648
1486
1426
1501
1417
1480
2247
3617
2050
1494
1643
1790
1644
1683
1473
1760
1724
3184
4113
2264
1951
2669
2176
1937
2008
1673
1846
1917
2036
1451
1933
3797
1387
1489
1756
1416
1612
2226
1910
1705
1667
1625
1786
1687
1718
2022
2068
3712
3669
3852
3567
4074
3095
4989
3335
1094
1845
1813
1959
1720
1575
3577
2896
2308
1651
1882
1488
1461
1528
1130
1712
1391
1671
1745
1359
1633
1592
1643
1688
1579
1275
1760
1603
1768
1419
1599
1500
1566
1430
1626
1577
1421
1575
1623
1729
1697
1662
1491
1478
1527
1504
1615
1682
1677
1601
1636
1156
1394
1742
1498
1670
1822
1790
1681
1649
1403
1480
1584
1505
1718
1432
1491
1423
1635
1630
1712
1429
1483
1656
1794
1656
1736
1501
2067
1798
2605
3121
2734
1558
1649
2574
3345
2556
1186
1099
2521
2454
2247
2208
2056
2022
1483
1310
1415
1548
1685
1647
1446
1656
1682
1410
1389
1441
1637
1505
1433
1699
1487
1895
3547
3389
1390
2634
2276
2530
1627
1199
1347
1506
1713
2377
3220
3201
1766
2139
2632
1937
2162
1901
1642
1755
1418
1580
1515
1672
1412
1725
1505
1504
1637
1623
1434
1441
1679
1660
1592
1666
1692
1731
1380
1625
1512
1781
1667
1615
1681
1734
1535
1673
1770
1519
1553
1642
1696
1762
1315
1431
1547
1495
1642
1506
1588
1458
1491
1685
1450
1590
1535
1360
1747
1407
1282
1442
1578
1491
1620
1259
3535
1992
2113
1760
1656
1440
1440
1794
1323
1273
1829
1440
1673
1417
1529
1642
1614
1619
1736
2248
2120
1536
1407
1400
1626
1664
1798
1893
2593
1678
1567
1633
1572
1551
1626
1397
1714
1687
1710
1641
1706
1753
1534
1574
1622
1499
1456
1293
1856
1778
1516
1512
1703
1412
1652
1581
1254
1464
1433
1592
1616
1453
1647
1428
2076
2424
2520
2825
2889
2594
2657
2936
2564
2579
3008
2090
2402
2122
2364
1844
1826
1921
1628
1288
1614
1720
1424
1566
1565
1539
1746
1888
2408
2079
1880
1435
1664
1993
1613
2252
1376
1835
1842
1979
1366
1687
1877
2057
3658
2675
2663
1543
1686
2163
1865
1431
1325
1656
2885
2226
1970
1590
2614
2082
1459
2175
1431
1396
1634
1301
1629
1801
1478
1331
1488
1561
1845
2256
1838
1568
1506
1454
1388
1524
1621
1793
1507
1673
1716
1608
1643
1390
1407
1422
1771
1597
1609
1366
1641
1731
1570
1495
1449
2054
2183
1636
1650
1688
1581
1682
1714
3519
3219
2902
2678
2287
2065
1762
1480
1481
1662
1494
1739
1453
1628
1614
1295
1290
1499
1489
1560
1610
1542
1505
1675
2148
1411
2318
1804
1630
1439
1615
1665
1827
1656
1662
1633
1672
1375
1398
1795
1664
1578
1273
1798
2036
4316
3253
1563
3337
2026
1750
3829
3860
3861
3548
1457
2311
2698
2160
2066
2131
1537
1647
2118
3399
4009
3707
2377
3823
3653
3787
3511
3257
3271
2124
2735
2066
1647
2037
1467
1799
1795
1694
1664
1846
1717
1669
1470
1674
1397
1649
1649
1626
1545
1919
2604
1148
1684
1737
1597
1434
1673
1853
1848
1796
1464
1641
1750
1443
1612
1781
1740
1566
1663
1746
1574
1507
1609
1703
1436
1339
1471
1505
1612
1394
1639
1454
1407
1426
1687
1462
1633
1594
1596
1356
1544
1608
1582
1816
1620
1723
1310
1327
2630
2012
1970
2403
1174
1529
1539
1390
1605
2143
2395
3339
3362
3640
2238
1539
3156
2861
2343
2234
1866
1494
1464
1656
1625
1713
1645
1597
1640
1450
1822
1385
1414
1670
1561
1665
1242
1681
1609
1556
1592
1556
1612
1644
1566
2083
1795
1952
1679
1714
1991
2023
2310
4103
2028
2971
3112
2924
3736
1414
3362
3495
2827
3379
1564
2499
1962
2218
1680
1779
1721
1621
4667
3684
3630
3881
3628
3505
3569
3326
3152
3804
3251
1795
1881
2314
2492
3417
2902
2794
2733
3682
3185
2293
3202
1255
3793
2058
2183
1277
1686
1801
2055
1954
2005
1568
1742
1640
3877
3899
3802
2822
2669
3336
3123
2858
2584
1741
1747
1694
1716
1650
1347
1447
1634
1405
1623
1426
1715
1849
1535
1448
1599
1713
1442
1691
1411
1613
1702
1380
1596
1481
1587
1667
1559
1601
1708
1729
1641
1583
1618
1715
1388
1794
1463
1531
1641
1489
1396
1540
1606
1421
1395
1412
1716
1709
