1518
1354
1645
1503
1689
1727
1548
1611
1690
1652
1744
1864
1476
1965
2342
4162
2117
1481
1492
1438
1812
1869
1964
1629
3946
3793
4015
4179
1777
2036
2501
2087
1896
1684
2281
1813
1530
1919
1692
1509
1716
1794
1456
1738
1274
1635
1645
1471
1720
1765
1493
1658
1810
1344
1356
1507
1552
1335
1399
1636
1412
1669
1736
1391
1709
1637
1711
1695
1796
1484
1274
1371
1390
1576
1614
1767
1642
1624
1501
1461
1413
1758
1581
1536
1767
1565
1630
1717
1669
1696
1855
1143
1716
1608
1763
1715
1653
1300
1624
1431
1626
1575
1332
1686
1502
1659
1588
1560
2330
2068
1701
1620
1793
1525
1701
1394
1908
1540
1625
1879
2967
2033
2196
1617
1981
1808
1643
1687
1966
1616
1735
1610
1586
1676
1716
1711
1745
1116
1358
1624
1695
1419
1374
1288
1183
1493
1527
1507
1358
1671
1702
1680
1739
1571
1741
1743
1652
1614
1725
1756
1631
1522
1732
1626
1637
1513
1294
1658
1482
1626
1423
1534
1675
1596
1675
1105
1531
1675
1617
1668
1288
1655
1429
1518
3236
3343
3847
3222
3572
3339
3697
3599
3455
3705
3602
2841
3457
2838
2074
2065
1779
1513
1689
1699
1662
1686
1656
1503
1686
1627
1576
1588
1856
1462
1669
1800
1782
1795
1770
1502
1471
1709
1439
1538
1842
2550
2165
1763
1665
1659
1691
1664
1887
1909
1937
1403
2158
2190
2278
1803
1792
1849
1496
1367
1399
1490
1661
1427
1457
1647
1433
1331
1551
1556
1592
1734
1705
1672
1740
1624
1515
1394
1625
1593
1517
1716
1703
1670
1745
1688
1486
3749
3515
3248
3693
3328
3603
3486
3568
3700
3284
3568
3368
2828
2537
2123
1991
2059
1479
1502
1593
1524
1508
1441
1498
1585
1656
1621
1622
1457
1802
1782
1761
1543
1431
1623
1710
1693
1524
1487
1689
1827
1670
1688
1636
1779
2237
2646
3551
2929
3543
3129
1613
2726
1632
1917
2756
3965
4372
4470
2264
1880
2182
2591
2284
1930
2490
2129
1667
1453
1773
1652
1736
1667
1577
1618
1406
1575
1666
1831
1749
1713
1441
3066
3833
3614
3237
3838
3920
3474
1794
2223
2255
1449
1787
1819
1719
1644
1513
1451
1482
1565
1291
1579
1579
1479
1729
1712
1681
1442
1745
1180
1367
1592
1417
1502
1459
1682
1753
1881
1303
1562
1674
1441
1676
1663
1536
1726
1735
1397
1677
1662
1591
1562
1500
1535
1540
1785
1437
1387
1665
1612
1445
1680
1525
1525
1594
1625
1457
1727
1400
1423
1736
1676
1645
1503
1679
1224
2859
3458
2385
1384
1673
1686
1779
1715
1821
1707
1431
1767
1651
1531
1740
1619
1647
1525
1543
1949
2503
5404
3328
3433
4157
1377
1693
1663
1779
1682
1698
1734
1686
1338
1219
1598
1234
1303
1433
1381
1531
1415
1398
1559
1583
1602
1740
1490
1660
1644
1551
1830
1400
1273
1675
1641
1777
1687
1853
1636
1835
1686
2315
2466
1192
1413
2481
2136
1584
1244
1587
2548
1323
1494
1861
1753
1752
1544
1310
1699
1673
1628
1670
1517
1406
1728
1178
1522
1497
1701
1673
1603
1752
1611
1408
1579
1210
1300
1428
1637
1949
2031
3269
3106
1977
2890
1873
1523
1736
1833
1396
1677
1582
2579
3702
3798
4069
3559
2626
3351
4128
3574
3050
4873
3318
3112
3170
2635
2062
1731
2128
1804
1675
1837
2417
1496
3661
3775
3425
3025
4538
3659
3604
3073
1872
2248
2315
2405
2145
1538
1922
1868
1611
1531
1697
1534
1504
1629
1470
1701
1484
1439
1823
1624
1587
1659
1632
1384
1607
1525
1704
1522
1481
1640
1639
1692
1672
1545
1638
1686
1333
1647
1499
1457
1653
1211
1408
1654
1653
1799
1729
1203
1505
1601
2518
2345
1949
2224
1532
1921
1880
2252
3288
1582
1536
1769
1915
2111
2281
1676
1651
1647
1806
1676
1442
1669
1585
1601
1652
1590
1539
1478
1683
1997
1361
1559
1453
1572
1625
1787
1681
1704
1713
1592
1813
1447
1588
1624
1658
1704
2228
3556
3732
3693
2730
2728
3601
3493
3294
2828
2241
2505
2140
2005
1675
1675
1515
1503
1671
1500
1618
1518
1778
1457
1750
2732
1695
1577
1332
1637
1785
1481
1755
2330
1598
1553
2968
3158
2810
3529
3615
4060
3878
3389
3808
2390
4134
2839
2367
1774
2464
2810
1795
1717
2631
2020
2732
3342
1668
1291
2075
1439
1403
1549
1664
1687
1598
1411
1658
1619
1632
2000
1561
1555
2089
2269
1526
1682
1588
1890
1913
1736
2450
1891
1495
2166
1733
1477
1493
1513
1782
1869
1780
1392
1632
1361
1651
1507
1445
1403
1853
1716
2015
1848
2170
2044
2145
2118
1871
1354
1389
1548
1438
1568
1419
1540
1656
1601
1749
1595
1813
1266
1493
1426
1580
1719
1588
1551
1488
1343
1593
1541
1521
1399
1698
1702
1529
1455
1848
1594
1674
1451
1572
1624
1472
1662
1663
1611
1756
1613
1417
1577
1409
2339
4666
3687
3182
3792
1794
2263
1990
2666
2317
1519
1644
1643
1703
1709
1687
1649
1437
1437
1430
1541
1606
1314
1573
1674
1407
1790
2166
2277
2266
2006
2211
2113
2161
1680
3802
3379
3713
4059
3789
3218
3142
2466
2289
2025
2022
1804
1723
1532
1624
2482
2568
2113
1624
1656
1695
1644
1782
1704
1616
1721
1882
3324
3870
3719
2374
1817
1500
1267
1447
1200
1741
1398
1597
2076
1473
1527
1330
1704
1500
1672
1437
1470
1663
1702
1741
1433
1717
1678
1754
1627
1540
1508
1642
1525
1416
1594
1398
1772
1496
1532
1440
1646
1611
1480
1645
1706
2052
1482
1611
1541
2050
1950
3009
3939
3910
3342
2105
2149
3901
3393
3135
2205
1706
1374
1413
1606
1657
1476
1333
1500
1276
1868
3951
2892
1546
1501
1656
1711
2470
2011
1595
1697
1485
1779
1662
1577
1606
1439
1550
1629
1725
1750
1646
1740
1475
1616
2187
2148
1494
1427
1686
1428
1766
1993
1609
1909
1443
1716
1512
1714
1715
1666
1715
1610
1668
1537
1364
1646
