331
309
316
319
325
341
307
321
353
375
289
298
321
317
308
364
338
288
321
309
335
275
283
290
353
283
325
332
324
312
336
325
308
334
297
322
302
319
333
306
345
329
359
285
314
333
333
302
343
333
333
407
404
349
346
307
325
335
310
346
335
293
294
361
344
358
337
320
344
347
346
341
318
388
298
338
362
294
296
322
323
337
320
339
340
305
354
329
347
318
411
337
300
380
355
309
352
356
381
332
343
371
312
336
337
348
369
295
362
361
364
351
362
311
336
317
346
346
341
342
308
340
310
366
325
356
330
349
370
374
333
311
313
334
332
359
330
341
295
339
339
344
334
368
348
334
340
368
304
339
341
359
309
350
301
340
345
358
371
375
317
307
342
351
346
359
315
339
298
364
368
308
348
360
311
349
339
342
311
339
310
361
333
354
327
305
337
352
344
307
344
323
348
308
329
358
346
317
313
375
353
351
356
336
308
342
355
349
370
350
406
360
360
357
300
342
336
343
317
344
340
359
349
346
345
333
312
346
328
304
318
353
294
325
331
348
314
346
346
361
369
304
362
314
311
378
342
361
350
307
525
357
580
434
382
476
376
340
351
551
536
376
433
497
439
427
410
401
440
475
480
445
360
360
530
531
338
326
379
358
307
349
350
351
383
391
360
323
352
354
277
314
322
304
323
314
313
315
300
278
310
309
317
382
431
678
591
587
618
320
313
292
327
331
297
318
343
317
347
319
315
320
308
347
284
334
308
329
301
338
348
295
320
339
327
300
324
291
328
300
300
379
336
368
458
369
354
355
343
312
293
334
295
305
345
337
326
340
366
320
302
328
338
373
351
335
371
367
346
294
364
328
301
311
342
340
344
310
361
341
349
328
295
339
434
385
368
353
330
390
344
333
308
353
351
342
339
345
353
360
331
325
323
318
353
361
346
323
335
324
314
314
312
352
298
316
297
331
302
332
344
309
333
394
355
356
314
321
302
359
318
338
336
332
297
342
325
313
347
359
334
319
315
330
308
334
306
345
317
298
350
350
324
340
333
336
331
293
336
348
339
322
349
368
347
306
313
344
362
384
346
357
352
366
369
363
370
371
370
361
340
324
316
355
313
353
363
358
345
347
313
336
355
374
313
304
341
365
345
307
361
351
342
349
310
345
359
729
411
325
328
337
338
336
332
326
311
313
338
350
345
312
312
338
337
308
327
343
332
324
314
342
347
315
359
328
334
349
335
339
373
318
342
359
335
337
322
361
367
338
297
356
340
347
320
334
321
315
301
309
349
360
313
353
349
366
314
314
345
328
355
375
337
322
361
367
380
352
316
352
354
343
322
351
353
303
354
389
370
351
359
332
340
337
351
323
349
316
368
309
363
295
365
335
352
307
358
322
327
332
358
351
295
362
306
362
334
378
376
307
354
371
342
350
354
497
641
663
649
500
325
346
357
339
348
355
344
349
334
346
348
338
322
345
332
353
340
308
342
293
345
343
315
365
335
325
348
314
346
363
344
460
366
316
340
347
368
354
400
341
348
356
352
318
346
344
353
318
345
339
389
356
337
366
364
354
336
364
392
358
358
323
352
336
348
332
346
377
354
341
387
328
346
350
350
350
355
341
356
336
362
363
369
319
368
316
357
386
355
314
315
353
359
345
313
342
302
338
320
329
342
341
353
324
331
307
348
367
362
348
416
381
329
344
386
372
343
368
313
322
373
336
353
340
334
340
315
374
324
352
339
362
358
299
356
362
307
376
348
357
382
350
371
306
336
370
346
343
306
353
492
377
306
422
345
361
413
367
368
346
350
412
381
406
383
560
481
459
416
422
357
480
437
352
335
465
419
396
343
354
360
336
321
351
317
313
328
317
330
370
319
356
306
290
300
305
301
307
273
284
305
280
303
297
291
310
287
278
384
330
584
556
317
332
291
329
280
273
289
276
331
308
308
296
294
286
321
328
324
309
281
288
325
354
296
301
327
320
321
360
340
330
326
328
361
291
368
348
362
308
377
387
597
380
349
337
355
332
315
362
324
369
360
372
379
392
308
346
317
352
337
362
367
333
363
357
366
363
361
364
372
344
359
349
342
371
353
437
378
349
326
358
360
362
359
379
318
333
345
284
299
327
348
312
347
357
449
398
376
643
665
636
701
633
647
515
627
613
568
400
405
331
368
644
328
373
361
395
366
393
323
440
432
346
352
349
360
359
381
348
319
313
376
363
360
391
342
356
378
310
397
363
321
315
343
378
318
359
355
353
378
320
373
383
1258
367
314
394
387
273
