79
71
76
67
56
58
62
59
61
61
61
65
64
62
65
64
58
63
124
82
79
64
76
77
65
73
75
60
58
60
55
65
68
59
65
67
66
56
64
58
64
64
69
67
66
59
57
68
64
68
69
68
63
59
64
60
64
60
68
66
65
71
65
62
58
69
57
64
61
56
63
63
66
57
59
68
58
65
62
58
62
76
64
72
66
68
70
59
59
59
59
62
56
60
55
61
62
56
62
58
61
60
59
59
60
61
61
63
55
57
58
59
59
60
64
63
63
65
54
63
63
57
63
64
69
71
58
60
59
59
58
65
62
59
62
64
61
63
63
62
69
64
65
60
63
64
58
60
59
60
59
57
64
63
65
67
62
56
60
64
68
67
62
62
68
62
63
67
65
64
57
64
64
62
67
60
63
66
61
63
67
67
60
64
63
64
66
72
59
70
65
57
65
64
63
60
71
65
57
61
58
58
58
59
65
69
69
82
70
74
58
72
73
74
81
64
70
61
65
72
67
94
132
73
69
63
66
67
59
65
63
67
68
69
67
74
78
75
76
86
70
68
67
77
90
69
98
91
76
76
68
81
72
71
81
82
110
79
65
80
119
111
126
144
145
98
74
82
107
108
84
75
119
85
72
72
74
69
76
72
123
141
179
146
129
144
129
142
127
118
131
79
99
68
115
80
97
75
84
73
137
79
78
66
72
85
83
73
116
151
131
103
67
61
64
73
66
71
73
76
69
75
71
60
67
56
62
60
61
57
63
55
60
64
61
64
62
58
61
56
60
59
64
56
60
64
59
64
59
66
64
62
78
72
75
74
72
75
71
71
62
66
64
61
65
65
63
59
59
57
62
65
61
62
65
63
62
65
63
67
62
63
66
67
64
62
60
60
64
69
73
63
62
67
68
64
64
67
65
59
60
59
68
63
61
66
60
63
58
66
68
63
66
61
63
65
61
63
62
61
69
65
66
60
72
68
63
61
63
62
64
66
65
62
68
65
59
64
67
70
80
85
63
72
67
68
82
114
156
178
192
198
170
101
62
67
60
76
75
61
62
59
70
59
58
61
58
61
56
61
67
62
63
59
60
62
62
58
60
61
63
61
65
61
62
61
65
58
61
65
62
65
65
62
63
64
58
62
69
68
58
59
55
74
67
63
73
68
58
58
65
64
62
63
66
67
63
55
60
62
56
58
83
66
57
68
64
66
56
63
59
58
61
63
66
65
66
63
57
64
64
66
63
64
67
66
66
67
60
57
66
68
61
62
69
66
62
66
64
64
63
69
62
66
59
66
62
71
63
67
71
69
66
62
66
62
64
63
65
73
70
63
66
66
67
65
62
65
57
69
64
60
71
63
68
67
67
61
62
68
62
62
64
68
64
62
64
66
66
68
69
66
70
63
64
61
87
139
113
88
72
76
118
72
73
71
65
69
69
70
76
67
79
62
80
69
64
61
67
65
66
59
61
61
60
65
63
63
66
61
66
64
68
68
64
67
68
59
58
64
67
63
64
76
67
73
73
64
61
72
61
67
66
65
66
68
61
65
64
65
66
66
66
65
66
68
65
62
64
72
71
67
74
59
69
62
68
70
65
62
68
65
67
74
73
70
72
71
68
68
75
63
69
68
73
68
65
68
68
68
72
75
67
75
63
71
75
72
65
67
65
67
67
69
71
71
73
66
71
73
75
77
73
66
65
73
70
72
71
71
60
62
66
70
61
65
63
65
58
63
65
65
61
67
63
61
70
59
68
64
70
65
64
68
65
61
64
72
65
68
69
78
70
63
71
138
85
71
73
71
72
65
66
64
71
70
68
73
73
75
81
67
73
69
76
97
101
85
72
79
57
59
63
61
65
70
65
63
69
78
64
61
61
63
55
61
67
64
64
65
63
68
72
61
60
73
66
67
66
58
62
57
76
75
66
62
64
63
67
72
69
73
71
66
68
64
66
60
61
66
59
63
67
64
66
64
68
62
68
70
66
61
65
70
60
62
69
73
60
62
74
79
67
64
68
63
65
62
69
67
68
61
60
59
61
69
62
66
64
68
64
61
67
66
63
64
62
67
69
63
63
67
64
67
60
65
68
59
62
69
67
65
62
76
64
66
65
61
66
69
66
67
62
68
72
68
66
64
62
61
65
61
69
69
69
65
77
67
66
67
63
68
60
67
62
59
69
91
81
73
69
67
72
67
69
65
69
76
65
68
65
61
68
63
69
67
67
67
71
76
70
70
79
71
73
67
70
70
60
68
61
72
83
68
68
66
69
71
61
62
