238
222
217
212
233
226
256
243
233
230
211
230
245
250
338
214
263
225
256
253
233
234
243
239
251
229
245
250
250
248
233
248
225
230
250
259
238
260
256
248
227
247
246
248
234
224
261
235
249
236
264
260
255
267
258
274
235
277
241
272
234
231
277
265
295
256
261
246
399
281
267
279
282
248
273
376
251
320
297
259
299
371
335
286
279
365
334
259
353
280
322
274
273
298
407
332
247
234
240
226
246
213
231
228
207
241
214
246
249
229
260
261
221
260
237
254
269
267
256
245
248
221
261
245
227
241
259
251
223
253
257
258
229
256
347
273
563
304
303
367
241
234
224
299
240
262
263
253
256
237
243
229
224
222
234
246
238
218
238
248
256
250
219
226
234
241
225
225
217
244
225
247
236
231
256
237
243
253
243
259
237
235
252
248
225
216
247
232
255
264
299
265
317
280
293
262
316
318
289
262
250
236
300
265
238
270
222
250
257
259
258
223
259
229
264
230
280
230
226
225
262
256
229
228
265
271
277
248
237
248
286
258
248
269
268
247
233
274
269
278
267
261
235
234
270
1456
254
282
304
448
360
282
275
286
239
248
271
482
480
306
289
317
284
250
246
243
248
247
253
236
240
243
231
239
210
213
245
261
216
239
226
245
242
221
225
260
222
266
253
223
456
453
489
423
252
284
300
281
314
241
291
283
224
239
246
247
240
243
233
208
237
235
252
247
252
239
242
238
222
228
278
257
233
251
252
220
221
271
274
253
251
273
256
277
230
255
265
228
285
256
269
431
491
476
518
515
452
374
244
288
292
248
292
259
289
264
273
321
322
282
275
279
261
270
268
255
274
225
269
259
257
221
276
266
280
246
256
269
285
268
290
255
272
239
247
258
267
275
293
238
249
256
256
267
237
278
379
528
298
298
281
292
297
235
266
264
259
265
252
222
237
254
241
220
226
242
238
245
232
233
216
268
243
247
256
244
251
262
258
263
253
247
264
260
262
272
259
262
257
269
226
248
254
255
230
261
254
321
246
240
271
249
255
254
266
233
258
250
253
276
255
274
271
270
225
253
258
252
245
249
257
229
273
237
260
257
264
252
237
264
255
252
229
246
264
225
266
238
276
232
241
248
249
259
249
248
272
265
269
330
280
232
288
269
263
263
251
279
269
253
256
267
261
268
260
247
237
250
282
269
242
281
286
262
269
277
273
282
267
230
239
266
280
262
267
254
266
289
230
272
260
281
266
280
239
294
294
277
354
275
269
240
267
294
266
260
260
255
258
258
271
254
254
229
232
268
244
241
255
245
264
237
253
239
235
282
249
232
277
238
267
252
256
251
262
263
275
239
275
264
276
249
273
258
258
263
276
253
268
833
273
259
276
309
268
267
260
249
256
234
249
266
244
258
259
250
260
267
220
280
261
224
221
253
244
252
253
254
224
247
254
247
261
259
273
235
278
281
283
266
278
237
264
251
254
277
232
250
257
287
877
260
300
262
318
296
248
270
251
248
252
294
299
233
220
245
244
239
234
257
241
218
229
233
252
253
217
239
246
262
259
225
245
245
250
244
250
242
250
266
243
236
262
251
220
253
252
256
262
479
271
261
236
240
248
279
227
258
224
245
232
291
232
265
260
255
228
265
264
283
266
272
257
263
256
264
271
280
271
282
283
262
256
268
254
268
259
266
242
231
262
270
249
290
269
267
233
248
237
541
464
460
458
479
447
500
519
522
392
351
330
298
301
256
258
290
485
381
296
389
262
218
212
222
272
258
213
270
252
260
268
271
249
248
228
282
228
225
256
240
222
247
267
268
238
237
242
224
260
269
254
253
223
252
250
234
240
262
301
262
269
256
239
255
246
267
230
269
279
250
244
249
263
258
263
259
256
266
235
261
269
242
282
253
268
262
268
232
238
275
273
265
256
246
244
263
269
282
248
267
281
257
265
261
259
265
273
250
374
283
310
270
292
397
287
273
264
232
258
328
314
306
272
296
276
291
266
278
276
280
261
255
269
262
261
269
271
253
253
243
242
246
236
274
273
278
241
251
269
266
263
239
269
272
249
262
280
253
271
239
261
266
251
261
282
303
244
263
272
293
252
271
308
282
262
319
291
274
276
254
255
270
291
245
277
246
241
252
241
256
272
273
274
236
232
245
261
267
267
239
287
275
234
263
265
273
236
264
274
265
238
241
276
263
280
268
268
272
267
251
263
486
483
547
471
455
328
408
245
1049
833
817
700
678
569
461
458
456
473
462
303
230
241
240
243
266
270
226
241
256
