712
580
1143
1268
1050
1697
2110
1806
1993
1971
1802
1838
1901
1731
1662
1471
1474
1033
719
688
741
1062
820
551
1072
837
1055
1083
1106
974
751
704
656
772
782
641
687
747
725
921
641
1045
1278
699
1308
600
791
890
739
1443
637
1142
800
549
781
1071
1249
583
1157
746
628
1423
582
783
890
557
672
810
597
673
838
673
1152
1220
1268
983
3171
2349
3152
3554
3395
2587
2418
2579
2874
2796
2106
2479
1803
2233
2121
2213
2010
2203
1759
1777
1766
1733
1466
1859
1978
1458
1410
1849
688
1043
1731
1743
1771
1680
881
765
1642
1281
635
807
759
753
872
802
789
844
870
924
735
905
755
909
1044
977
1283
1676
1893
1997
1872
1948
1744
1768
1069
745
1447
1437
1235
744
933
984
760
892
1005
983
1233
1740
837
575
823
969
1097
1372
1090
1093
1026
1143
1038
1041
966
1011
846
891
977
944
800
917
845
708
777
862
882
743
790
766
771
688
2976
2806
1545
1764
1702
1604
1691
2009
1491
1782
1769
1510
1772
1526
1597
1846
1800
1795
1808
1914
1424
1825
1393
1818
2027
1157
1470
719
568
740
747
664
668
692
789
723
671
942
968
680
778
714
666
705
653
616
625
620
766
811
699
693
553
611
763
613
790
981
670
653
635
718
749
700
696
718
694
753
792
691
748
750
764
772
754
701
890
1113
1263
675
820
759
688
770
730
969
943
478
672
895
696
724
807
739
1000
884
1028
840
962
1128
1122
1099
893
615
827
816
772
2232
2030
1282
1603
1843
1469
760
1138
1444
1129
1073
1139
985
1089
1072
1068
1134
819
786
867
794
828
1129
666
1077
686
690
763
693
823
748
707
768
676
835
755
918
619
694
812
873
629
558
660
1140
954
1073
848
851
882
1130
1078
653
905
746
736
901
642
1408
1182
1421
1710
1635
1593
1120
1278
1423
1608
1614
629
549
951
1187
1849
1951
732
546
587
1711
943
1179
569
1814
1861
1674
1646
1721
1940
1492
1175
592
599
987
529
610
1165
1383
1483
930
605
826
1038
715
783
783
988
944
636
801
706
792
630
642
687
797
700
660
731
670
656
743
772
815
803
1478
2305
2607
2273
1366
1065
1721
2413
1546
1330
1023
871
1013
932
1056
1009
1125
1017
917
984
1304
674
513
675
799
735
711
650
747
738
715
798
807
644
872
674
825
909
627
824
878
1103
1072
942
791
930
858
1175
709
970
892
785
747
809
779
670
730
691
815
785
756
721
934
1889
797
650
635
847
819
1735
1849
1196
1525
1799
1824
1335
1369
773
772
778
728
818
766
658
725
675
686
742
798
726
826
817
1106
798
869
524
1247
1205
1741
1487
1780
1816
623
1363
1288
1168
1558
1726
1750
1748
1432
1967
1008
1582
822
1151
1122
1104
774
1099
1205
708
779
1212
654
618
829
602
828
748
816
929
865
997
845
548
798
1609
1680
1301
924
789
1448
1266
1887
1711
1492
1713
1699
1650
1813
2264
2395
1848
1360
1172
1403
1241
1182
1115
1177
843
910
922
1660
1606
1553
1678
1482
1390
1390
746
473
1426
1858
1097
1760
1808
1770
1948
1861
1634
1919
1682
871
1760
1754
1680
1843
1628
676
1309
1592
1672
822
647
1140
1162
1002
1078
1142
1212
1085
1245
1350
1391
658
797
1100
951
1725
1277
979
1046
613
1695
1753
2296
2261
1604
1584
1353
1354
1943
1005
694
791
953
940
933
970
833
694
3195
3458
3269
2252
644
737
596
1592
506
1013
977
894
1169
1095
1100
1106
1161
808
832
1367
602
600
710
712
653
792
763
766
743
686
766
684
695
727
742
780
813
720
1108
1121
970
734
725
935
1132
999
916
910
981
880
615
591
781
704
839
742
688
588
767
1105
646
814
808
765
768
758
677
715
692
779
981
1146
1158
1051
736
596
573
768
781
843
1024
1078
1012
655
1116
891
1165
808
646
684
841
1043
1077
1256
1025
1170
1026
1081
1165
1161
1094
943
686
1659
2210
2044
2008
1935
1773
1485
575
770
1206
1017
734
1044
681
1002
685
718
817
674
603
1145
677
710
651
1330
872
1200
1916
3249
1137
696
992
1064
1065
1146
1038
748
1278
1007
1059
1005
848
814
625
714
575
634
880
913
652
618
801
645
968
1073
905
1267
735
1069
833
724
939
1108
1102
863
636
614
625
559
580
655
549
577
751
630
755
696
696
659
926
958
669
666
661
657
700
598
576
656
667
586
703
761
785
558
572
709
690
816
1206
1146
1314
1435
1533
1145
910
653
705
725
610
781
712
648
719
1122
910
574
560
677
730
719
765
815
747
830
711
761
664
1136
1257
1102
1030
892
764
770
1476
1167
1234
951
1094
1032
1063
980
894
1013
898
746
638
662
1284
1711
970
822
811
878
828
813
853
828
818
841
794
771
573
742
820
850
716
2188
2450
2118
1419
1294
1354
1215
1229
1380
2046
1814
1963
1378
1401
1389
829
634
761
766
795
770
769
730
838
771
554
465
692
823
798
604
742
801
682
549
672
625
769
681
609
696
673
767
792
753
668
596
763
743
768
769
704
827
1288
1456
1681
2563
3203
2912
3352
3016
2843
3145
2554
639
1848
1732
2463
3231
3173
2141
2991
2586
1566
1354
1329
3083
1941
1580
1989
1991
2026
1975
