612
793
812
891
674
1177
1198
1376
1269
1417
1376
1604
1749
1743
1382
1344
1394
1286
1453
1393
1362
1262
1390
1416
1418
1197
858
809
775
857
808
617
817
775
847
805
703
783
824
791
693
795
809
923
1093
937
699
823
715
710
796
1311
938
960
1278
852
1420
813
1091
776
637
962
599
798
1171
1028
799
751
1480
1158
1081
956
837
1620
2590
2648
1201
614
1059
1327
1218
1307
1231
1283
1151
976
932
727
1010
1041
1330
979
1192
946
1067
1200
964
1184
785
1339
824
1373
731
931
1164
1277
829
1370
938
1234
1065
1063
1094
1039
1123
981
1235
790
1306
721
1279
847
1295
1031
1179
1127
913
1263
882
1252
1039
2285
3254
801
1381
1326
1347
1343
1285
1381
1163
528
1124
1671
1130
848
869
774
802
821
720
703
770
717
801
934
686
732
853
836
858
744
695
866
726
797
804
694
760
748
736
755
793
868
728
1344
1291
1287
1292
1104
1139
1151
1276
1308
1337
1320
1262
1087
1214
1238
1052
1281
1167
1288
1278
1267
1395
1126
1075
1345
1298
704
1075
1107
833
1379
808
1243
776
1343
901
1218
1334
1318
1283
1192
1248
1160
1162
1273
1283
1070
836
935
1183
738
827
1312
752
869
1234
834
833
1189
861
1129
1066
908
730
705
1083
823
874
781
803
997
608
742
992
1719
1875
1681
1716
984
740
2283
2131
1846
2041
1994
1784
877
668
682
1095
1299
932
687
1805
1881
1548
1163
1959
1503
1483
1423
655
730
750
997
1020
746
1309
1161
878
1246
884
1299
811
1155
759
1016
871
670
919
1274
1017
1060
797
1260
969
890
873
1211
751
704
817
771
832
752
815
974
1186
1138
1343
1535
1593
1381
1393
1435
727
815
733
779
823
892
1337
1414
1409
1386
1371
966
802
704
622
809
697
740
759
795
750
854
827
851
837
803
810
822
742
1245
1569
1443
1109
861
1216
1005
1221
1166
1266
1272
1791
2024
2085
1391
1297
1771
1375
1997
1914
1173
1172
1250
1342
1325
1409
1289
1384
1353
1267
1386
1308
1368
1368
1345
1423
1348
1250
1476
1293
1345
1365
1318
1225
1397
1102
744
686
847
802
827
831
803
824
921
681
694
928
961
1104
939
1694
877
1086
993
674
744
785
667
850
716
732
796
781
703
834
872
840
767
953
805
755
685
702
723
663
769
840
722
761
771
768
732
740
796
717
734
784
710
892
610
982
1514
1701
1725
1517
1819
1608
1744
1854
753
890
704
789
648
693
779
742
797
664
735
778
696
807
815
769
983
1158
849
1511
1363
1455
1506
2304
2280
2228
2502
1027
1739
1476
1925
1894
1696
1461
1598
1328
1397
1325
1437
1273
1209
1111
1059
1075
975
1002
1012
865
790
828
773
830
749
760
820
816
804
685
704
820
726
813
870
885
883
788
788
886
1112
1400
1249
1318
1243
1347
1427
1273
1254
1181
1263
1337
1305
1326
1220
1385
1381
1274
1352
1490
1466
1394
1295
1253
1407
1369
1323
1348
1372
1346
1382
1416
1430
1403
1355
1338
1385
1356
1359
1281
1339
1429
1806
1256
887
1246
1435
1086
1129
936
784
687
814
827
799
713
790
799
858
918
1062
944
655
693
616
690
644
677
1508
828
1027
732
732
785
738
953
903
737
1092
1567
1750
844
813
834
841
809
729
738
693
725
827
918
586
727
990
1369
1427
1269
1463
1409
1281
1361
1359
1426
1446
1364
1334
1392
1417
1406
1335
1387
1271
1307
1236
1266
1292
1396
1413
1366
1304
1438
1376
1488
1369
1437
1419
1422
1761
1567
1432
1418
1394
1343
1448
1417
1448
1466
1413
1393
1441
1393
1344
1392
1369
1572
1114
1525
1806
1879
1728
1679
1562
1685
1850
1901
1754
2013
1747
1799
1737
1551
1352
600
1685
1738
1541
1771
3026
2319
2419
2096
1806
1807
1870
1798
1812
1798
1730
1712
1801
1769
1503
1321
1335
1329
1586
1625
1363
1160
1176
957
1016
1046
932
642
807
772
696
581
754
796
781
795
817
769
702
777
795
811
923
681
645
842
823
838
827
808
819
801
739
860
740
737
690
736
816
819
1548
1247
1163
1018
1224
925
741
603
744
694
649
785
729
630
707
782
1245
876
761
728
789
685
640
582
607
788
793
881
793
823
703
700
703
860
826
567
719
1128
610
1063
854
842
839
715
1576
875
768
1086
881
642
969
682
904
1112
728
631
809
619
812
797
802
705
850
662
727
723
846
736
739
990
680
999
1153
1092
647
746
991
696
839
790
793
693
800
750
857
812
799
703
854
1681
1028
1726
1562
1541
1286
1463
1370
1155
812
983
922
638
1024
1672
1024
718
1434
1619
1485
1232
1290
761
1152
1761
786
934
1222
1075
1070
1178
1044
1055
1019
1244
731
837
710
836
829
843
882
834
836
811
696
747
789
711
763
803
825
847
668
704
690
781
708
854
831
847
749
783
775
810
842
691
820
792
854
1509
1248
818
850
829
733
797
718
684
815
783
803
733
843
784
921
614
1286
1209
1318
1315
1143
1240
1049
607
842
693
713
820
991
869
1325
678
1131
673
836
822
775
934
1983
713
586
1345
974
1025
831
694
801
733
759
860
753
790
858
916
1115
897
1694
1580
751
1019
927
1055
1156
1223
1058
969
758
1207
878
1100
1490
1081
783
869
767
791
920
733
923
764
1223
965
909
698
983
