976
1151
1075
1178
1110
1130
1134
1046
1030
1179
1140
644
544
645
604
602
610
649
474
576
634
613
875
793
574
968
1010
569
742
875
1030
854
1060
614
483
588
625
607
607
630
648
545
655
567
635
575
581
564
644
861
792
825
862
857
587
653
598
632
526
680
597
554
608
630
574
554
616
616
571
597
606
611
644
578
547
1148
544
581
534
498
592
510
574
446
584
558
647
633
598
629
588
528
635
616
659
560
588
526
566
767
1313
1517
1489
993
1537
1066
733
555
767
792
864
741
807
865
677
485
418
1197
1425
1331
1459
1263
1367
1280
1472
1352
1516
1791
1212
1411
1487
1320
1439
1253
1244
1608
1411
1094
1278
1088
1307
1097
837
959
1016
952
944
724
721
1127
987
1063
612
623
632
616
648
588
666
611
611
621
628
605
652
544
645
527
647
681
422
509
609
668
658
599
606
593
598
531
635
623
612
607
552
593
598
580
646
639
545
626
615
675
520
540
534
570
582
617
531
569
595
628
598
629
560
571
605
644
552
639
566
610
557
621
557
430
503
564
543
590
637
542
538
626
566
674
670
620
628
559
625
612
656
660
646
630
780
1125
1114
635
650
604
594
613
622
561
602
547
532
560
524
544
612
621
609
601
556
630
655
979
2380
1384
1415
660
708
689
713
859
916
730
1101
481
582
1383
559
502
540
1066
1486
1395
1126
547
539
480
1068
831
774
884
997
1120
1022
892
801
686
782
725
795
880
649
550
610
548
596
625
557
602
611
527
596
532
604
620
609
601
606
586
644
556
539
644
665
455
430
606
603
561
636
645
540
569
580
628
646
613
617
541
602
614
537
606
536
609
536
624
613
531
976
1149
976
537
653
566
649
553
549
615
608
545
602
549
551
531
557
670
528
623
560
701
447
498
618
649
575
590
1325
1422
1401
1289
1461
1300
1459
1381
1372
1551
1273
1371
1325
1385
1294
1160
1151
1621
1277
1257
1512
1383
1374
1275
1389
1406
1254
1334
904
1369
1407
1012
473
1271
1375
1375
1389
1275
1341
1317
502
944
959
1194
1163
1007
1230
1025
831
810
759
752
815
874
660
461
519
601
652
534
662
606
663
608
634
638
655
622
600
557
611
611
557
598
610
634
559
667
614
649
611
620
565
597
606
578
528
612
596
548
644
651
609
602
583
594
608
605
542
867
1133
1074
531
606
646
601
593
532
652
609
543
673
587
614
619
660
576
571
573
588
1031
1151
535
1378
1913
1978
2077
1839
1937
1896
1800
2319
1142
759
638
627
979
1308
873
998
921
1248
1599
889
872
826
929
882
851
677
814
846
1049
897
390
1067
1502
1215
1276
1279
1255
1376
1285
1149
1664
591
1000
1074
917
893
943
934
693
783
850
713
749
783
749
645
647
735
635
620
546
641
641
612
565
603
608
558
627
659
570
623
648
658
624
659
606
706
544
725
560
571
601
563
617
649
590
611
560
609
609
568
614
543
578
547
541
655
655
591
593
545
649
516
447
648
1524
1367
1127
1221
1188
1350
1315
1256
1142
1158
895
1886
1379
1274
1234
1341
1454
1182
1051
1232
1252
1095
853
879
1038
1012
860
730
744
752
704
764
665
764
678
644
661
628
524
560
626
651
537
609
657
606
639
584
551
591
607
537
592
578
653
582
620
646
612
618
635
612
623
601
621
626
630
581
642
616
529
647
569
619
570
617
593
607
592
544
559
591
621
575
386
598
530
610
539
675
648
669
611
533
625
544
664
543
604
535
530
549
578
610
618
695
1077
747
742
1193
873
559
596
649
599
594
607
609
622
599
596
628
592
550
581
649
684
575
610
730
610
606
1010
1056
851
892
1142
684
799
472
589
661
680
966
1034
671
577
623
598
648
649
744
756
614
656
621
596
888
868
559
628
598
563
1115
1273
1398
889
750
699
560
671
539
504
618
555
548
668
711
655
496
1103
1257
1299
1312
1376
1321
1145
1023
1034
908
1337
1103
823
752
955
872
770
930
761
619
670
693
576
675
662
684
704
633
642
643
712
673
648
637
666
630
543
590
634
653
623
607
648
694
586
584
676
574
671
649
628
667
601
671
581
541
616
559
549
610
592
566
535
585
545
605
611
592
539
548
641
635
606
574
651
538
610
662
538
639
594
627
655
597
603
675
530
540
615
557
606
596
645
626
527
567
550
601
448
465
612
610
658
628
647
609
604
574
635
615
627
670
671
551
629
607
616
607
784
1074
808
556
657
643
603
640
646
620
529
625
649
565
621
642
643
540
649
623
572
569
629
639
549
577
462
541
641
635
649
622
587
582
655
528
650
541
553
559
602
610
570
616
615
619
527
538
452
455
643
615
574
617
619
616
603
560
668
577
584
619
625
548
671
608
635
622
583
621
631
576
465
525
551
614
673
538
617
675
523
610
539
626
609
606
635
612
606
545
645
565
549
672
507
591
