246
233
242
210
251
231
253
225
221
231
216
241
216
226
190
199
224
202
232
201
218
190
194
203
235
189
188
178
191
209
215
223
221
206
203
208
186
217
192
236
218
213
207
225
196
203
211
217
243
217
211
201
190
201
221
193
283
369
205
219
231
212
241
231
204
228
220
201
225
221
236
224
213
233
227
213
238
228
196
225
207
202
229
197
220
221
232
199
224
210
243
244
216
220
201
199
221
215
195
213
224
232
210
229
211
190
205
195
218
224
201
228
228
248
216
244
277
244
198
224
239
224
224
209
238
223
197
193
203
219
232
223
214
249
241
203
244
207
227
223
232
202
246
225
230
213
239
221
230
206
229
241
246
242
195
237
211
242
217
243
240
238
229
239
214
228
222
241
197
238
243
220
210
232
228
210
235
211
231
214
225
217
244
208
253
233
308
231
232
230
226
220
206
222
205
216
230
241
234
210
227
223
229
224
231
223
224
222
220
202
234
239
221
227
201
230
239
200
202
203
220
226
206
225
230
218
237
238
223
227
237
229
199
241
241
200
246
247
249
373
253
240
220
246
293
228
197
222
198
229
224
214
209
228
210
228
220
204
228
211
232
228
202
214
228
212
249
199
230
247
217
214
225
232
250
198
203
221
248
221
229
197
219
197
199
245
200
192
228
227
210
230
217
201
214
252
212
246
229
228
213
206
201
231
223
259
251
200
207
233
199
210
229
243
233
223
235
228
220
231
195
209
228
229
253
223
218
228
234
245
246
232
227
224
232
227
239
243
222
217
196
249
236
218
232
198
225
197
199
227
244
209
208
239
214
222
205
237
205
212
227
231
198
218
398
221
222
216
217
218
209
242
197
203
228
231
232
239
222
224
207
201
224
206
244
202
242
237
210
207
206
222
217
196
195
227
225
235
217
198
226
238
197
227
205
234
239
214
211
216
212
236
201
234
234
212
235
224
196
214
222
205
243
222
220
300
243
230
215
218
221
199
232
221
219
219
207
212
196
244
235
233
226
226
204
225
239
217
211
198
205
204
218
238
228
234
224
210
231
213
228
222
201
236
226
197
228
246
232
217
199
216
220
222
224
203
240
229
222
233
230
222
222
215
211
226
226
195
248
241
207
205
215
216
205
217
214
215
238
224
204
233
216
205
220
221
217
222
237
220
223
197
232
218
205
217
216
217
231
222
235
198
226
225
231
232
213
217
200
205
196
236
214
214
223
206
225
201
232
195
199
226
228
210
236
228
226
231
216
232
195
234
198
225
211
229
228
225
234
229
225
209
237
223
223
206
236
201
225
231
209
235
219
202
211
223
213
229
216
208
221
196
223
232
217
226
204
197
217
220
219
227
198
200
236
217
233
230
205
215
235
226
238
206
218
227
245
238
216
204
231
232
206
247
211
193
209
231
225
226
209
234
224
226
224
229
205
232
242
232
220
227
240
229
256
203
222
223
218
224
246
206
199
224
220
235
212
231
224
227
222
222
195
202
200
197
196
232
208
224
226
209
202
259
551
279
297
240
432
716
247
248
366
322
228
356
252
243
296
315
252
244
279
285
256
343
421
446
436
276
238
245
212
209
251
251
268
221
215
201
204
189
201
184
180
218
204
209
212
206
201
213
188
221
213
208
221
208
202
235
225
216
217
221
221
209
227
220
213
228
199
194
216
196
220
220
214
243
286
394
273
245
265
215
222
240
194
220
187
232
216
220
216
207
198
203
179
196
210
194
215
190
206
191
193
211
197
214
219
217
207
213
228
214
179
202
198
196
182
177
177
217
211
176
189
196
195
206
195
197
193
193
188
202
176
197
195
185
190
184
189
448
329
381
423
421
390
326
274
268
180
206
197
204
203
238
189
198
208
219
211
205
202
203
242
195
207
208
205
218
188
214
223
215
232
223
195
211
233
213
209
190
189
237
201
197
195
221
206
223
200
217
196
218
232
236
204
204
231
240
224
213
204
218
258
208
197
225
189
219
211
192
217
197
207
215
217
230
226
216
217
218
226
228
219
224
210
218
217
217
218
218
224
226
213
197
221
215
224
217
235
220
229
230
219
196
222
225
216
235
201
214
208
210
310
250
224
217
191
233
243
233
215
222
212
213
230
222
241
224
218
216
218
227
219
221
243
247
232
208
228
225
216
221
215
220
209
230
206
235
207
216
225
203
210
238
239
230
209
224
228
228
224
222
237
230
241
225
220
221
224
212
217
199
228
193
198
193
223
219
221
215
198
232
215
229
208
227
304
194
208
206
222
193
226
206
202
221
199
223
