83
75
127
114
88
71
79
79
73
71
64
68
70
64
69
70
73
64
65
69
69
67
70
65
71
68
62
73
62
72
70
64
69
71
72
65
67
75
67
62
66
66
70
64
68
65
62
64
69
64
63
69
65
69
69
70
71
66
70
65
69
64
70
68
66
70
66
64
68
67
68
63
68
71
73
66
68
61
68
66
64
69
63
69
72
68
68
65
69
70
65
64
72
75
73
66
70
75
71
65
68
71
73
73
74
69
63
69
65
69
77
64
71
66
75
71
67
68
71
75
73
76
73
78
70
74
64
67
64
80
67
76
72
73
73
75
68
73
74
67
72
72
74
73
67
72
68
75
72
67
65
72
72
67
72
72
65
78
73
65
68
73
72
73
73
76
77
77
69
71
73
72
78
74
72
71
72
130
159
134
133
128
140
143
142
136
136
134
133
125
159
156
152
108
71
74
74
68
70
79
80
68
75
79
69
73
68
70
78
77
73
77
68
72
77
68
70
67
76
73
78
73
74
75
78
73
67
73
75
77
79
68
69
70
73
75
79
73
74
73
67
75
70
77
73
69
74
76
72
73
67
69
77
74
79
67
66
77
78
72
73
73
75
73
73
76
72
73
67
76
73
74
74
73
74
76
69
70
74
73
68
74
77
67
70
74
70
74
74
74
76
69
74
72
73
69
74
71
77
75
70
72
75
74
72
72
69
73
75
72
68
77
74
68
72
75
78
73
73
68
69
78
71
68
68
71
87
78
80
75
78
74
70
71
78
70
75
79
71
74
71
78
74
76
75
80
68
74
72
79
69
76
72
74
78
69
75
69
71
69
75
74
73
74
74
71
81
69
82
73
76
73
74
73
78
74
82
72
77
75
75
79
80
70
71
75
74
72
72
68
76
68
71
78
76
73
74
73
69
81
69
78
73
78
69
74
73
72
71
68
74
75
71
66
70
80
75
71
69
82
76
74
75
77
78
75
67
84
76
69
78
83
77
80
75
73
76
72
76
74
74
80
71
70
81
78
73
76
81
79
73
72
79
79
79
77
79
71
71
77
78
80
78
74
79
74
75
74
68
72
77
80
76
78
82
73
82
73
76
79
76
68
76
76
81
126
115
116
133
81
75
75
73
79
74
69
74
76
71
73
68
72
73
74
75
77
68
74
76
74
73
74
70
80
77
74
79
79
73
71
67
79
80
75
72
72
80
73
77
75
71
82
75
73
81
79
74
69
76
76
76
74
72
76
79
79
74
72
65
81
77
74
73
68
68
78
67
77
74
76
75
77
75
73
75
76
76
72
74
77
77
75
75
77
71
72
77
72
80
71
74
76
76
73
74
67
78
76
74
72
80
78
78
75
73
72
82
78
71
80
79
73
70
74
83
77
73
76
77
76
79
75
72
70
72
75
69
72
77
69
75
79
77
74
78
69
71
80
73
74
74
78
73
81
68
74
80
75
68
78
76
77
76
122
78
71
82
76
79
79
80
81
82
79
78
78
76
75
83
82
81
76
71
73
73
68
67
70
67
75
69
74
77
79
76
72
72
76
78
68
75
69
67
77
67
76
73
80
79
73
68
70
69
72
73
72
73
73
72
73
72
70
74
73
74
79
72
76
72
77
74
67
74
75
74
73
73
74
73
73
73
76
69
73
74
68
79
71
77
70
80
75
74
71
67
78
71
79
74
74
79
67
74
76
77
79
77
80
71
81
81
73
75
72
79
69
69
69
68
67
71
69
70
67
75
73
69
74
78
80
74
77
74
70
76
74
76
76
67
74
67
76
76
73
73
76
72
74
79
74
69
69
72
72
78
76
73
76
81
78
74
77
77
74
93
77
68
74
74
75
69
75
77
74
71
76
72
70
74
75
76
77
76
80
70
75
79
67
75
75
74
78
77
77
79
77
73
82
72
70
81
76
73
71
78
74
76
73
78
79
78
78
77
81
79
73
85
74
71
80
83
79
73
68
70
67
75
67
72
77
74
71
76
74
75
69
76
79
78
78
76
77
78
75
76
81
68
77
76
77
78
73
78
73
78
74
74
79
76
67
77
73
76
76
80
78
80
68
74
69
81
78
71
82
69
73
79
70
76
80
71
80
77
80
69
79
76
71
77
70
69
76
71
76
77
80
77
77
75
77
76
73
77
77
77
73
84
78
74
73
73
76
69
78
80
78
70
70
75
69
79
78
124
85
77
71
72
76
74
75
71
78
70
70
78
74
76
75
71
71
74
80
78
79
67
77
79
77
70
76
75
79
68
78
73
79
70
79
70
71
