157
173
179
171
170
165
159
146
157
150
170
166
159
162
162
163
147
170
139
223
235
266
144
164
136
126
143
161
157
148
135
148
132
143
134
140
129
125
134
120
138
147
144
122
146
132
138
138
135
130
125
140
136
129
150
140
139
132
139
137
140
131
135
148
152
146
140
142
126
153
136
131
141
149
126
146
125
141
192
163
129
150
126
127
149
147
143
128
143
150
137
147
129
171
143
142
142
148
134
146
140
165
138
152
150
146
156
130
132
140
126
145
151
148
138
154
153
149
137
157
130
157
150
132
130
147
150
129
147
136
150
144
147
138
132
131
154
131
147
143
133
164
153
135
136
135
145
146
140
133
149
153
147
133
150
145
158
131
151
150
145
151
144
129
147
154
148
136
137
136
162
135
149
150
156
159
143
155
145
144
141
134
156
154
133
149
138
142
148
265
154
151
135
145
133
151
138
150
149
147
148
148
131
139
136
152
135
147
149
158
138
150
131
149
151
154
158
145
151
145
136
148
149
141
145
132
145
144
142
142
142
146
157
162
132
138
156
143
156
138
154
164
136
145
157
157
156
160
136
163
150
142
156
162
156
165
136
153
154
134
157
139
155
147
136
157
156
153
163
169
161
154
138
158
249
156
130
151
155
149
157
141
152
131
152
149
154
149
149
132
151
144
149
146
151
147
155
158
151
154
144
158
148
139
160
156
164
156
158
157
164
154
134
148
140
154
145
142
140
150
132
143
141
146
145
144
138
145
164
160
158
153
151
149
146
148
154
139
148
156
138
131
131
142
140
148
156
154
141
144
150
151
141
145
141
140
148
154
143
214
147
155
143
158
148
135
138
146
149
163
145
139
152
131
147
156
133
155
148
150
157
149
163
138
151
167
135
152
150
158
154
138
139
162
162
151
136
135
133
150
142
145
155
159
160
155
164
150
156
136
158
151
147
150
148
150
163
153
160
160
153
163
163
149
163
156
144
152
154
166
145
154
154
159
162
144
132
131
149
147
146
165
138
143
239
150
153
153
145
150
132
136
169
149
151
150
136
147
159
156
153
137
148
150
163
152
153
164
138
163
143
152
154
140
156
144
145
153
152
150
134
140
139
149
148
133
139
147
148
146
151
150
146
140
158
147
147
157
151
143
146
143
132
149
145
151
139
141
151
136
150
142
147
149
133
147
131
144
144
144
145
146
149
141
147
138
136
146
147
154
167
149
159
158
153
134
132
159
153
162
148
148
148
142
146
150
149
147
153
140
153
151
152
137
142
152
156
143
169
137
157
151
145
161
154
146
156
139
157
137
147
153
146
130
153
133
130
147
152
134
140
144
145
141
150
143
145
148
152
157
152
139
153
162
159
158
132
150
153
150
157
149
132
151
136
153
153
146
162
155
149
136
146
141
148
165
154
131
144
148
150
149
154
150
131
157
139
136
139
149
150
150
148
133
145
150
151
155
152
139
150
144
164
164
156
156
139
142
158
148
166
138
149
138
147
146
150
164
149
149
144
145
153
149
151
137
143
150
131
150
154
150
148
139
152
164
161
146
149
161
147
153
151
157
164
152
139
154
136
145
140
150
157
144
156
168
156
153
152
155
149
145
199
263
281
280
263
276
279
256
187
156
150
142
146
141
143
127
143
139
130
126
129
138
133
147
145
136
129
121
134
138
150
147
144
140
132
137
133
138
125
128
143
131
128
142
130
148
144
140
143
144
149
142
133
165
162
155
158
150
163
155
143
149
138
143
146
142
135
150
143
148
141
142
140
137
153
146
137
132
132
128
148
143
143
500
592
303
336
310
309
193
253
171
163
172
180
190
228
166
226
190
189
281
397
173
178
190
150
154
156
202
159
151
162
191
174
247
206
343
263
146
150
134
138
144
139
134
141
123
134
135
122
134
136
142
136
137
130
139
127
134
126
136
144
135
137
125
135
134
135
123
136
133
135
139
135
134
145
144
147
131
141
132
126
139
123
136
135
125
145
126
136
141
141
141
142
147
147
133
122
147
144
136
131
162
156
151
166
287
245
264
315
306
169
224
229
205
157
124
145
130
129
146
122
145
138
132
140
141
139
136
141
149
123
141
123
146
122
139
140
143
132
147
141
148
145
139
133
149
152
155
152
134
148
137
158
149
143
147
129
130
153
139
154
134
148
158
149
153
158
152
148
141
148
153
139
149
146
131
161
134
159
149
149
132
133
155
148
160
134
158
155
149
151
152
152
141
158
147
230
162
216
172
169
151
158
188
196
145
149
163
147
133
138
151
151
154
152
149
