67
67
61
60
60
60
57
59
57
58
56
58
57
61
60
62
61
53
58
58
60
53
61
54
60
58
60
56
53
58
60
61
63
56
62
53
54
58
61
58
58
60
54
62
55
62
59
59
58
54
59
65
60
61
64
61
56
60
56
56
55
58
60
56
54
62
55
62
57
65
56
60
58
56
54
61
61
54
57
58
60
59
57
57
62
55
60
64
62
60
56
62
57
63
61
59
62
55
57
108
75
66
68
60
71
64
69
62
65
60
62
55
61
64
62
60
56
56
63
65
60
60
57
60
66
67
61
56
61
64
65
60
60
57
60
63
55
55
60
56
60
56
67
56
60
63
57
56
61
67
60
60
63
58
63
66
63
58
62
59
61
66
63
62
62
65
62
64
57
60
56
65
62
62
58
62
61
62
61
60
61
62
57
64
57
65
62
64
62
66
61
61
58
60
62
66
63
62
57
62
61
56
63
57
62
56
61
58
64
67
67
61
60
62
62
69
64
64
66
59
62
67
64
56
66
59
65
60
59
63
57
64
63
61
65
56
58
68
67
61
62
60
63
61
61
58
65
64
57
64
65
67
64
63
58
56
64
56
63
57
64
63
63
57
66
59
60
63
64
62
62
66
62
66
64
67
63
62
62
63
57
62
57
62
62
66
64
58
64
66
62
66
64
64
68
67
66
58
63
64
61
60
63
67
65
62
63
61
59
63
63
63
61
65
65
64
59
66
65
64
68
63
66
59
62
70
58
57
59
58
67
65
62
64
57
58
59
68
60
63
60
57
57
70
65
62
67
62
60
60
62
64
62
68
59
62
68
66
59
64
67
61
66
67
66
64
64
61
58
64
59
57
61
58
61
62
62
60
63
67
63
65
67
65
60
64
61
62
60
56
65
63
66
62
65
57
61
63
65
62
61
63
63
64
63
62
60
58
62
66
65
70
69
65
65
64
62
60
59
66
69
60
60
59
65
59
67
61
64
67
63
57
61
58
58
65
60
69
66
63
69
63
61
69
64
68
61
62
63
59
67
67
66
71
58
61
69
65
62
65
67
68
63
65
62
67
67
60
65
66
60
64
63
63
66
67
65
71
73
61
63
62
60
62
63
62
61
62
67
66
66
67
60
68
66
64
61
62
62
61
62
58
61
59
65
61
64
70
64
58
68
58
62
66
62
56
67
68
63
65
64
60
63
63
61
58
67
68
67
56
63
64
66
63
67
65
60
60
56
59
64
67
62
63
71
61
63
71
68
58
60
67
66
62
59
67
57
60
68
68
65
61
69
71
65
65
66
66
61
70
65
59
59
64
65
68
59
60
66
62
65
71
62
62
66
69
63
67
67
60
59
65
64
63
65
64
63
61
67
63
65
65
64
63
62
59
58
57
66
66
58
59
65
60
63
60
66
65
66
67
69
64
66
69
63
65
60
58
67
59
65
66
58
65
63
61
67
62
65
62
60
64
67
67
59
68
64
61
69
61
67
70
64
69
69
62
65
61
64
66
65
122
115
63
68
72
71
61
72
61
64
68
64
69
62
100
125
95
73
76
70
64
67
69
68
71
61
90
72
72
69
67
71
70
66
62
75
69
88
133
68
88
69
69
73
68
135
87
115
118
118
69
101
112
90
77
81
135
139
107
126
89
70
118
69
69
70
70
67
67
88
64
61
68
69
67
72
66
65
100
67
73
67
64
67
69
81
59
71
63
118
71
75
70
73
61
71
75
69
97
80
76
103
92
76
66
71
69
61
64
69
70
70
96
73
128
103
80
71
77
70
72
72
68
68
68
69
71
67
70
68
66
69
65
67
71
68
62
70
64
71
71
65
69
68
68
63
68
66
73
74
67
64
68
63
65
55
57
58
65
64
63
60
55
59
59
59
57
55
65
59
62
64
54
62
61
63
60
57
61
63
59
62
60
58
60
60
60
61
54
60
59
62
57
55
60
59
61
57
60
62
61
60
61
62
61
57
57
63
62
59
56
60
61
57
63
59
59
54
68
62
61
54
56
59
59
62
57
60
55
56
60
67
59
58
57
62
60
56
62
58
61
59
56
58
56
60
54
63
61
63
53
60
58
70
73
65
76
68
70
69
75
96
120
67
68
75
66
69
67
71
85
66
61
62
65
63
61
61
62
64
61
57
61
54
62
56
59
61
58
57
58
54
62
55
60
62
55
61
61
64
57
59
57
61
62
59
56
59
59
54
62
59
61
62
60
64
61
65
60
58
58
60
66
60
61
55
61
63
59
64
65
59
58
61
57
58
61
64
61
