2827
3225
2125
2396
2090
1988
1809
1896
1633
1277
1337
1473
1532
1620
1442
1368
3551
3391
3691
3673
2298
3460
3164
3318
3391
3131
3687
3114
3445
3414
3386
3118
2523
2772
2197
2116
2193
1704
1787
1788
1600
1573
1548
1524
1299
1566
1601
1343
2018
1730
1259
1538
1477
1304
2252
1235
1783
2263
2084
1621
1673
1184
1349
1297
1293
1531
1952
1640
1489
1370
1458
1655
1623
1444
1647
1562
1481
1544
2053
2279
1450
1657
1445
1355
1341
1167
1286
1693
1543
1426
2065
1756
1746
1175
1625
1527
1397
1676
2269
1347
1374
1891
2004
1408
1228
1212
1352
1209
1733
1373
1401
1365
1499
1302
1489
1462
1586
1475
1503
1481
1445
1570
1828
1506
1681
1349
1440
1573
1505
1546
1565
1912
2783
3170
3640
3427
2485
3429
2660
2889
2342
2242
1929
2101
1648
1633
1421
1641
1540
1788
3444
3588
3688
3486
3815
3456
3555
3803
3161
3491
3050
2822
3002
2395
1929
2087
1731
1641
1654
1698
1106
1369
1208
1428
1511
1370
1288
1362
1377
1424
1514
1334
1499
1284
1334
1526
1376
1494
1529
1518
2284
2247
1440
1386
1377
2618
3005
1385
1163
1444
1372
1311
1524
1509
1781
2830
2043
1160
1794
1578
1562
1425
1477
1470
1362
1558
1517
1567
1548
1398
1677
1606
1452
1722
1666
1843
1843
1401
1526
1502
1363
1483
1448
1344
1352
1302
1326
1461
1315
1557
1344
1584
1550
1324
1362
1565
1466
1650
1414
1424
1475
1481
1531
1266
1350
1523
1516
1381
1618
1383
1586
1455
1286
1149
1522
1683
1477
1397
1417
1669
1564
1309
1695
3547
2897
3170
3527
1627
3076
2656
3666
3123
3529
3409
3579
3524
3621
3095
2736
2887
2954
1690
3645
2897
2803
2026
2186
1538
1188
1198
1263
2024
1937
2696
3548
3056
4340
4161
3594
3411
3169
2201
3335
2767
1783
1522
1792
2614
1106
1178
2631
2754
2640
2125
2227
2371
3456
3499
3601
3680
2931
2957
2896
3215
3742
3437
3658
3442
3640
3287
2805
3271
2942
3197
2398
2296
2058
2084
1953
1566
1531
1517
1437
1418
1482
1417
1503
1513
1422
1470
1523
1341
1427
1524
1345
1539
1432
1584
1325
1538
1678
1546
1548
1390
1532
1472
1457
2150
1903
1459
1342
1337
1573
1332
1500
1378
1553
1509
1634
1384
1591
3441
1747
2303
1935
3045
2833
1635
2476
3381
3060
3847
2054
2571
3575
3795
3328
1876
2973
3308
2810
3179
2376
1842
1805
1717
1623
1616
1591
1526
1379
2291
2436
3205
3069
3503
2159
3530
2864
3493
3329
2987
3354
2712
2542
1990
1357
1529
1631
1505
1326
1521
1534
1546
1544
1298
1559
1453
1449
1586
1539
1350
1400
1343
1504
1774
1472
1523
1308
1321
1258
1509
1554
1499
1520
1116
1310
1269
1456
1456
1295
1098
1552
1542
1548
1259
1265
1589
1403
1575
1448
1509
1541
1329
1556
1624
1564
1699
2677
2301
2125
1685
3062
3577
3559
2702
3195
3775
3020
2974
3338
3858
2982
3144
3415
3048
2802
3618
3791
2389
2014
3560
3513
3188
2436
1591
3629
2999
3282
3119
2417
3540
3244
2948
2046
1251
1625
1601
1326
1400
1340
1713
1553
1415
2784
1495
2821
3066
3509
3379
3550
3465
3492
2963
3476
2727
2646
2526
1921
1312
1441
1636
1589
1519
1336
1463
1423
1541
1452
1439
1390
1508
1760
1481
1556
1203
1524
1541
1358
1671
1521
1368
1982
1546
1011
1551
1316
1505
1400
1813
1697
1461
1646
1410
1111
1453
1424
1535
1408
1312
1455
1433
2918
1253
1593
3463
2986
3291
2441
1248
2634
3422
3766
3620
1621
3533
3307
3004
3257
2569
1615
1629
1777
1624
1476
1533
1767
2979
3187
3382
3439
2777
2912
3404
3137
2731
3096
2691
2257
1903
1644
1848
1677
1435
1517
1499
1408
1531
1525
1321
1528
1386
1406
1193
1518
1432
1524
1522
1316
1306
1478
1386
1736
1571
1546
1289
1661
1345
1313
1404
1568
1547
1469
1419
1563
1817
2337
1914
1941
1047
1836
2822
1656
1885
2045
2282
1307
1333
1565
1298
1553
1564
1616
1421
1662
1564
1640
1335
1565
1615
1402
1605
1379
1519
1496
1404
1204
1294
1606
1603
1622
1309
1384
1576
2089
2865
3357
3518
3167
2294
3215
3399
2807
3612
2082
3132
2888
2491
1941
2778
3046
3809
3658
4485
4041
3341
3344
4459
4177
3370
3209
2794
3218
2778
3263
2774
1873
1507
1253
2809
1948
2296
3084
2146
2816
1181
1808
1985
2227
1231
1757
1400
1532
1861
1418
1848
2090
2134
1318
1471
1556
1660
1397
1776
1518
2762
2155
1652
1459
1752
1458
1729
1362
2413
1332
1625
1218
1632
1436
1805
2281
1910
1259
1731
1976
1952
1213
1342
1728
1500
1535
2225
1499
1564
1756
1782
2001
1975
1420
1131
1290
1312
1405
1518
1425
1352
1488
1490
1567
1366
1531
1272
1369
1311
1379
1413
1511
1476
1507
1615
1559
1423
1393
1235
1411
1605
1401
1421
1708
1409
2031
1472
1988
1800
1088
1961
1990
2150
1450
1309
1408
1643
1644
1534
1598
1567
1533
1503
2292
3374
3312
3313
4827
4403
3140
3652
1572
2334
3028
1577
1759
2382
2265
2161
2087
2366
1710
1246
1545
1473
1527
1631
1353
1354
1536
1288
1541
1206
1312
1547
1555
1526
1431
1512
2068
3016
3031
3004
3516
2726
3239
2965
2908
2992
2779
2732
2682
2267
1960
1977
1519
1725
1637
1507
1400
1282
1569
1319
1696
1461
1647
1476
1340
1430
1307
1298
1386
1533
1568
2910
3439
1403
1371
1296
1494
1728
1319
1540
1686
1533
1194
1515
1547
1543
1668
1363
1310
1453
1610
1405
1568
1291
1618
1549
1317
1389
1595
1552
1567
1480
1521
1479
1591
1649
1470
1493
1614
1319
1606
3928
3083
3113
3329
1540
2555
1806
2068
1972
1668
1396
1387
2230
1864
1306
1725
1759
1783
1232
1155
1415
1627
1506
1604
1573
1602
1500
1557
1454
1386
1556
1561
1525
1633
1696
1482
1643
1947
3029
3476
3451
