777
1250
971
1095
926
692
875
793
863
970
1031
1426
1090
785
628
607
676
610
598
740
727
648
697
632
723
739
677
593
693
719
690
1002
971
702
640
668
618
749
670
620
708
672
699
706
698
715
694
592
727
626
655
801
445
443
646
625
632
591
703
717
609
702
618
651
601
690
701
664
675
598
665
603
716
997
515
547
760
779
565
564
842
720
653
1086
939
668
810
1045
822
670
606
806
730
1031
645
599
1045
1166
889
1020
960
861
1217
942
1156
1538
1899
811
590
751
1033
1039
850
937
1045
1109
1179
1093
1828
1886
1552
1155
1072
921
758
1078
1242
1189
908
846
758
1014
1096
1318
1810
1938
2302
1887
1579
1698
1524
1218
1247
1266
680
751
1158
1100
1104
1100
1126
1072
1198
1176
1201
1216
1177
1100
1253
731
525
583
627
725
699
593
673
661
656
709
743
687
695
738
653
763
836
823
859
576
581
625
661
710
672
594
679
713
628
722
635
606
615
670
731
722
631
608
687
1066
582
650
628
745
717
642
781
629
598
673
725
600
644
709
708
742
678
607
704
648
745
429
685
686
526
515
641
664
705
624
711
729
649
673
727
655
640
737
640
620
686
726
466
655
625
719
615
737
685
655
660
700
677
697
674
704
598
713
731
698
627
713
689
685
654
597
689
704
689
611
660
719
680
677
669
693
602
674
666
662
718
692
672
951
569
821
1600
1551
974
1386
1576
1532
1542
1385
1016
492
1471
1589
1162
751
467
1216
1230
1366
1234
1085
996
1370
687
579
860
1133
589
550
674
1056
989
1123
1211
1350
921
1344
1383
1518
1569
983
1471
1567
648
1069
1235
1191
1089
1118
1208
1317
1149
693
587
565
1234
816
656
852
1078
809
590
555
719
613
680
568
582
585
596
910
1093
1248
1131
566
609
633
634
679
628
659
690
620
596
707
711
690
616
644
570
557
708
703
681
682
672
920
513
604
1156
1511
1375
1433
1551
1394
1565
1716
1455
557
624
1417
1772
2170
1864
1662
2168
1058
949
598
567
581
825
1653
1648
1380
1574
1540
1624
1924
1762
995
1070
981
631
741
749
1658
1335
2223
1964
957
982
1281
614
2205
2067
858
978
791
905
827
1560
1670
975
994
1060
990
985
637
602
675
634
666
677
678
677
649
594
756
763
700
612
642
874
893
707
661
690
689
737
729
646
685
663
673
925
853
846
500
552
687
650
720
711
760
749
617
684
631
636
545
720
691
630
710
681
529
616
715
484
543
672
605
1909
984
1587
1745
1350
1476
1472
1959
729
516
716
625
606
642
939
813
1077
823
978
591
575
753
1228
657
1256
1200
1113
768
705
629
772
654
1506
1033
1008
1066
907
755
1511
1172
1703
1039
596
627
525
892
652
1152
738
841
674
754
796
638
915
1015
830
856
756
913
692
708
623
660
628
899
908
696
707
1045
840
811
1144
873
1023
984
554
656
633
587
716
952
937
1219
1002
835
711
583
603
597
681
732
738
1036
824
966
945
605
675
760
525
655
1891
2755
2739
2690
1801
1463
2147
2459
2361
1570
1451
1134
1301
1420
1343
1190
992
1082
1078
1149
1037
970
876
1633
1228
953
856
838
631
486
644
668
676
689
599
578
711
703
681
588
771
661
640
715
681
717
672
629
1378
564
897
954
862
948
1543
1294
577
659
694
851
708
717
691
720
720
694
491
1396
1858
610
958
1018
1447
1584
1637
1635
1534
581
826
1417
1365
1516
922
1712
537
1227
1523
1840
757
1770
1577
1543
643
1226
955
1637
1621
1502
1120
617
603
615
662
818
1064
763
716
698
1075
1050
1088
2440
2945
2958
2796
1313
2678
2153
1888
1218
1836
1394
981
1183
569
682
638
685
711
733
838
750
736
743
755
775
662
772
648
687
684
721
627
957
589
568
628
671
457
749
713
644
658
618
644
661
627
664
675
666
663
664
672
1062
927
1115
1179
3053
2076
2345
2517
1888
1121
1959
2840
2087
1728
1507
1622
1541
1604
2328
911
1447
998
760
601
752
725
759
816
852
687
718
764
740
705
755
732
702
688
635
781
661
706
621
706
708
730
586
714
718
630
631
648
1280
1230
722
712
639
709
601
688
696
723
699
647
615
713
728
593
589
683
890
984
796
791
957
796
590
701
715
672
676
642
686
701
683
689
585
685
639
741
486
712
1529
1629
1534
1422
1426
1683
1560
1360
1108
1335
1507
1542
1315
1392
1338
1349
1227
1326
1053
518
790
820
953
835
882
904
630
646
700
709
721
709
596
703
704
640
730
1120
1125
999
684
547
715
1520
1126
750
638
557
616
575
498
509
615
621
691
971
1510
1542
1558
1640
1095
804
582
470
695
885
986
989
959
949
805
873
993
837
690
683
693
1654
1667
487
541
1677
1568
1626
1519
1479
1642
1471
1734
1298
1602
1491
1613
1428
1575
1468
1524
1664
1744
760
1624
1564
1515
1508
1642
1636
1407
931
1710
1054
1432
1441
1600
1397
1649
1378
1483
1418
1129
837
1166
1334
1201
1264
967
873
1022
997
918
908
642
644
1117
588
664
686
655
645
656
613
695
705
622
679
682
