7744
7454
7681
3815
2967
2490
2755
2152
1963
1997
1394
2221
4156
3996
3586
3302
3970
2991
2800
2792
2713
2168
1449
2684
4105
3769
4071
2259
1229
2011
1781
1918
1763
1764
1608
1515
2397
2386
3801
4471
4141
4316
3911
3838
3924
3181
3305
3051
2278
2082
1372
1480
1728
1868
1716
1876
1719
1718
1747
1325
1641
1731
1694
1723
1492
1699
1639
2552
1532
1729
1452
1696
1689
1714
1724
2754
4123
3485
4021
3439
3746
3863
3616
3176
3144
3929
3465
4505
3266
2039
1781
1928
1688
1825
1608
1675
1581
2081
1395
2131
1758
1744
1794
1704
1471
1501
1937
4826
3971
3819
2734
1234
4042
3607
3392
3022
3671
3988
3954
3791
4051
3478
3788
2710
2422
3311
3766
3897
3846
3346
3755
3243
3487
3415
2805
2374
2424
1732
1592
1711
1741
1634
1855
1671
1918
1578
3810
6109
5220
5754
4297
3481
4128
2667
2913
2542
1458
2038
1755
1581
1724
1532
1823
1686
1677
2410
1499
1877
1774
2198
1831
1742
4017
4400
3568
1763
1668
2390
2104
2094
1733
1826
1967
4024
4318
4041
3601
3930
3098
3381
3472
3859
3560
4061
4003
3343
3945
3272
3907
3775
2911
2806
2579
2456
1914
1709
1730
1845
1735
1677
2416
2425
4076
4158
3669
3366
3841
3811
4318
3149
3513
3226
3250
3035
3426
3791
3683
2766
2464
2177
1735
1972
1820
2202
2991
4123
3355
1611
1683
1360
1310
1607
1661
1712
1580
1499
1918
2658
2554
2081
2030
2002
1570
1655
1681
1793
1849
1539
1694
1617
1716
1740
1557
1732
1722
1510
1462
1566
1781
1769
1769
1615
1767
1876
1780
1466
1540
1686
2166
2507
1621
1722
1443
1770
1775
1655
1718
1803
1680
1801
1678
1710
1490
1631
1736
1696
1883
1919
1797
1748
1794
1606
1626
1682
1700
1448
1534
1587
1723
1469
1592
1593
1837
1688
1808
1718
1580
1755
1561
1582
1656
1875
1769
1715
1667
1628
1681
1563
1640
1682
2852
3704
3829
3279
3934
3878
3909
4245
2896
1764
3336
1612
2100
2457
1668
1500
1684
1509
1732
2620
1566
1649
1476
2457
2258
1952
1670
1709
1841
1731
1736
1487
1772
1711
1491
1737
1548
3380
2195
2108
2344
1862
2481
1595
2005
1986
1592
2022
1505
1729
1570
1773
1902
1685
2684
1687
1753
1971
1618
1502
1338
1622
1626
1396
1634
1403
1305
1365
1500
1279
1652
1704
1704
1841
1725
1547
1740
2212
2370
1688
2143
1710
1477
1701
1459
1676
1663
1663
1496
1324
1573
2122
1552
1537
1287
1618
1705
1355
1523
1543
2025
1726
1619
2972
3768
1497
1658
1795
1692
1774
1642
1816
3147
2352
3863
2886
3690
2603
1840
1887
3158
2763
3117
2823
1432
4243
3992
3596
3917
3848
3135
2636
3319
2032
2220
2055
1762
1745
1468
1798
3541
3517
3901
4061
2506
3599
3275
3696
2425
3371
3251
2255
2397
1980
1489
1509
1632
1746
1556
1569
1568
1789
1718
1573
1710
1809
1798
1750
1460
1726
1628
1688
1763
1713
1576
1730
1483
1608
1763
1750
1708
3180
3687
3152
4161
4028
3646
3725
3886
3624
1666
1475
1397
1455
1549
1570
1869
2836
2482
2551
1476
1414
1576
1465
1705
1728
1581
1682
1755
1470
1322
1499
1597
1429
1515
1383
1488
1569
1691
1312
1261
1755
1673
1514
1702
1583
1730
1691
1647
1350
1499
1434
1516
1707
1719
1568
1750
2156
1487
1423
1459
1732
1856
1822
1781
1714
1487
1480
1710
1559
1721
1732
1550
1723
1723
1491
1679
1559
1674
1714
1542
1435
1679
1662
1631
1746
1673
1691
1491
1720
1476
1467
1990
2144
1725
1558
1746
1719
1538
1574
1521
2653
2770
2103
4087
3622
2209
3786
3296
3916
3141
1580
1899
2739
1812
1544
1824
1868
1790
1789
1552
3372
2090
3597
3645
3987
2244
1228
3189
1540
1702
1698
1695
1481
1528
1370
1633
1479
1578
1818
1757
1774
1724
1709
2742
2998
2323
2089
3083
3739
3791
3886
4044
3983
3375
3111
2685
2527
1997
2137
1889
1833
1524
1651
1717
1925
1979
1713
1551
1487
1701
1784
1677
1977
1599
1691
1897
2011
1897
1636
1523
1841
1393
1636
1621
1776
1719
1922
1504
1609
2560
3345
3801
3570
3531
4056
3654
4127
3100
3280
3550
1448
2320
2554
1660
1731
1977
2741
2119
1460
1560
1811
1909
1611
1824
1735
1679
1503
1525
1643
1545
1676
1783
1707
1837
1636
1417
1566
1639
1610
1478
1493
1630
1719
1677
1889
3989
4011
3536
4138
6691
3395
3873
3645
3763
3175
2917
2690
1869
1646
1773
1641
1803
1832
1921
1504
1480
1831
1725
1675
1743
1554
1673
1530
1409
1820
1725
1713
1698
1696
1556
1677
1397
1808
1781
1693
1638
1706
1718
1692
2185
1706
3228
3542
3837
2972
3966
4016
3778
3540
2806
2726
2050
2134
3314
3603
3238
2633
1518
2562
2659
2025
2294
1849
2531
3972
4346
3982
2692
3310
3861
3646
3576
1884
2800
2735
2670
2463
1900
1868
1651
1498
1663
1714
1744
1744
1818
1749
1468
1840
1801
1804
1926
1622
1941
1497
1518
1474
1487
1501
1730
1659
1752
1471
2687
1568
1752
1753
1741
1563
1909
1725
1761
1487
1712
1658
1670
1500
1561
1685
1525
1567
1367
1662
1485
1766
1698
1803
1692
1733
1724
1857
1513
1901
1572
1742
1815
1746
1719
1691
1527
1499
1995
2983
2216
3265
3539
3548
2001
3503
4015
3873
3480
1862
2256
2585
1977
2333
1703
1477
2004
1665
1624
1864
1738
1476
1641
3388
3787
3950
4108
4064
3713
4213
3447
4261
3044
2947
2362
3513
2882
1741
2271
2747
3251
3111
3167
3824
3599
2083
3255
3047
2808
2329
2226
1505
1691
1771
1705
1704
1566
1739
1929
1732
1882
1692
1641
1602
1683
1778
1568
1393
1827
1631
1739
1898
1767
1750
1648
1686
1278
1588
1564
2042
1333
2027
1793
1649
2760
3582
3368
2690
1214
2376
2501
2574
2440
2018
2533
1413
1735
1547
1490
1466
1846
1432
1508
1460
1522
1674
