412
415
1162
1363
1275
1249
1248
1263
1182
1321
1263
1099
1232
1166
1327
1294
1364
1169
1208
1158
1446
1873
1674
1376
827
759
852
712
625
684
658
613
639
722
706
688
415
386
460
585
563
519
529
512
516
543
545
498
511
497
594
588
487
503
539
503
537
485
552
571
534
687
497
365
433
500
483
1011
1272
1154
1097
1227
1282
1196
1081
1197
1182
726
1171
1048
1135
1177
1097
1143
1080
1113
1009
1202
1089
921
444
485
724
1127
939
1052
925
842
789
915
896
848
858
730
590
671
568
466
536
550
532
485
508
530
541
586
503
533
526
590
559
502
487
476
480
535
561
536
473
491
540
599
648
1036
2168
790
593
784
691
486
636
995
637
577
474
593
809
900
626
634
610
567
563
612
542
491
601
557
625
622
604
493
603
405
442
1177
1252
490
491
562
510
553
542
542
580
517
471
516
536
577
537
498
508
536
524
531
545
504
546
644
602
1084
1220
1248
1267
1232
979
1112
1002
1066
1068
962
1294
1044
694
591
757
460
581
680
683
609
640
528
581
566
434
552
561
546
591
545
516
556
575
485
599
511
488
468
574
572
595
560
582
555
569
580
593
562
539
574
472
537
607
521
509
539
478
548
470
551
576
514
555
552
510
471
619
602
570
560
557
553
565
610
570
569
544
555
569
582
593
517
571
535
516
534
578
553
474
536
546
490
534
486
546
529
509
479
509
529
531
570
564
546
499
585
545
524
545
555
745
730
842
660
534
601
544
542
563
568
512
535
490
511
567
581
541
503
546
594
555
472
508
547
606
545
547
571
570
491
532
595
538
565
591
547
600
593
550
529
584
538
552
555
480
481
483
544
574
524
394
581
503
521
532
548
479
520
492
531
525
535
536
470
534
483
505
529
521
502
532
524
486
564
485
583
377
446
1087
2166
1585
1249
1191
1269
1287
1122
1199
1274
1176
1185
1240
1127
1169
1169
1212
1213
1165
1158
1231
1982
2109
1783
1136
1024
1174
1161
1024
1079
1140
1470
1850
1838
1668
1453
2037
1572
1812
2033
1637
1794
780
1815
1252
2099
1571
1175
1380
1323
1061
1238
1257
1162
1226
1379
777
934
568
986
772
829
894
837
737
816
871
820
642
664
633
559
650
722
532
417
440
493
536
509
531
520
531
477
499
532
565
532
508
537
492
534
487
581
501
531
577
520
520
654
1107
1085
660
1135
586
529
528
569
540
528
523
546
580
562
839
864
927
842
862
924
1467
641
1109
1220
1082
1295
1201
1074
1162
1141
1057
1070
1330
691
895
895
982
940
882
1152
1141
1230
1061
1161
1085
1082
1297
1215
1228
1172
1246
1220
1147
1232
1232
1203
1311
1312
573
1218
1267
1145
1193
1231
1232
1211
1294
1326
1263
1300
1242
1214
1161
1204
1148
1116
1127
1033
1049
1151
1466
1228
1187
1247
1282
1340
1273
1198
1279
1348
1167
1524
1374
1197
1168
1021
1046
1144
1200
1159
1155
1008
1133
1151
870
1255
1090
1053
1292
1017
964
951
1062
855
804
700
788
1248
2226
1699
1353
1652
883
668
1355
1295
1121
965
1329
1437
1425
1077
667
633
656
921
436
453
557
508
585
568
522
543
533
620
571
581
547
548
493
563
471
528
505
571
520
561
506
583
798
680
523
1177
1323
820
539
494
560
555
547
608
576
556
479
495
488
557
548
499
512
486
528
652
778
1038
1281
1103
1294
1325
1149
1252
1295
1141
1220
1342
1479
1198
1126
1261
1226
1140
1215
1148
1175
1182
1138
721
1261
1302
1237
1127
957
1048
1015
924
885
714
771
780
789
1341
1117
1303
1355
1099
1212
1104
1067
1318
1304
1288
871
1292
1241
1131
1173
1219
1232
1190
1263
1214
1178
1352
953
668
1260
1242
1128
1211
1227
1160
1230
1112
1051
1024
972
936
1216
1217
1126
1310
1213
1265
1261
1292
1317
1123
626
1022
1201
1226
1173
1294
1336
1255
1235
1249
1262
1056
1266
1191
1071
1134
1126
1080
969
1075
1127
991
818
797
894
487
410
568
521
590
592
621
451
528
550
574
484
478
489
531
519
549
557
478
561
492
536
537
641
781
772
919
652
594
848
539
745
934
664
749
772
1365
1552
1495
1680
2056
1744
757
930
1219
1304
996
709
452
1187
1329
1073
1238
1281
1151
1141
1346
1128
1194
1389
1344
1331
1066
1036
1044
1043
1024
1034
738
782
788
881
945
1349
1184
778
669
630
618
626
540
494
478
485
532
487
552
469
573
485
540
482
477
476
514
548
588
513
570
599
560
538
555
584
544
540
489
542
568
488
571
538
545
564
583
557
505
528
555
585
593
612
706
491
483
551
531
597
475
536
542
529
544
504
547
484
489
532
530
510
475
562
502
538
471
546
652
415
487
1142
1105
1322
824
642
526
747
819
751
799
619
496
1049
1056
1127
654
661
773
701
803
791
684
769
692
690
752
763
669
644
606
592
655
540
787
850
490
518
544
491
489
577
496
528
548
550
483
532
547
546
544
536
506
558
474
527
549
472
587
605
1052
452
558
587
550
523
511
583
492
578
577
478
491
585
542
577
540
488
550
