43
19
22
16
13
17
13
16
15
14
14
14
13
12
21
23
18
20
15
17
16
16
12
14
13
18
14
13
13
13
17
14
16
13
14
13
11
7
7
8
8
8
8
8
8
8
8
8
8
7
7
10
26
14
16
13
17
13
14
16
14
15
13
13
13
15
14
15
17
15
16
15
14
15
19
14
16
14
14
13
14
15
14
14
14
13
13
8
15
11
8
7
13
8
10
7
8
7
8
7
11
8
7
8
7
12
9
10
8
8
7
7
7
10
11
8
8
7
8
10
8
8
8
12
10
15
13
14
13
11
8
8
16
9
13
11
8
7
8
7
7
7
7
8
12
8
8
7
11
8
8
7
8
12
7
8
7
8
7
7
9
12
12
12
15
13
12
12
11
12
12
12
14
11
11
12
12
12
12
11
11
11
12
15
13
13
13
13
12
12
13
12
12
12
12
14
15
13
32
15
14
15
14
14
14
15
14
14
14
15
13
13
25
14
14
14
19
13
14
13
14
16
14
14
16
13
13
18
17
15
15
14
14
14
15
13
13
13
14
14
17
14
15
14
14
14
15
15
21
17
15
15
14
13
14
13
14
14
14
15
18
15
14
14
212
15
13
13
13
14
14
14
18
14
15
14
14
14
15
15
15
14
13
13
14
13
14
15
13
14
14
14
17
14
14
14
13
14
14
14
14
14
15
15
14
15
14
14
13
13
14
13
8
7
8
7
9
13
14
14
15
15
13
14
17
14
14
14
14
14
14
13
13
13
13
14
13
12
13
15
14
13
13
16
14
17
14
14
14
14
14
14
13
19
14
13
17
15
13
14
14
14
14
13
14
14
13
13
13
14
14
14
14
14
14
15
15
15
15
14
15
15
15
15
14
17
14
14
17
15
15
14
14
14
14
15
14
14
14
14
14
14
14
14
14
15
15
15
14
14
14
15
14
15
15
15
15
14
15
15
17
14
15
15
14
14
15
15
15
14
14
15
15
15
14
15
15
14
14
14
15
15
15
14
15
15
15
14
15
14
14
14
17
14
14
14
15
15
15
15
15
14
15
14
14
15
14
14
14
14
16
14
14
15
19
14
15
16
15
14
14
13
14
15
17
14
15
14
14
14
14
15
15
16
14
15
15
14
14
14
14
14
14
15
15
15
14
14
14
15
14
16
15
17
14
14
18
14
14
14
14
14
14
14
13
14
15
14
15
14
14
15
14
14
14
15
14
15
14
14
15
15
14
15
15
14
14
14
18
14
14
14
14
14
14
14
15
15
14
16
14
14
14
14
14
14
15
14
17
15
14
14
14
14
14
15
15
14
14
14
17
14
14
14
14
14
14
13
14
13
14
14
15
14
14
14
14
14
14
14
14
13
14
14
14
14
14
14
14
14
15
18
17
15
14
14
14
14
14
14
14
14
15
14
14
13
14
14
15
14
14
14
14
17
13
15
15
15
14
15
15
15
14
14
18
14
15
14
14
14
15
14
15
14
15
14
16
15
15
15
14
15
15
15
15
15
14
14
15
15
15
15
14
15
15
14
17
15
14
15
15
15
15
15
15
15
14
14
14
15
15
16
14
15
15
15
14
15
14
17
15
15
14
14
15
15
15
15
18
15
15
15
15
15
15
15
14
15
15
15
15
15
14
15
15
15
15
14
14
15
15
15
15
15
14
14
15
15
15
14
17
14
15
15
15
15
15
14
15
15
15
15
14
15
15
15
15
15
15
15
15
16
15
15
17
15
15
15
14
15
15
14
17
14
15
15
16
15
15
14
15
15
14
15
17
17
15
14
15
15
14
16
15
16
15
15
15
14
16
14
18
18
15
15
19
15
15
15
15
15
15
19
17
17
17
15
15
15
20
15
15
17
15
15
17
15
14
16
16
24
14
15
15
15
15
15
18
13
15
15
15
15
15
15
14
15
15
15
15
15
16
15
15
15
15
15
15
15
15
15
14
15
15
15
15
15
16
15
18
15
15
15
15
15
15
15
15
15
15
15
15
15
14
16
14
14
15
32
88
15
13
13
12
13
13
14
15
14
17
13
18
14
15
13
9
7
7
7
21
9
8
12
12
13
17
12
8
12
7
8
12
14
8
9
7
8
7
10
12
8
8
8
10
13
12
15
13
13
13
9
8
8
9
8
7
11
8
7
24
16
18
13
15
45
12
12
12
13
13
13
17
10
9
8
11
8
8
8
8
8
8
7
8
8
9
12
8
7
8
8
8
7
7
7
8
7
8
7
7
8
7
8
8
8
8
8
10
8
8
8
