68
69
100
75
61
79
73
68
72
70
68
70
67
63
64
64
69
68
51
60
56
54
54
59
51
56
51
53
53
60
56
52
60
61
64
58
57
57
57
58
61
52
60
58
52
57
58
58
53
55
54
60
60
58
59
57
60
55
60
53
56
59
58
56
58
58
58
57
56
55
58
58
52
59
57
62
53
52
60
59
59
57
54
60
53
58
55
58
60
59
52
59
61
58
54
55
57
57
62
60
56
54
56
57
58
57
52
57
56
54
60
54
54
61
57
56
59
61
60
53
57
53
55
53
59
57
61
61
54
57
54
61
62
59
55
58
62
61
61
60
56
59
58
66
62
62
60
55
64
63
65
57
63
64
62
54
62
61
61
58
62
64
64
61
59
64
63
59
54
55
63
60
63
56
61
60
54
62
62
56
65
57
62
58
63
63
62
62
62
61
58
64
63
61
60
62
57
61
63
56
64
117
60
67
61
59
61
58
57
54
60
60
61
61
62
60
65
57
61
58
62
59
56
61
59
62
59
60
63
59
62
60
58
58
57
65
53
62
55
60
62
54
57
59
63
60
58
58
59
59
59
55
61
61
59
61
54
54
58
56
54
58
60
58
58
57
61
62
61
53
63
64
55
60
62
56
61
62
61
58
60
59
60
56
60
63
55
60
54
56
63
55
60
58
62
55
60
56
58
60
60
63
61
58
59
63
62
55
67
62
60
57
62
57
58
59
63
60
57
58
63
64
62
62
55
62
65
61
55
61
63
62
63
60
63
61
60
61
61
61
62
59
60
62
66
61
63
57
61
59
59
62
66
65
60
59
59
56
62
61
56
62
59
65
60
66
61
64
60
59
64
57
63
60
62
66
56
58
61
58
60
66
58
64
62
61
61
61
65
61
62
62
61
63
60
112
69
68
60
71
64
69
70
61
67
63
68
72
74
70
67
70
73
62
58
70
64
62
62
67
59
69
61
71
60
54
59
60
59
62
59
54
57
65
64
63
60
64
58
55
59
61
59
55
55
62
56
63
63
60
56
54
65
64
66
57
56
66
62
60
61
60
62
58
59
64
62
61
61
58
63
59
65
64
56
63
58
61
64
62
66
55
62
66
62
62
61
66
58
57
60
66
58
60
64
58
63
58
59
59
59
56
63
56
57
57
59
61
57
68
66
57
62
54
59
61
62
56
55
64
66
59
60
60
64
63
67
65
68
64
58
62
62
62
56
62
63
61
59
67
60
58
68
59
55
66
62
67
57
59
65
61
60
64
65
66
65
68
64
56
66
58
58
56
58
59
64
65
59
64
58
62
61
65
56
63
58
64
56
62
64
58
76
111
127
124
115
75
66
64
61
66
65
64
61
71
68
61
67
68
72
73
66
74
70
62
63
63
65
68
67
70
63
69
65
67
71
65
67
75
68
56
59
66
61
61
62
55
63
60
62
62
62
57
63
56
62
65
60
60
63
62
63
68
59
70
67
61
56
66
57
59
64
57
58
70
61
59
62
67
72
67
66
64
62
65
56
59
61
63
57
58
57
66
61
58
56
63
65
69
57
62
67
62
60
60
64
65
68
64
66
60
68
62
57
65
65
62
61
57
67
67
58
58
60
63
63
57
63
59
64
64
60
60
58
57
57
58
63
65
65
64
65
67
60
61
63
62
62
57
66
57
64
64
59
66
64
68
74
68
68
65
65
65
71
63
65
70
68
71
67
68
60
70
70
63
59
62
63
67
62
63
71
68
116
69
60
63
66
64
66
61
68
64
82
143
83
60
65
64
67
67
64
70
68
70
61
66
60
62
61
66
62
66
63
69
66
61
60
68
77
70
67
71
92
118
123
124
116
115
113
114
67
62
70
63
72
65
65
66
66
60
70
65
68
67
65
72
66
63
61
67
72
70
63
62
67
69
71
65
67
66
61
65
66
64
62
66
74
61
64
70
70
66
62
71
65
72
67
67
65
63
66
67
59
66
63
66
71
66
66
63
65
61
60
73
67
62
70
61
66
62
65
69
60
67
62
71
71
73
72
62
62
64
70
71
61
64
62
67
74
69
68
65
65
66
65
63
71
60
64
65
62
67
71
66
89
101
74
64
68
81
62
67
60
76
68
68
60
68
66
64
61
70
62
60
59
62
69
70
68
65
60
62
59
63
65
59
66
61
55
54
60
58
59
62
68
67
66
63
70
64
59
59
64
57
63
60
57
61
53
54
67
61
61
60
61
63
61
60
61
60
65
62
70
66
66
62
64
67
66
66
59
72
73
64
75
61
66
71
