134
44
49
30
31
45
30
31
45
45
46
62
40
40
28
28
25
23
25
23
25
24
23
23
23
25
25
24
23
23
23
25
25
24
24
24
22
21
25
24
23
23
24
22
22
22
27
22
23
22
24
22
24
22
24
23
24
25
24
22
24
23
24
23
24
23
22
22
26
25
21
24
24
22
22
23
22
21
24
24
23
23
24
24
24
24
24
25
23
27
22
24
23
24
22
23
24
24
23
24
24
23
24
24
25
22
24
22
23
23
27
23
22
22
23
23
24
23
25
24
24
24
24
23
25
24
23
22
25
24
23
24
26
24
23
23
23
22
24
23
22
24
23
23
23
25
24
24
23
25
23
24
24
25
23
24
23
25
23
23
24
23
23
24
23
23
24
22
25
25
23
23
22
25
26
23
23
23
22
24
24
24
23
23
23
24
24
24
24
25
22
23
25
23
24
24
27
22
23
24
24
24
22
24
24
23
25
24
22
24
24
23
22
23
23
25
22
26
24
24
23
24
25
24
24
25
21
24
23
23
25
22
24
23
24
24
23
25
27
25
25
27
24
25
43
25
23
24
24
24
25
25
25
23
25
26
24
29
24
25
32
28
29
25
24
24
23
25
25
28
31
28
30
25
26
22
25
24
25
26
26
27
23
26
23
23
23
27
25
26
24
25
25
23
26
23
23
25
24
30
26
24
33
25
25
26
24
29
26
28
51
28
22
24
26
22
25
24
26
25
26
24
24
26
28
26
26
23
25
24
25
24
23
24
25
23
22
22
24
25
25
23
23
24
22
25
24
26
27
26
23
24
25
25
24
26
23
23
26
26
25
26
24
27
24
26
29
25
24
24
25
23
24
25
24
25
26
23
25
22
24
22
26
25
24
24
26
26
26
22
22
24
25
24
26
25
25
23
22
25
24
25
24
24
24
25
30
23
27
28
23
25
24
26
28
22
24
24
25
24
24
22
24
25
24
22
26
24
28
28
33
70
62
34
30
27
28
30
38
28
40
30
32
28
30
27
28
26
27
26
26
28
33
29
26
27
28
28
29
25
28
30
27
28
26
29
28
30
26
22
25
25
26
28
29
25
26
25
24
24
25
24
26
23
24
23
23
25
25
25
25
26
26
24
27
25
24
24
26
22
26
27
26
26
24
25
25
22
24
28
23
29
26
24
23
24
28
26
28
27
26
27
26
29
24
23
26
30
27
24
24
24
25
24
26
26
25
28
25
26
25
24
24
25
25
24
25
23
26
25
25
24
24
25
24
24
23
25
26
24
24
25
25
25
25
26
24
25
25
25
24
24
23
24
26
26
26
23
24
24
29
26
26
24
23
26
23
24
24
23
25
26
23
26
24
24
24
25
25
25
25
29
23
25
26
23
23
25
25
26
25
25
26
26
26
25
25
24
26
27
25
25
26
25
26
25
23
25
26
24
25
24
25
26
24
24
26
26
25
26
25
23
26
24
28
24
25
23
26
26
26
25
25
26
25
24
24
25
23
25
25
23
26
27
25
28
26
23
26
25
26
26
25
23
23
26
25
26
27
26
27
25
24
23
24
25
26
26
25
26
24
26
26
24
24
26
27
26
25
25
26
26
26
23
25
27
23
25
26
26
25
26
26
25
25
26
23
26
26
24
24
24
28
27
27
26
25
28
28
29
25
31
32
26
25
28
28
29
26
27
27
29
28
30
28
28
27
27
27
30
27
24
26
30
28
30
28
28
29
29
26
27
28
30
28
28
24
24
24
27
26
24
28
26
24
27
27
25
26
26
26
26
23
23
23
24
26
24
25
25
26
25
23
28
26
24
25
25
27
26
25
27
28
28
28
26
25
27
26
27
27
27
26
24
27
26
27
26
25
27
24
27
24
25
24
24
23
27
27
25
27
26
24
27
27
27
29
26
25
24
26
68
31
27
31
33
28
29
29
27
30
23
25
23
23
25
24
35
32
36
53
32
27
26
26
26
28
25
26
27
27
28
26
28
28
24
23
25
26
23
24
25
24
25
26
24
25
29
29
27
26
22
24
26
27
27
28
27
26
27
27
24
24
23
25
25
24
25
24
26
27
28
25
25
26
29
27
27
25
26
27
33
29
32
29
26
25
30
25
27
28
23
25
24
25
25
24
24
25
25
25
25
28
27
25
25
24
23
23
24
25
25
24
27
25
27
25
26
25
26
23
26
23
26
27
25
25
25
25
25
23
26
24
24
26
22
23
25
23
23
25
26
25
28
27
28
28
27
26
28
27
27
27
29
26
25
25
26
22
25
