252
169
173
177
231
275
272
210
174
183
184
221
231
255
192
181
182
229
202
228
172
171
219
240
216
211
158
162
196
170
191
321
234
175
166
165
154
170
164
177
166
169
156
163
165
164
165
144
161
146
169
175
171
178
171
172
169
142
143
145
148
145
142
146
149
145
156
145
148
147
147
148
133
155
158
149
143
154
143
129
152
137
154
155
162
140
148
162
154
162
161
165
147
135
160
149
153
136
142
133
161
133
153
132
153
140
136
156
177
163
168
142
167
153
164
153
176
163
150
167
153
152
144
168
160
156
162
158
163
159
150
134
166
157
137
156
164
155
163
153
152
159
143
139
161
146
149
156
157
150
150
163
153
146
158
146
136
141
144
148
154
145
148
147
150
171
174
173
168
154
164
293
272
190
157
157
161
161
144
141
155
151
134
153
150
158
160
145
154
139
151
148
137
151
146
157
217
205
299
328
312
294
174
157
163
169
153
151
156
151
138
151
143
150
134
138
136
130
138
144
156
138
144
142
137
132
142
155
145
146
148
148
151
143
148
145
134
132
155
142
145
159
157
150
158
146
149
145
135
151
148
142
141
152
157
148
150
134
139
137
138
147
154
160
143
153
150
155
151
155
153
142
150
141
139
164
153
136
154
220
154
154
162
147
166
159
155
156
141
152
140
160
167
162
147
153
153
152
147
153
136
143
152
141
155
150
141
168
156
161
134
163
142
162
151
162
165
155
156
149
165
160
154
165
139
151
139
145
157
162
152
158
140
149
144
154
165
164
147
159
159
160
167
162
156
156
160
160
141
144
162
155
164
154
162
160
145
145
156
161
184
172
167
146
147
163
167
158
183
182
183
154
155
152
146
153
150
154
156
145
157
141
156
145
138
155
174
162
159
170
160
154
139
154
167
153
163
172
154
162
164
155
147
155
161
158
150
153
152
148
152
139
145
139
161
147
146
145
159
167
166
142
150
161
156
160
158
148
157
152
165
152
168
158
142
172
155
169
150
167
162
162
161
184
266
161
169
157
141
159
160
148
168
159
162
151
160
148
166
162
158
155
144
150
156
146
157
157
164
155
154
157
142
161
149
161
152
146
147
157
144
139
158
157
149
156
156
141
141
156
156
146
153
145
155
157
161
156
157
148
161
159
171
157
169
161
162
158
157
154
168
143
149
155
159
154
152
153
154
143
170
146
170
170
199
159
153
162
152
151
157
159
148
157
157
150
160
158
154
175
162
161
149
162
155
172
163
155
138
156
141
153
163
162
140
159
155
169
168
140
143
141
163
155
155
173
151
148
168
167
169
156
159
158
168
155
140
150
162
144
147
153
160
165
158
159
153
167
162
167
172
149
163
157
155
154
149
146
154
170
153
144
155
166
139
144
153
142
156
153
145
158
149
157
157
164
154
146
163
154
188
175
144
152
143
155
160
156
140
142
156
157
167
143
163
149
146
166
159
165
160
166
152
171
160
168
159
157
157
159
148
139
150
143
155
165
146
150
152
170
165
158
153
143
159
144
142
155
167
154
165
159
149
145
160
152
140
142
150
156
144
150
148
140
146
157
160
156
165
146
162
160
153
162
159
160
160
157
162
164
155
158
281
294
299
306
293
280
284
321
143
157
160
145
143
157
156
166
163
169
164
171
172
153
169
168
164
149
165
174
169
158
146
143
158
148
172
142
155
159
158
175
147
169
168
156
140
159
147
160
160
173
162
160
164
164
168
163
160
157
161
164
147
174
176
144
166
150
164
150
164
173
141
164
139
219
184
178
182
167
166
176
175
148
174
146
173
169
172
168
172
161
162
167
169
156
173
170
175
155
142
150
156
152
149
142
149
158
154
157
152
154
158
164
139
155
152
148
152
146
168
157
151
156
164
160
157
154
171
146
159
143
161
142
161
141
139
162
178
159
170
153
147
142
163
158
166
150
144
160
142
167
161
156
158
160
221
166
177
153
157
152
155
150
162
157
159
149
162
159
161
161
171
169
221
525
161
155
141
146
144
152
160
148
140
145
150
150
148
140
134
148
147
155
155
130
144
144
155
144
153
147
139
142
148
138
140
143
143
144
139
132
131
142
129
140
135
129
150
133
144
133
153
140
155
142
146
156
137
149
144
145
151
139
130
156
143
137
159
655
149
134
145
150
138
155
154
149
133
130
137
141
141
133
144
150
131
144
145
132
146
134
141
140
135
145
141
129
142
150
147
147
128
130
158
134
150
130
141
153
143
137
144
142
146
141
153
148
147
154
156
138
151
135
153
152
138
149
133
156
