671
675
798
726
921
1035
1121
859
681
637
625
656
698
707
621
692
680
695
618
764
806
832
535
512
500
612
753
733
677
715
645
746
802
766
724
630
735
674
800
696
695
795
1268
2700
1640
1452
1438
1729
1697
1569
1203
699
1641
1673
1617
1428
1536
1580
1572
1448
1741
1597
1453
1709
1584
1638
1552
1563
1753
1539
1621
1561
1690
1613
1682
1593
1551
1758
1728
1702
2143
1062
1038
555
598
596
587
605
672
681
594
690
658
652
663
684
588
610
519
639
637
699
669
561
690
655
722
751
730
635
711
658
705
568
858
596
535
623
546
954
630
620
579
528
692
609
693
728
683
712
738
734
734
1031
1024
822
740
687
706
939
733
741
580
538
762
1041
767
574
638
801
948
822
646
648
613
649
754
603
658
793
718
663
717
666
634
696
602
626
675
791
697
807
644
604
692
580
701
666
706
700
710
668
669
574
781
671
681
663
580
631
583
616
1119
717
795
954
742
1119
884
804
1082
1179
979
605
686
734
718
720
655
714
742
733
716
589
675
612
624
776
711
728
849
1157
859
716
826
1059
659
631
631
530
641
647
532
591
591
609
693
684
726
702
736
718
572
564
707
707
739
698
691
768
1558
875
923
961
553
519
785
1276
531
604
1075
698
542
662
1075
1176
1098
1032
965
1064
919
1170
1080
783
774
1036
1346
568
672
721
727
720
712
828
769
653
662
724
663
708
731
733
731
676
658
594
618
721
757
724
719
625
723
748
756
711
757
706
610
658
767
691
760
762
657
3051
2146
1570
1648
1691
1569
1589
762
1221
1645
1599
1419
1444
1571
1406
1687
1678
1590
1603
1321
1007
1608
1399
1396
1627
1608
1608
1468
1595
1428
471
1141
1087
1221
1200
999
784
846
911
759
764
724
625
710
715
645
713
711
716
707
710
617
701
709
716
608
708
810
576
713
679
747
679
695
660
770
620
793
778
713
727
666
785
681
742
698
758
755
594
710
664
731
694
668
711
745
773
755
757
736
689
731
675
758
670
633
1639
1814
1018
1137
907
738
745
1006
653
1028
812
766
727
814
657
724
662
683
573
591
730
628
627
630
715
720
626
728
915
962
702
1514
1466
1585
1627
1422
1477
1617
1411
648
629
494
1062
1435
1506
1194
1385
1216
1343
1116
1219
1294
1137
1081
1034
644
621
619
560
670
595
529
589
597
626
564
648
607
599
640
666
702
910
1070
937
733
701
702
623
665
763
740
655
664
951
636
907
623
662
596
744
864
526
955
736
673
732
700
708
705
760
652
688
670
691
621
762
662
720
626
800
626
781
1288
1010
870
920
648
606
1060
851
860
722
629
535
629
672
674
810
597
596
621
652
700
681
674
623
694
633
557
773
745
719
741
631
719
552
624
734
808
672
628
771
752
596
682
648
720
753
693
874
710
812
726
797
787
790
795
711
646
865
984
1076
1085
1104
1038
878
997
877
920
965
983
1015
740
548
1288
1622
1496
797
886
593
1368
1584
1572
1645
1546
1730
1406
1545
1633
1494
1368
1666
1681
1685
1655
1503
1480
1578
1392
1311
1228
1367
1612
1486
1780
1458
1721
1442
1819
2251
1903
3263
2595
1878
1817
544
1419
1929
1766
1778
1498
1839
1427
1812
484
900
1486
1393
1398
1149
1130
1057
1132
1018
871
865
812
836
587
782
705
612
612
708
747
683
657
757
732
662
614
708
619
689
772
696
688
750
560
661
678
659
751
642
641
614
663
742
791
726
769
660
743
702
753
1026
1758
2535
1591
1726
1315
1895
1532
1863
1842
1863
1365
1592
1540
1394
1312
1386
1369
2068
2759
2428
1621
1592
1579
1446
1648
1419
1788
1538
1532
1623
1686
1591
1581
1599
1500
1569
1587
1616
1491
1473
1317
1407
1366
965
1131
1077
936
1068
1027
798
759
733
702
780
710
795
713
750
628
651
734
689
702
693
700
699
621
694
661
724
725
661
761
625
705
624
661
599
643
1201
1097
1067
826
953
583
586
565
645
565
695
756
680
716
670
711
687
727
946
983
906
1130
869
707
777
954
1013
744
1116
938
704
562
885
1180
944
831
659
525
696
612
625
702
730
661
676
575
675
1024
654
555
645
717
646
618
697
708
644
631
695
684
633
749
696
678
757
663
653
1033
989
1006
562
642
532
550
664
566
608
617
618
714
736
755
768
723
721
655
689
753
778
659
699
609
670
658
731
619
807
917
863
954
931
888
820
822
750
838
670
627
674
657
710
688
668
635
671
651
731
720
616
757
770
704
720
706
746
758
552
682
622
723
726
777
708
640
752
697
774
653
776
626
636
629
757
739
709
1212
1318
810
735
1172
791
736
733
630
772
735
669
664
683
741
797
795
1050
686
789
618
766
721
639
760
728
720
681
754
725
623
729
710
697
634
744
758
637
650
726
693
711
720
716
705
777
700
610
681
723
678
752
656
621
657
721
1583
1801
1772
1581
1617
1518
1870
1533
1876
1675
1412
1405
1619
1453
1631
1663
1594
1710
1527
1506
1772
1607
