56
58
45
46
44
47
45
43
44
48
48
50
47
47
49
47
48
46
50
49
45
42
46
42
47
46
50
47
47
42
46
47
42
41
44
46
48
47
49
49
45
44
46
49
46
42
49
44
46
48
49
42
44
43
50
46
42
43
45
50
46
44
48
48
47
46
48
50
45
52
49
48
47
47
46
48
47
49
46
48
45
48
47
43
47
45
45
48
49
48
46
42
46
42
50
43
45
43
48
42
42
45
47
46
49
46
47
45
47
51
49
44
49
44
51
46
48
44
49
44
46
45
47
49
80
59
54
65
79
52
49
49
62
67
62
49
50
53
75
59
73
53
73
82
52
53
64
56
60
54
48
49
66
51
54
48
46
46
44
46
44
46
45
47
49
52
53
53
45
46
46
50
46
42
44
47
45
47
47
49
46
45
46
43
49
45
45
52
52
53
50
42
44
46
45
47
46
48
43
43
47
44
44
42
48
44
43
49
47
48
46
47
47
46
42
44
42
46
47
43
46
44
44
47
47
42
46
49
46
42
46
43
45
47
48
45
43
43
46
46
43
48
47
45
48
48
45
47
46
49
49
47
47
43
49
44
46
47
45
45
47
45
42
48
49
47
46
47
47
44
46
44
42
46
46
47
46
45
42
47
49
47
43
47
45
47
50
46
50
45
47
47
45
46
49
47
45
47
47
42
49
48
47
49
47
46
50
47
43
45
46
48
46
44
47
45
45
47
46
46
48
47
45
47
49
48
48
51
47
50
50
47
51
50
47
44
49
48
48
51
45
47
47
50
50
49
47
45
44
50
49
51
48
46
48
47
49
44
49
46
47
46
48
47
45
50
44
49
46
50
44
49
50
48
50
46
43
45
51
44
47
49
51
45
104
91
77
51
75
88
48
53
55
63
75
49
54
52
62
50
49
52
50
48
57
51
53
55
53
50
51
52
63
53
49
69
53
42
51
53
45
45
46
41
45
44
44
42
46
44
46
43
44
47
45
41
43
44
45
46
45
47
44
47
45
41
44
44
43
45
46
45
46
42
46
45
42
45
46
46
46
48
41
49
44
44
48
44
45
42
45
45
45
48
41
45
42
45
46
44
45
46
44
44
40
45
44
43
44
43
45
43
45
45
47
42
46
46
45
43
45
44
45
45
44
45
47
44
44
46
46
48
44
45
43
46
48
44
45
46
47
45
46
44
43
45
44
40
46
45
41
45
48
41
47
45
44
44
41
44
41
42
44
45
42
46
44
47
44
47
44
45
45
46
43
44
45
47
41
49
42
43
50
45
44
43
44
45
41
48
44
45
44
42
42
45
44
44
45
46
41
47
45
41
45
45
40
47
40
44
47
46
46
42
47
43
48
45
42
44
41
48
44
42
45
41
47
46
44
43
46
45
42
43
44
44
45
41
49
45
47
50
43
45
43
47
45
43
46
46
49
51
100
96
96
101
107
94
96
99
100
93
95
95
98
109
97
95
97
100
92
92
60
48
56
53
55
51
51
48
54
51
47
52
52
51
52
48
49
50
53
51
51
49
52
51
51
52
52
51
53
52
52
53
48
53
46
52
53
48
52
52
52
57
49
51
49
49
54
53
48
48
56
42
42
42
45
52
48
40
45
46
41
49
44
45
45
45
45
45
44
42
46
53
52
42
40
43
43
46
44
46
42
47
46
48
45
44
44
50
48
46
42
45
46
45
48
40
43
45
42
40
45
48
48
51
48
42
44
45
44
47
41
42
43
48
43
45
46
44
43
54
49
48
48
47
46
42
47
49
40
44
46
48
42
46
49
52
42
47
46
47
44
47
49
44
43
43
50
49
48
47
50
51
46
46
51
44
45
49
47
48
44
41
46
46
46
50
54
44
45
42
44
46
48
41
42
44
45
41
46
46
48
47
53
43
41
44
46
48
45
46
45
48
44
47
45
48
45
49
52
51
47
45
48
49
42
50
43
45
47
43
44
48
45
53
80
63
49
44
42
49
49
46
48
47
48
53
47
48
52
51
57
49
46
46
45
42
48
49
44
44
44
42
49
44
45
45
41
48
53
42
43
46
45
47
47
46
47
48
46
49
44
47
46
52
52
42
47
46
44
46
47
44
43
46
48
49
43
47
50
47
49
51
46
51
52
43
49
48
43
43
49
50
50
42
47
47
49
48
50
47
45
48
44
50
47
44
47
48
49
47
52
48
46
47
48
48
47
45
42
46
48
44
48
50
44
49
48
51
43
42
47
46
47
49
47
44
43
48
51
47
49
52
48
49
47
48
47
50
