555
515
538
975
879
646
633
1460
978
1207
573
840
1998
1527
1167
728
540
537
516
496
535
511
543
489
526
757
917
1004
884
904
826
847
843
678
738
688
696
720
730
717
511
482
476
557
609
558
588
560
567
621
967
912
841
513
528
464
580
688
786
800
810
727
498
748
860
659
584
742
726
592
545
791
758
730
688
722
665
735
746
736
660
807
716
732
734
726
782
759
770
770
505
468
733
1140
1045
1178
1079
1167
1205
1139
1158
1140
1089
1134
1486
1130
1239
1233
1221
1132
1079
1018
971
993
965
964
815
883
932
806
784
746
616
625
638
662
604
669
635
609
578
569
607
492
487
574
611
516
657
743
2169
2177
1184
1057
1305
1182
1236
1240
1208
1443
1185
1035
1164
1301
1163
1103
1163
1197
1064
1229
1358
977
1156
1171
1249
1143
1224
1152
1141
821
861
839
826
895
928
656
584
631
732
683
655
641
594
680
603
500
566
488
564
568
555
618
562
632
568
598
888
426
561
579
568
543
474
552
484
527
533
515
517
562
567
545
510
540
564
491
583
556
528
494
490
594
586
551
541
554
548
480
508
572
508
561
480
531
550
515
534
566
549
556
504
507
547
507
543
560
574
598
989
1005
1595
1472
631
536
524
473
506
598
578
643
717
592
545
524
517
751
474
526
429
520
550
594
503
488
586
569
498
554
598
552
490
518
484
818
1121
1363
1583
886
853
797
889
590
554
562
500
567
527
543
683
526
389
395
480
528
518
560
514
516
517
556
571
523
562
559
561
558
602
517
569
488
579
493
556
757
750
733
924
577
621
550
571
594
561
567
584
491
574
597
613
552
509
585
598
558
504
513
683
433
467
424
447
483
494
491
496
542
535
549
536
494
547
534
514
536
536
495
517
546
540
542
510
490
517
441
421
461
444
454
497
546
558
600
483
493
490
551
603
477
621
552
523
568
496
576
603
511
586
557
649
470
446
456
483
548
561
492
547
538
555
597
561
535
479
570
515
596
532
594
486
560
526
586
605
721
1135
572
446
1187
1205
1314
707
1257
1072
1172
1235
1302
1209
736
423
962
1150
1163
1193
1202
644
749
1020
1204
1164
1035
1161
630
1102
1153
1121
1128
1054
948
861
932
950
817
733
733
849
645
864
893
573
493
809
715
660
485
605
638
485
458
558
630
613
626
474
639
857
864
452
608
451
450
583
496
601
698
543
651
480
455
554
479
461
515
458
413
485
492
645
643
449
617
500
456
578
543
761
412
424
424
449
461
807
663
497
563
723
536
505
534
795
778
874
770
496
480
793
545
453
616
733
746
693
555
734
759
731
631
631
1082
522
435
430
493
586
477
474
405
570
566
536
564
586
568
541
404
467
557
520
506
552
507
569
544
540
503
534
480
481
603
1022
467
591
504
589
549
609
664
590
424
513
526
544
496
494
576
540
559
548
550
554
567
529
696
774
738
708
511
462
513
522
567
561
536
493
516
521
533
607
567
555
513
538
547
561
517
474
500
559
619
595
511
612
461
515
536
552
587
527
511
596
542
584
579
547
551
543
549
544
576
556
548
585
537
586
492
564
937
509
797
450
1011
1189
1159
1194
1192
1197
1237
1172
1056
995
485
454
1188
1154
1132
1199
1267
1044
1262
1124
1257
1123
1389
1982
2198
1187
1181
1160
1162
1171
1215
1240
1295
1314
1192
1209
1143
1149
1155
1202
1141
1278
1048
1262
1298
1217
1217
1009
1028
1040
919
1082
854
693
672
777
761
788
840
669
449
562
486
573
493
566
503
609
625
579
483
482
560
553
595
551
507
569
578
482
576
608
568
581
770
518
532
573
583
600
554
567
545
531
563
586
549
484
516
544
551
497
579
537
506
516
473
556
589
348
436
529
617
550
540
560
488
594
564
558
582
592
545
506
474
561
605
523
556
560
571
554
518
843
522
396
500
534
710
535
1212
2013
628
628
596
572
628
710
976
774
611
928
901
1448
1392
1352
1299
1309
1549
1573
1265
1100
1310
1165
1064
1134
1167
1069
1207
1321
1302
1191
1254
1322
1102
1149
1253
1258
1292
1175
1267
1250
1150
1205
1235
930
984
990
1059
886
898
755
659
649
779
678
819
789
657
487
509
571
420
550
540
536
550
496
558
556
520
550
535
589
529
545
580
490
557
576
561
1063
1330
2236
1360
1264
1213
1201
1253
1096
1201
1403
372
465
1348
662
1090
1330
1265
1361
1399
1323
1421
1345
857
1171
1424
1300
1304
1258
1207
1354
1260
1383
2085
1835
1193
1285
1170
436
1273
1348
1338
1334
1373
845
784
893
1286
1116
1261
1074
1184
1058
1248
1093
1223
1446
1301
1118
1275
1150
1324
1234
1258
1125
1313
1309
1520
2236
2262
1273
1299
1213
1337
1222
1120
1411
1109
1115
1061
1217
1030
1058
1121
1241
1165
1091
890
933
1360
2004
1482
1197
677
765
543
835
630
533
675
738
605
867
579
406
502
545
517
552
502
477
512
509
557
472
544
533
567
497
550
