69
65
70
55
54
64
56
56
79
65
60
62
63
60
66
62
60
64
57
58
67
60
56
65
64
64
64
69
62
64
60
59
60
75
70
73
67
71
69
72
54
61
59
58
61
59
60
63
61
60
57
61
60
60
54
61
59
55
60
60
61
53
63
59
61
57
57
61
60
60
59
60
63
60
63
62
63
60
69
55
60
59
54
56
60
61
61
57
60
59
58
61
54
57
60
62
67
59
63
58
60
59
62
61
56
56
61
60
59
61
56
61
61
59
61
59
58
60
62
59
60
62
61
59
64
58
58
58
59
60
63
61
62
64
63
60
60
63
62
59
55
61
62
58
62
67
61
58
59
60
61
63
61
61
61
60
60
56
59
57
57
56
58
58
62
54
58
61
60
61
62
62
59
60
58
59
61
64
59
56
61
58
61
64
62
61
59
63
61
61
59
62
62
63
61
62
59
58
63
58
64
63
61
62
60
57
59
63
69
60
62
61
65
61
60
61
61
55
61
54
60
62
61
65
63
60
59
63
87
76
62
66
64
61
56
56
64
68
64
57
56
59
64
65
58
60
62
64
60
62
66
62
64
64
63
58
61
61
65
63
59
61
57
58
61
59
66
61
64
57
63
61
56
61
58
65
65
62
65
71
61
64
57
60
66
63
65
65
68
62
60
64
62
65
59
64
65
63
65
64
58
62
58
66
63
59
64
63
68
57
64
64
58
61
61
61
65
63
61
64
66
67
57
59
70
65
60
65
63
64
66
67
61
65
61
67
68
63
65
63
62
62
61
65
61
60
58
64
65
65
69
65
64
62
63
65
63
67
59
68
59
70
59
64
60
68
64
68
65
71
67
65
63
61
65
62
62
60
62
63
66
66
59
68
58
59
67
63
66
63
64
62
69
67
65
62
64
64
61
68
63
68
66
62
68
64
68
70
61
67
59
67
66
65
117
142
66
65
64
69
64
65
63
66
67
64
70
64
112
142
141
142
143
64
61
66
57
64
57
63
62
67
61
71
60
63
62
61
63
66
60
58
66
57
59
60
58
64
56
61
60
59
59
62
62
62
64
64
64
53
57
64
59
60
60
57
62
59
65
60
67
60
59
63
64
59
57
62
61
59
62
61
55
64
60
58
55
60
65
63
65
59
64
61
61
60
61
61
63
58
58
59
61
59
64
63
65
67
60
57
61
61
60
62
57
60
57
59
58
55
61
66
62
59
61
64
56
56
63
59
66
58
57
59
64
59
60
59
57
60
60
60
59
64
61
62
67
57
65
60
63
63
59
59
57
60
60
63
63
57
56
62
58
55
59
63
65
62
58
62
64
57
57
66
56
63
65
60
56
66
61
62
60
62
59
61
64
57
61
57
116
103
117
150
84
67
61
61
67
56
62
59
55
57
56
63
59
55
61
56
56
60
58
60
65
68
73
58
58
62
58
61
65
64
58
64
64
62
56
60
60
63
56
54
55
63
60
60
60
62
60
60
60
63
56
64
59
64
56
61
64
55
60
66
62
62
62
54
59
60
63
54
59
56
64
62
62
56
58
60
57
59
54
62
59
62
56
55
57
73
70
64
59
63
62
60
68
67
54
60
58
62
62
59
62
60
60
57
64
62
73
72
62
63
62
62
62
60
62
59
58
64
60
62
60
56
60
54
60
60
60
59
61
61
56
63
64
58
60
56
57
59
55
57
57
59
58
58
56
59
65
62
60
60
69
60
55
62
61
54
56
64
62
64
57
65
57
63
56
55
63
60
58
66
59
61
58
62
60
64
62
62
60
65
67
75
78
115
147
97
68
69
63
66
61
57
61
58
55
55
56
56
61
61
64
61
64
60
60
67
62
56
61
61
63
75
73
69
72
60
61
67
65
61
63
64
65
65
64
59
64
63
66
63
67
61
60
64
62
58
60
64
58
65
62
64
69
64
62
60
57
66
62
63
59
65
59
69
68
59
59
68
59
60
61
67
62
67
60
57
63
61
64
57
64
58
66
63
63
63
58
61
72
63
63
65
65
68
62
67
62
64
64
64
63
63
67
64
57
63
64
60
63
56
64
65
66
60
66
64
66
61
66
59
65
63
64
70
66
66
57
61
62
62
63
62
64
64
65
61
63
58
65
58
59
60
65
72
62
60
68
61
65
59
66
68
64
69
70
61
67
61
70
69
69
72
63
61
67
62
63
59
64
61
58
67
70
63
62
57
68
78
84
73
73
67
65
65
71
65
71
59
70
66
59
59
64
60
71
63
67
67
68
65
64
65
60
65
64
65
