1657
2513
2900
2683
2615
1961
2460
2283
1958
1964
1875
1516
1450
1331
1433
1488
1583
1527
1563
1480
1667
1571
1467
2833
3542
2968
3227
3551
3640
3227
3777
2740
2746
3156
2399
2528
2013
1753
1555
1437
1480
1559
1348
1632
1499
1445
1048
1379
1446
1380
1604
1207
1524
1399
1561
1454
1587
1660
1463
1515
1389
1623
1729
1617
1795
3355
2560
2656
1552
3164
1636
1571
3256
1495
1416
1508
2906
2782
3293
3732
3210
2088
3168
3260
3768
4155
3409
3834
3123
3745
3663
3629
3653
3498
1486
1485
1602
2002
1624
1611
1412
1514
2437
3585
3157
3656
3283
3950
3428
3107
3532
3116
3342
3498
3425
2332
1627
2178
1991
1538
1647
1433
1345
1646
1412
1314
1617
1583
1703
1622
1626
1592
1598
1285
1523
1552
1498
1399
1620
1704
1596
1432
1433
1768
1453
1425
1650
1677
2024
2987
3481
3810
4663
3590
3472
3476
3546
2865
2854
2081
2195
1869
2017
2713
3446
3273
3125
5885
3180
3795
3605
1936
2849
2405
2002
2046
1782
1327
1454
1470
1628
1565
1459
1349
1533
1404
1392
1222
1275
1608
1514
1694
1679
1419
1581
1640
1637
1430
1593
1354
1789
1585
1405
1563
1371
1386
1597
1535
1379
1525
1573
1527
1608
1556
1600
1304
1128
1318
1595
1592
1555
1598
1388
1512
1316
1652
1284
1742
1550
1465
1480
1674
1573
1536
1750
1442
1345
1641
1655
1595
1659
1659
1646
3097
1550
1614
3894
4326
1462
1817
1388
1615
1600
1403
1404
2014
1401
2383
2354
2161
2028
1800
1737
2704
3138
2342
2703
3365
1450
2891
3145
3490
3366
3874
2950
2251
2595
2041
1726
1712
1668
1459
1557
1570
1532
1587
1515
2078
5245
3962
3834
6513
3704
3214
4008
2441
1971
2856
2632
2504
2317
3741
3613
3386
2466
3679
3652
3822
3415
3463
3266
3042
3849
3219
3255
3206
2805
2478
1278
1521
1811
1850
3110
1393
1614
1619
1562
1584
1400
1636
1426
1497
1707
1538
1592
1503
1618
1623
1652
1416
2270
3384
3045
3559
3161
4000
3022
2941
3553
3717
3207
3369
2581
2722
2654
1484
1423
1544
1524
1655
1543
1579
1526
1558
1681
1417
1725
1633
1424
1550
1583
1632
1648
1621
1540
1650
1336
1358
1565
1564
1333
1632
1712
1341
1513
1383
1520
1422
1647
1355
1332
1506
1498
2687
3025
2029
1620
1447
1549
1562
2269
1768
1589
1642
1454
1627
1768
1409
1423
1410
1612
1726
1571
1740
1410
1620
1552
1651
1918
1478
1329
2121
2394
3314
1989
2003
2192
2590
2865
3026
2152
2035
1621
1651
1531
1472
2506
3214
3895
3778
2588
3359
3415
3505
2426
2791
2569
2128
2227
2055
1874
1341
1413
1723
1623
1468
1365
1393
1718
1594
1970
2491
2118
1472
1610
1710
1601
1460
2401
2890
2925
3373
3235
2207
2644
2141
2117
2041
1883
1792
1683
1700
1712
1585
1612
1744
1509
1616
1456
1566
1616
1572
1455
1740
1736
1605
1703
1465
1663
1667
1637
1376
1627
1612
1667
1466
1486
1451
1345
1522
1637
1338
1635
1677
1367
1437
2644
2099
1597
1628
1268
1953
1543
1415
1539
1340
1580
2313
1800
2983
1342
1876
1374
1499
1667
1610
1555
1554
1692
1381
1072
1551
1749
1355
1432
1811
1461
1609
2013
1178
1342
1573
1589
3072
4168
2907
2880
3379
2542
2680
2287
1746
2072
1688
1907
1523
1371
1532
1696
1188
1347
1356
1465
1711
1432
1599
1619
1688
2050
2743
1996
1590
1713
1607
1470
1711
1436
1483
1378
1535
1525
1589
1353
1484
1373
1420
1651
1452
1451
1595
1573
1595
1424
1622
1587
3093
3087
3176
3218
3934
3380
3411
3760
3377
3676
3414
3409
3354
1637
2127
2257
2553
2937
3261
1376
1295
1472
1698
1727
1612
1656
1433
1630
1675
1516
1355
1460
1614
1596
1860
6374
3298
3912
1965
2374
3636
3284
2424
2948
2156
1891
1694
2355
1387
1404
1555
1948
2131
2564
2612
2525
2549
2784
2627
2191
2324
2303
2139
2387
1817
1609
2045
1537
1599
1517
1684
1578
1746
1399
1908
2290
1623
1402
1426
1474
1168
1827
1757
1591
1969
1863
1599
1500
1685
1536
1717
1264
1579
1347
1660
1610
1952
2338
1903
1677
1963
1414
1581
1666
1543
1488
1366
1501
1469
2027
1779
1977
1623
1298
1313
1190
1711
1406
1395
1565
1928
2053
1667
1806
2019
1565
1395
1432
1423
1407
1449
1969
1319
1633
1617
1832
1304
1230
1326
1598
1878
3310
2168
1562
1558
1469
1612
1550
2081
2400
1802
1443
1469
1876
1654
1555
1713
1448
1339
1384
1280
1327
1438
1447
1277
1504
1311
1728
1321
2033
3360
3338
3730
3580
3133
3957
3372
3462
3070
2829
2549
2121
2300
1632
1497
1485
1574
1458
1370
1571
1565
1426
1373
1622
1630
1600
1551
1097
1466
1367
1535
1347
1208
1713
1567
1546
1477
1393
1652
1377
1788
1444
1561
1361
1416
1576
1605
1413
1586
1742
1518
1535
1464
1549
1523
1568
1670
1620
1685
1671
1364
1822
2036
1692
1643
1804
1599
1493
1619
1532
1546
1583
1529
1737
3033
2493
2578
3636
4221
4008
3549
3418
3269
1804
2436
2579
1844
1988
1992
1390
1509
2984
3162
3429
3825
3368
3644
3828
3372
3685
3158
3034
2291
2370
2293
1825
1790
1795
1673
1549
1357
1708
1921
1870
1596
1677
1533
1681
1626
1676
1386
1267
1545
1566
1316
1570
1555
1543
1449
1534
1809
2155
1560
1602
1551
1357
1740
1447
1395
1360
1222
1564
1376
1602
1567
1641
1715
1524
1612
1414
1422
1525
1662
1583
1527
1348
1519
1343
1632
1283
2324
4619
2759
1750
1544
2876
3716
3260
3476
2339
2178
2050
1682
1745
2831
1966
3688
3409
3595
4214
3528
3741
3616
5620
3144
2408
2577
2264
1096
1401
1720
1403
1438
1629
1347
1574
1374
1615
1332
1573
1444
1615
1346
1485
1632
1563
1638
1472
1582
1685
1351
1533
1561
1579
1523
1441
1397
1498
1407
1773
1574
1396
1627
1718
1587
