100
105
86
85
88
91
100
97
98
102
84
100
94
84
85
94
91
98
101
95
100
103
104
92
93
97
106
93
87
95
88
101
96
102
86
104
86
92
86
111
95
105
98
101
109
99
105
94
106
100
105
102
104
103
107
90
99
109
91
101
98
105
109
95
114
99
106
110
104
103
93
102
103
102
103
99
100
105
93
107
99
125
120
98
99
105
105
101
105
98
90
104
89
98
98
104
100
95
94
101
107
90
101
107
99
99
104
103
99
104
100
110
101
96
96
104
100
103
94
95
92
103
95
100
94
94
101
104
109
98
105
108
98
100
97
92
104
104
104
102
106
104
113
100
106
101
91
94
94
102
99
92
108
94
102
109
110
95
104
103
102
93
104
103
96
104
102
104
97
107
91
104
91
93
105
106
108
103
91
103
96
94
110
102
108
107
99
101
92
104
105
89
106
108
99
106
111
91
105
101
105
106
139
105
94
101
99
106
95
106
115
108
114
104
109
98
101
102
111
110
103
102
93
109
107
109
110
105
112
111
111
95
94
108
95
94
104
103
100
92
111
106
93
110
105
95
98
100
101
102
99
98
94
102
101
93
104
93
94
111
100
102
102
111
99
102
100
99
104
102
102
110
95
100
107
101
105
102
101
99
91
95
110
102
109
109
95
103
105
97
102
101
102
99
96
101
93
91
94
103
99
111
106
107
91
109
102
92
97
91
106
104
96
105
105
96
92
102
103
102
99
94
146
92
100
103
100
106
92
103
100
101
105
102
100
107
97
103
111
104
109
106
110
102
114
103
101
113
111
106
99
100
105
98
105
96
103
99
94
100
101
92
99
97
98
95
100
103
101
98
98
93
104
92
94
103
93
98
101
91
105
103
103
93
99
93
99
101
106
96
91
109
96
102
97
101
103
97
100
97
94
93
98
100
92
98
99
100
103
105
103
104
95
104
106
100
93
99
107
98
108
111
99
111
97
104
93
101
102
105
101
104
104
96
102
100
96
109
98
98
101
105
104
149
117
111
104
108
107
116
96
101
107
104
114
109
116
194
196
198
197
139
107
101
154
107
135
100
100
117
92
107
132
153
121
135
140
128
111
120
118
158
137
111
128
145
111
100
164
168
115
109
98
142
125
117
133
126
113
131
169
127
134
113
138
161
120
103
109
115
119
145
93
86
85
89
95
89
94
95
87
103
83
87
93
98
86
91
88
91
86
88
93
87
91
86
96
90
101
94
94
86
92
88
91
92
85
96
99
93
87
90
89
85
82
104
94
88
88
83
92
101
96
82
93
100
93
85
94
102
93
92
84
90
92
97
95
97
87
95
84
93
92
90
85
95
91
100
86
84
94
96
98
85
96
95
85
88
96
96
95
97
92
98
89
99
98
101
92
96
85
94
99
102
88
101
84
90
104
130
189
143
106
101
120
112
106
105
103
88
85
102
94
95
97
100
98
92
97
94
89
97
97
101
95
93
96
92
83
98
98
104
92
95
92
100
95
100
97
101
94
93
86
102
89
91
90
99
88
100
95
95
95
97
96
83
87
95
93
84
97
98
93
94
95
92
93
86
98
101
120
87
94
93
101
90
95
85
93
94
99
96
100
101
90
105
98
94
92
100
88
96
88
86
99
97
100
99
96
90
98
88
98
103
100
92
92
96
101
93
90
100
99
99
91
97
92
100
99
93
103
99
106
101
98
102
101
146
191
179
207
116
125
113
106
108
99
110
97
110
111
113
94
94
93
103
96
108
91
101
83
99
103
91
88
86
101
101
88
95
98
92
95
85
96
90
84
95
87
92
92
87
94
83
87
96
92
95
97
93
86
90
90
101
102
101
99
103
96
100
94
85
90
105
91
98
92
96
97
96
101
96
94
97
87
92
96
89
92
101
93
89
105
104
104
95
97
92
96
103
96
101
101
99
89
90
98
100
91
97
99
99
89
99
104
106
98
103
101
100
102
96
98
100
108
100
100
100
101
104
107
183
115
112
98
106
93
101
103
90
92
110
147
128
108
93
100
97
91
98
103
107
98
100
100
97
103
90
101
92
89
107
92
97
100
108
94
111
92
96
101
99
94
91
92
95
101
92
102
94
92
102
106
106
110
104
100
91
108
107
104
107
92
95
92
107
93
94
98
99
99
103
96
108
93
101
105
100
104
103
109
106
109
96
105
94
109
99
93
103
104
94
94
91
103
103
105
103
93
98
92
105
98
104
91
101
90
103
102
102
103
111
104
97
103
109
107
105
104
106
92
92
108
100
105
98
105
103
102
96
