2755
1880
1287
1159
1285
1347
1364
1230
1413
1312
1343
1259
1071
1323
1410
1218
1327
1184
1337
1181
1652
1712
2062
1901
1958
2121
2301
2132
2302
1606
1059
1266
1222
1364
1392
1493
1368
1390
1729
1363
1319
1348
1191
1445
1481
1284
1132
1418
1287
1074
1658
1826
1494
1230
1279
1579
1366
1233
1743
1134
1868
1691
1902
1878
1390
1535
1263
1077
1091
1169
1564
1510
1347
1092
1094
1082
1199
1131
1270
1388
1346
1689
1474
1581
1698
1388
1586
1144
1407
1156
1390
1149
1436
1977
1829
2109
1408
1199
1072
1224
1344
1267
1423
1311
1507
1322
1360
1332
1280
1178
1237
1317
1139
1206
1398
1251
1374
1463
1397
1463
1369
1422
1645
1147
1290
1237
1251
1253
1232
1324
1377
1191
2005
2237
2537
1858
1159
1515
1661
3002
2568
2848
2311
1610
1638
1224
1300
1316
1155
1195
1124
1314
1155
1318
1053
1142
912
1237
1309
1203
1238
1192
1198
1326
1046
1339
2749
4523
2795
3008
3550
2489
2337
3126
3121
2832
2818
2684
2951
2159
2101
1782
1529
2028
2544
1479
1437
1148
1363
1327
1168
1431
1208
1337
1433
1185
1455
1438
1361
1460
1196
1415
1605
1747
2813
2900
2653
3000
3271
2623
3035
3024
3069
2911
3091
2999
2436
2776
2277
2411
1963
2422
1194
1433
1213
1451
2046
1524
1718
1336
1453
2547
2074
1898
2431
1437
1315
1454
1279
1416
1116
1076
1275
1416
1345
1462
1230
1103
1257
1206
1512
988
1098
1259
1085
1217
1204
1067
1122
1227
1263
1376
1413
1936
2263
3285
2886
3337
3533
2923
3025
3146
2936
3101
1571
2040
2228
1547
1457
1769
1387
2246
1545
1616
2809
1401
1687
1544
2441
2229
2503
3009
2998
3149
2435
1871
2318
2183
1592
1849
1631
1681
1421
1155
1118
1386
1356
1251
1287
1445
1195
1360
1843
1538
2631
3091
2969
2817
2750
2773
3187
2963
3275
2481
2995
2997
2596
2116
1689
1711
1256
1326
1567
1403
1328
1140
1059
2301
3166
2426
1314
1087
1184
1560
1301
2225
1995
1843
1452
1556
1291
1221
1121
1329
929
1397
1220
1427
1299
1033
1358
1137
1328
1499
1183
1067
987
1237
1115
1220
1188
1380
1061
1294
1232
1221
1309
1088
1175
1275
1311
1210
1284
1283
1164
1252
1198
2180
2719
2751
2952
3209
2694
4162
3315
2897
3592
2865
2569
2676
2934
2947
3206
2801
3238
2696
2740
3950
4263
2090
1020
1106
1267
1122
1384
1323
1417
1220
1395
1367
1410
1366
1409
1367
1165
1160
1466
1163
1238
1314
1478
1525
2367
2979
1768
3362
2659
3427
3096
1049
1876
1163
1538
1343
1360
1221
2007
2247
2198
1957
2384
1475
1209
1318
1229
1250
1209
1330
1433
1409
1211
1184
1477
1069
1278
1221
986
2913
3154
2117
2806
974
1131
927
3175
3388
2787
2486
2394
1151
1872
3149
3026
2897
3169
3165
3594
2859
3055
2421
1717
1501
1606
1629
1721
1307
1420
1404
1502
1521
1271
1506
1431
1491
1245
1378
1161
1262
1194
1251
1294
1365
1184
1347
1417
1410
1243
1440
1317
1039
1202
1290
1269
1492
1326
1499
1462
1441
1245
1402
966
1073
1386
1164
1375
1387
1189
1240
1253
1436
1519
2527
2507
2525
2865
2567
1845
1874
3028
2783
3185
2162
1554
1372
1360
1116
1404
1085
1595
1142
1126
1235
1333
1288
1168
1391
1275
1351
1456
1424
985
2186
3120
2773
3050
1989
2027
3278
3367
3003
3002
1519
2668
3362
2960
2993
1559
1156
1797
1469
1412
1383
1532
1462
1418
2179
1028
1220
1393
2181
2877
2669
3067
1563
1822
2287
3253
2933
2657
3422
3245
3543
3389
2437
3009
3037
3318
2779
2588
2701
2874
3172
3128
5356
3206
3014
3413
2757
2743
2515
2014
1894
2016
1370
1487
1397
1192
1157
1242
1175
1452
1428
1506
1614
1230
1413
1218
1404
1355
1437
1063
1602
1211
1240
1405
2391
3014
2398
1568
1095
1219
2227
1989
1772
2011
1760
1769
1872
2003
2865
3065
2825
2708
1169
2166
2103
1676
1701
1748
1668
1280
1220
1309
1412
1365
1293
1348
1434
1271
1403
1279
1347
1337
1233
1157
1411
1375
1334
1423
1236
1175
1206
1287
1507
1148
1386
1416
1246
1386
1311
1173
1260
1176
1157
1490
1261
913
1232
1323
1406
1324
1333
1179
1215
1364
1417
1256
990
1296
1145
1490
1354
1308
1375
1440
1347
1538
1085
1409
1441
1227
1185
1403
1374
1297
1427
1598
2856
1518
1719
1557
1173
1514
1414
1192
1342
1857
1309
1228
1178
1373
1256
1277
1162
1420
1344
1311
1284
1362
1488
1059
1265
1331
1337
1443
1482
1213
1462
1348
1249
1159
1312
1375
1229
1429
1024
1180
1246
1321
1223
1328
1154
1041
2035
1501
1074
885
1966
2920
2651
2321
1329
1712
1344
1303
1437
1789
1685
1289
1449
1178
1373
1453
1272
1243
1447
1466
1348
1199
1288
1142
1009
1305
1295
1359
1347
1411
1401
1340
1436
1334
1496
1248
1207
1252
1405
1155
1238
1407
1453
1365
1499
1233
1137
1414
1302
1220
1168
1228
1458
1384
1367
1400
1220
1385
1229
1526
1213
1436
1340
1452
1313
1346
1408
1399
1071
1309
1552
1476
1205
1395
1210
1391
1204
1230
1425
1489
1178
1355
1159
1469
1384
1405
1443
1242
1437
2033
2649
2607
2520
3160
3668
2978
2935
3166
3020
3108
3049
2880
2615
2071
2364
1628
1096
1279
1351
1549
1666
1141
1110
1430
1447
1203
3023
2765
2613
2602
2759
1073
2337
3407
2755
3354
2016
989
2849
3256
2133
1989
2041
4696
3690
3088
2637
2761
2543
2694
2570
2507
2648
1427
2506
2716
2049
1885
1635
1726
1979
2059
1381
1212
1411
1197
1380
1315
1269
1352
1367
1227
1515
1400
1396
1294
2770
2960
2105
1254
1581
1255
1519
1649
1200
1526
1238
1597
1259
1596
2579
2780
3225
2546
2039
2139
3249
2606
2712
2644
2524
1044
1562
2152
1975
1786
1655
1623
1646
1733
1820
2033
2881
