1424
2754
3188
3067
2745
1414
1850
1858
1665
1728
1473
1617
1822
1416
1647
1716
1776
1432
1628
1550
1563
1985
2789
3872
3176
3903
1314
3644
3187
3927
3566
3379
3463
3588
3668
4815
3376
2918
2983
2410
1854
1656
1697
1711
1662
1706
1721
1485
1539
1584
1769
1419
1419
1805
1477
1644
1381
1914
2982
3512
6257
4315
4030
4029
3642
3426
3687
3397
4544
3188
3601
1380
3311
3844
3307
3671
3138
4379
3368
3767
3123
3238
3212
3487
2713
3953
2904
3167
2669
1831
3532
3610
3618
3055
3799
3734
3735
2873
3573
3187
3453
2458
1689
2296
2309
1619
1501
1763
1519
1721
3233
3603
3721
3779
2763
3749
3717
3294
2564
3388
2649
3876
3498
2502
3939
3574
1498
3546
3768
3424
3045
2288
3385
2751
2354
2451
1895
1749
1722
1501
1813
1630
1767
1552
1737
5893
3758
3836
3967
3714
3863
4081
3766
3334
3127
2912
2127
1674
1619
1811
1659
1650
1431
1647
1744
1552
1501
1543
1585
1706
1750
1458
1565
1767
1747
1729
1725
1474
1690
1751
1413
1573
1712
1583
1488
1618
1443
1670
1524
1518
1481
1487
1767
1359
1569
1632
1552
1567
1428
1839
1693
1785
1702
1665
1836
1789
1666
1595
1692
1772
1244
1506
1773
4012
4969
2097
1669
3643
3885
3966
3389
3656
3420
2185
2346
2281
1673
2072
1646
1777
6385
4157
4204
2917
4002
3544
3539
2196
3089
3109
2574
2229
1789
1703
1737
1904
1519
1772
1531
1505
1679
1490
2429
1703
1526
1789
1687
1710
1685
1704
1640
1758
1644
1443
1680
1574
1766
1394
1719
1635
1593
1649
1455
1808
1692
1478
1742
1678
1911
3822
3274
3328
3581
3157
3806
3781
3350
3892
3124
3514
3367
2237
3066
2131
2112
5306
3865
4140
2700
3689
3289
3522
3218
1471
1643
1720
1782
1774
1586
1496
1724
3402
3626
3673
3751
2648
3963
3983
4012
3047
1928
2591
3420
3636
5738
3592
3799
3101
3112
3557
3279
3585
3925
3457
3478
3884
3026
2957
1704
2283
2354
1763
6316
3700
3480
3777
3937
3983
3552
5324
2497
2445
1330
2432
2504
1555
1917
3238
2362
1917
1718
1519
1688
1725
3863
3991
3326
2886
2991
2612
2260
2192
1507
1694
1734
1663
1540
1456
2101
1369
1647
1712
1422
1724
1722
1770
1846
1556
1736
1409
1596
1458
1547
1776
1533
1465
1683
1454
1735
1702
1798
1572
1562
1555
1831
1623
1667
1558
1699
1581
1686
1505
1781
1798
1445
1537
1241
1686
1418
1532
2817
3998
3904
4130
3499
5043
4511
3452
3418
4190
3355
3270
2213
2786
1632
2093
1926
1471
1737
1457
1664
1746
1750
1691
1784
1692
1755
1795
1657
1656
3613
2852
4198
2680
2341
2385
1288
1465
1633
1653
1724
2866
3709
1775
2337
2170
1690
3483
3734
3838
3450
2722
3783
3774
3486
3630
3387
3380
4036
3765
3825
3547
3154
3169
2625
2619
1603
1698
1987
1669
1671
1403
1485
1497
1455
1682
1676
1688
1689
1640
1418
1731
1520
1548
1690
1460
1689
1552
1675
1658
1429
1532
1650
1828
1727
1560
1519
1699
1436
1698
1725
1653
1664
1523
1541
1478
1421
1751
1566
1642
1481
1686
1505
1689
1730
1482
1659
1723
1786
1687
1600
1470
1721
1605
2025
4346
1264
2454
4315
1781
1828
2058
2482
2164
1176
1639
1776
1728
1432
1706
1577
1558
1958
1673
1579
1525
1534
1474
1718
1780
1630
1432
1268
1309
1474
1731
1646
1491
1631
1418
1658
1696
1536
1824
1429
1664
1667
1696
1533
1653
1520
1995
3453
3201
3291
3319
1480
2303
2401
1837
1645
1760
2304
1593
1544
2071
1629
1800
1375
1900
2017
1481
1470
1709
2249
2642
1965
1970
2396
1606
1420
1951
1373
1499
1694
1693
1681
1708
1488
1767
1682
1707
1521
1569
1753
1650
1411
1597
1473
1554
1661
1433
1757
1609
1813
1713
1656
2061
1854
1897
1415
1777
1559
1824
1624
1463
1906
2031
1990
1526
1627
1606
1638
1374
1762
1556
1619
1824
1719
1835
1513
1704
1677
1563
1783
1809
1541
1769
1427
1460
1594
1453
1586
1648
1900
1475
1881
3352
3972
3840
4013
3576
3087
3787
6178
3767
3854
3902
3719
3440
3718
3726
3279
3490
2755
3405
4165
2075
1889
1704
1608
1643
1582
1628
1576
1471
1784
1779
1610
1553
1691
1815
1487
1437
1631
1458
1735
1435
1752
1739
2236
1721
1504
1438
1682
1471
1702
1503
1512
1921
3091
5697
4374
3631
3677
1848
4653
3708
3947
3488
3215
2413
2649
2098
1906
2172
1719
1765
1449
1510
1654
1535
1745
1612
1744
1813
1432
1595
1708
1706
1370
1615
1615
1826
3853
4127
3257
3503
3396
3756
3750
3430
2465
1805
1194
1692
1602
1454
1421
1546
1473
1583
1672
1556
1446
1700
1664
1415
1662
2266
1461
1683
1524
1503
1826
1835
1531
1571
1818
1484
1712
1821
1579
1468
1726
1489
2003
1637
1732
1773
1641
1641
1678
1454
1659
1752
3578
3258
3873
3680
4934
4944
4976
2507
3031
3204
3266
3257
2960
3230
3858
3881
4002
3521
2578
2767
2210
2282
1880
1651
1784
1408
1457
1666
1537
1630
1604
1561
1703
1502
1275
1577
1558
1714
1533
1790
1713
1752
1557
1556
1510
1704
1726
1648
1690
1719
1530
1470
1510
1695
1666
1447
1618
1685
1561
1738
1587
1463
1727
1701
1637
1659
1556
1488
1741
2684
3334
3449
3617
3842
4142
3910
3358
3515
3427
3114
2725
2525
2601
1712
1848
1433
1781
1649
1703
1466
1553
1784
1950
2114
4416
2248
2333
1211
3658
3621
2791
1406
3388
3918
3879
4428
4368
3479
3257
3341
3822
3837
3906
3541
3027
2719
2020
2369
1965
1733
1653
1452
1512
1568
1688
1669
1672
1543
1747
1700
1655
1714
1666
1794
1846
1649
1424
1658
1544
1710
1586
1717
1763
1627
1614
1672
1424
1544
1517
1615
1810
1548
1410
1684
1431
1807
1684
1772
1569
1763
1673
1881
3172
3425
3554
3684
3414
3214
3750
3772
3591
3422
3546
3047
