2784
2848
1563
1846
2988
1762
1013
1255
1432
1345
1772
1093
1141
1096
1037
1128
1162
1608
1201
1328
674
831
742
810
706
711
777
751
696
741
715
760
741
669
794
967
1230
1279
1262
1233
1192
1267
1233
1278
1270
1277
1021
1079
934
760
799
781
791
689
762
712
778
768
670
739
775
784
660
753
763
781
1692
2099
2971
3918
3863
3827
3768
3395
2568
2054
2084
1802
2023
2491
3167
1782
1222
1397
1584
1980
1939
1866
1741
1784
1640
2005
1303
1333
1518
1772
1738
1818
1385
1682
1763
1684
1803
1629
1760
1763
2150
2826
2674
2878
2481
3069
3016
2302
981
1811
1669
1525
1719
1678
1590
1489
1598
2156
1746
1759
1960
1186
1149
1803
2198
1664
1423
2041
1933
2286
1267
1034
1504
1793
1807
2912
3128
3004
2083
1773
2034
832
1169
858
1090
810
1094
803
1091
996
1010
914
677
848
1161
2573
1516
616
1099
1645
1786
1712
1757
2191
3037
3070
3109
2447
2663
3073
2909
1414
1019
844
815
796
675
752
808
784
876
624
1468
1767
1354
678
755
805
711
805
766
756
767
769
791
792
741
781
1089
1140
1494
1599
1683
1606
1538
1605
1672
1345
1440
1742
1682
1698
1710
1723
1739
2065
3766
3794
3751
1595
654
792
1654
1415
1796
1713
1802
1688
1629
1839
1708
1831
1974
1817
1818
1602
1560
1515
1592
1566
1295
1308
1196
1298
1289
1329
1183
1451
1530
1428
1123
1434
1217
1183
1181
1217
1227
1168
1191
1221
1105
1065
1132
1265
1129
1115
957
691
636
724
784
770
790
740
766
758
749
811
762
716
788
756
709
750
753
1054
634
558
614
642
746
802
765
730
743
829
720
731
715
734
769
785
766
716
988
992
675
636
708
602
615
588
659
546
581
568
623
671
620
625
564
713
630
651
667
581
637
564
813
568
696
785
775
772
807
688
706
814
747
701
773
769
848
836
925
688
1039
1168
893
594
657
657
731
723
801
821
901
1141
1064
1102
1054
1242
821
973
1412
1687
1750
1069
909
701
663
896
879
715
861
595
946
1239
1006
959
1040
1135
768
608
603
760
837
1118
867
720
657
1138
1107
1073
1176
1097
1052
806
802
933
981
1034
980
646
662
669
690
944
556
964
1176
1174
847
664
675
661
697
1121
1324
1080
1193
1236
1074
1152
796
867
708
735
670
1047
1206
691
1054
634
748
688
730
685
871
773
1011
1066
640
748
736
721
884
953
1068
1187
1063
1263
867
923
1187
1054
864
1053
1041
934
929
1010
1153
699
636
799
668
740
733
834
820
712
704
683
747
713
911
714
1223
1170
1031
1151
1177
1147
1083
1076
1071
1155
1196
1094
1095
1313
2277
2324
2328
2928
3460
3434
3509
3649
3383
2562
675
1862
1552
1591
1836
1802
1756
2553
3785
3772
3702
3651
3708
3587
2777
2726
2228
1847
1818
1574
1200
1323
1265
1418
1373
1302
1279
1366
1378
1412
1468
1376
1358
1399
1390
1450
1424
1046
700
743
659
742
802
798
757
700
771
848
808
680
761
765
563
843
764
716
844
772
765
798
755
831
769
850
793
719
760
759
791
853
817
616
780
813
747
799
825
694
677
793
705
795
661
851
657
725
828
776
723
677
807
786
665
666
785
719
714
719
697
769
775
761
746
679
782
770
719
1515
2721
2173
1067
1684
960
807
1088
1002
1299
1386
1304
1160
1222
1415
1454
1322
1196
622
593
1297
1184
1344
1398
925
1044
1052
1015
1003
915
818
944
1285
1570
1156
1224
1082
1089
1218
1126
1220
1067
1176
1137
1038
1410
1566
968
764
658
817
751
779
695
731
752
704
710
669
719
957
1014
2264
2354
2368
2513
2082
1887
2016
1729
1601
1714
1436
1301
1255
1380
1779
901
644
703
752
759
799
670
755
663
786
755
769
702
753
766
716
816
861
1044
1221
1027
798
770
781
686
819
779
754
842
844
806
803
722
768
781
828
842
714
662
685
772
826
723
820
845
743
789
811
669
702
797
678
739
577
547
768
755
767
763
790
764
791
772
712
682
826
769
743
720
684
776
714
719
651
769
713
764
753
702
805
705
696
713
757
740
767
838
742
697
719
1055
569
508
582
732
829
810
784
722
754
773
825
805
731
810
706
789
784
781
1924
2704
1823
1352
1285
875
593
514
632
688
737
771
808
716
722
754
788
769
919
815
743
1015
1112
1138
1597
1398
1286
1348
1372
1637
1290
1347
1451
941
992
1133
1117
1197
1093
1238
1195
1234
1182
1083
1174
703
957
1122
1558
1588
1611
1500
1592
1541
1578
1609
1504
1601
1635
1446
1680
1629
1340
1545
1897
655
1766
1650
1311
770
707
790
841
766
776
760
832
2246
975
1060
732
797
768
833
722
697
785
771
780
758
794
700
897
1270
1349
568
580
664
689
709
842
793
764
839
707
761
673
764
773
707
822
821
821
636
672
775
692
690
663
807
763
770
770
696
747
784
672
705
781
825
810
986
772
793
770
736
706
725
760
667
793
764
682
829
770
814
673
703
760
676
762
484
493
636
603
743
731
739
757
660
749
750
820
763
806
689
659
665
769
772
994
570
758
772
769
691
695
681
794
752
748
662
768
737
777
666
825
687
757
880
697
785
752
759
762
743
698
758
746
