7006
7081
5482
3009
1488
2267
5086
3572
2668
2200
2227
2162
2022
1929
2333
3276
4300
2920
3943
3688
3680
4095
3606
4137
4028
3351
2715
3987
4170
4259
3879
3800
3294
3467
3821
3504
3358
3344
1774
2242
2230
1801
1804
1523
1501
1527
1658
1698
1680
1860
1623
1713
1706
1602
3489
3652
2073
1709
1431
1682
1711
3606
3839
3701
3394
3818
4060
3582
3296
2298
3042
2553
3739
3999
3864
3579
1923
3521
3921
3841
3087
1943
2105
2107
2135
1829
1687
1849
1400
1593
1704
1725
1737
1634
1579
1851
2298
1750
1768
1734
1876
1697
1812
1697
1769
1549
3353
1606
1643
1461
1535
1525
1703
1905
3866
3367
3536
3802
3610
3794
3801
4151
3883
4000
4000
2941
3750
3338
3244
2897
3765
3391
3121
2481
1845
1697
1971
1779
1554
1678
1771
1682
1541
1715
1681
1645
1743
1612
1440
1747
2073
4476
1735
1803
1587
1956
1646
1681
1613
1704
4643
3841
3174
2840
2774
2398
2806
1680
3736
4294
4038
4130
3479
3088
2694
2180
2079
1948
1645
2143
1552
1672
1622
1320
1494
1605
1256
1522
1481
1378
1793
1514
1667
1796
1655
1507
1712
1498
1614
1731
1525
1524
1716
1749
1496
1672
2068
1827
1457
1442
1580
1399
1679
1589
1724
1796
1716
1768
1801
1420
1604
1734
1712
1576
1734
1770
1708
1616
1576
1776
1769
1774
1744
1615
1756
1691
2267
1634
1729
1542
1644
1624
1558
1686
1550
1570
1642
1730
1609
1564
1811
1435
1628
2444
1414
4300
2977
2943
1399
1977
2021
2618
2509
1676
1313
2351
1528
1567
1455
1782
1553
1716
1724
1391
1963
2125
1577
1681
1482
1916
1961
1750
1695
1519
1698
1721
1555
1674
1797
1685
1734
2770
1595
1779
1855
1467
1830
1915
1673
1667
1797
1712
1709
1837
1792
1774
1653
1627
1788
1819
1742
1682
1721
1770
1773
1554
1549
3235
3553
3237
3975
3408
3711
3173
3816
3201
3568
3516
3532
3352
2896
2255
2003
2472
3722
3907
3560
3604
3521
3235
3483
3870
3911
3006
3647
1791
2327
2229
2564
1691
3208
3715
3329
3364
3653
1448
3545
3497
2839
2206
2666
3667
3453
4140
4436
3425
4048
3534
2601
3169
1693
1815
1631
1684
1524
1661
1309
1642
1467
1667
1318
1592
1765
1453
1831
2702
4301
6810
5546
3557
3867
3156
2611
1710
1718
1487
1445
1564
1659
1640
1764
1735
1436
1681
1771
1691
1717
1561
1427
1502
1762
1685
1783
1752
3230
2340
1438
1619
1686
1792
1546
1515
1445
1555
1720
1997
1489
1632
2554
1803
2454
2551
3534
1491
1737
2498
3220
4197
3396
3128
2871
2479
2239
2195
1787
1823
2494
1547
1716
1516
1643
1765
1461
1653
1692
1635
1312
1530
3657
3264
3646
4228
3726
3717
3336
3710
3510
4241
4270
3060
2877
2311
2318
1643
2835
3714
1730
1646
2538
2756
2583
3493
3931
3772
3288
3227
4305
4231
3850
3924
3599
3418
3175
3924
3418
4058
3857
2737
1579
2394
2301
2256
4229
2754
3631
2851
3333
3619
4419
2814
3911
4005
4119
4119
3500
3282
3676
4119
3876
3984
3796
2648
3765
3337
3926
2834
2330
3514
4101
4468
4073
4037
4124
3888
4022
3834
3914
3387
3427
3090
2384
1983
1457
1563
1571
1736
1667
1688
1637
2042
2372
2538
1933
2427
2714
2976
2442
2214
2125
1920
1872
1714
2351
1977
2797
2486
2119
1443
2011
1568
1458
1335
2173
1786
2046
1765
2246
1606
1738
1323
1568
1301
2185
2726
2216
1344
1994
1718
1899
1766
1646
1537
1716
1852
2341
2311
2307
2455
1839
1501
1818
1604
1741
1694
1753
1347
1549
1515
1558
1459
1835
1643
1681
1662
1301
1568
1635
1658
1566
1688
2071
1222
2104
2621
1724
2452
2476
1844
1806
1649
1638
1817
1665
1681
1694
1476
1460
1688
1666
1537
1468
1725
1732
1538
1756
1767
1807
1786
1716
2069
1761
1659
1628
1783
1863
1664
1769
1358
1775
1687
1650
1520
1798
1617
1533
1650
1948
2388
4541
4501
4736
3663
3241
3413
3522
2240
2516
2741
1714
1736
1703
1829
1498
1721
1734
1740
1662
1450
1654
1717
1519
1552
1852
1550
1425
1431
1534
1735
1500
1884
1641
1723
1652
1484
1510
1814
1699
1459
1695
1688
1757
1667
1542
1589
1403
1537
1768
1734
1839
1600
1558
1633
1611
1890
3997
3673
3666
3938
3733
3593
3319
1893
3160
3820
4194
2579
2983
3443
3551
2600
2771
2050
2014
2206
1793
1627
1729
1487
1687
2404
3647
3639
3701
4084
3371
3288
4030
2988
2377
5136
4426
2291
2843
3388
1344
1555
1915
1789
1759
1452
1732
1764
1687
1599
1837
1678
1649
1788
1663
1429
1694
1811
1814
1713
1787
1656
1544
1543
1606
1700
1874
1542
1676
1758
1847
1420
1833
1587
1519
1864
1805
1666
1649
1681
1715
1517
1430
1559
1394
1676
1909
3555
3392
3541
3496
3755
3079
3987
3388
3251
3785
3980
3011
3079
2416
2520
2225
2366
1683
1538
1684
1687
1657
1681
1468
1743
1860
1693
1686
1634
1478
1756
1668
1572
1499
1780
1708
1508
1689
1705
1751
1647
1859
1433
1476
1869
1995
1613
1983
2854
2290
3563
3901
4357
4525
3922
3523
4594
1551
1630
1842
1595
1772
1489
1665
1797
1726
1547
1574
1535
1688
1713
1569
1652
1700
1488
1586
1711
1690
1709
1779
1824
1846
1593
1577
1710
1457
1765
1708
1651
1761
2857
1856
1748
1921
1616
1759
1794
1600
1776
1542
1655
1725
1656
1599
1431
1536
3381
3858
3754
3387
4248
3808
3908
3927
3433
3328
3960
3424
2002
2169
2040
1845
1657
1922
1780
1546
1685
1674
1682
1647
1430
1707
1762
1797
2682
2704
1489
1513
2167
2440
3165
3398
3701
1795
2464
3009
2976
2562
2856
2051
1638
1637
1478
1720
1731
1720
1545
1810
2610
2256
1519
1673
1678
1644
1735
2087
2041
1805
2932
3618
3320
3327
3556
3983
3590
3293
1302
3986
4006
3508
1629
3459
3946
3858
4383
4110
3834
3350
3338
