1950
1658
1434
1397
1448
1283
850
550
448
467
340
448
445
387
373
394
765
504
469
445
494
453
481
434
495
486
348
356
421
384
406
542
554
456
446
570
594
525
576
577
532
567
448
325
325
354
402
345
344
316
303
319
302
358
348
408
336
355
366
329
378
601
585
443
377
411
382
332
355
330
371
377
317
380
339
323
377
321
363
367
355
402
365
385
353
363
356
376
376
353
341
360
334
366
418
566
410
378
385
369
398
356
340
373
383
370
366
378
340
342
363
359
371
365
330
372
323
368
386
374
324
345
373
325
378
372
399
385
381
331
417
390
397
432
364
360
383
392
378
390
393
368
368
346
391
331
379
408
375
411
386
401
406
402
380
384
358
348
345
388
382
390
336
379
1073
696
413
568
360
377
394
351
361
344
364
368
362
328
372
360
381
410
374
397
363
329
370
351
366
402
353
351
378
364
338
369
418
377
379
367
408
380
399
385
373
384
364
340
377
410
351
385
365
350
403
338
378
331
337
411
406
374
350
353
373
374
379
373
346
383
391
379
332
381
382
348
368
365
342
367
350
355
343
343
438
407
354
367
404
377
333
410
378
409
418
400
357
398
386
415
360
423
380
342
380
391
378
353
400
386
367
343
379
386
364
379
415
339
379
400
331
406
730
1707
1767
1039
1039
1032
1029
859
913
906
917
808
984
735
666
420
375
461
345
343
356
353
334
314
348
343
353
329
359
370
348
359
311
358
358
378
359
368
371
365
332
380
367
362
336
322
359
1001
378
356
369
362
376
351
319
313
383
363
368
316
373
367
357
388
365
378
340
378
387
378
363
358
342
334
384
372
399
359
370
361
364
391
376
441
361
373
388
365
377
353
374
401
339
381
378
372
327
372
358
384
341
333
378
373
368
401
356
374
374
344
386
393
388
340
373
372
331
346
343
387
544
743
681
706
438
394
401
352
393
399
341
358
377
386
354
384
342
395
381
404
336
394
370
384
346
391
411
383
373
356
373
366
391
602
388
417
434
402
562
434
410
477
725
480
418
516
406
379
519
395
376
356
407
343
364
351
343
400
554
551
334
341
293
336
302
346
293
342
345
348
347
300
318
343
367
377
303
383
311
378
519
666
450
366
345
339
340
329
360
330
343
347
340
309
337
302
313
357
316
373
348
314
378
325
329
329
340
368
377
341
316
359
365
341
373
381
374
329
388
391
361
390
377
357
399
409
352
389
381
387
393
381
405
356
415
379
334
409
378
381
379
383
396
393
397
375
422
340
402
382
410
332
411
369
403
392
404
385
393
352
385
340
375
334
395
379
403
386
388
347
374
356
390
399
412
388
392
409
358
385
395
378
399
373
369
426
425
431
483
702
688
752
513
398
383
387
346
403
384
373
392
380
347
335
390
373
381
353
377
408
411
368
375
389
368
345
362
388
411
351
380
341
382
367
331
335
340
334
427
423
354
397
408
417
410
408
339
426
403
385
389
411
396
404
367
336
351
402
389
406
447
444
407
400
381
398
393
414
350
399
351
354
447
399
370
421
518
627
419
380
346
398
669
638
389
376
412
396
343
342
375
329
378
349
392
361
429
424
360
371
347
376
420
579
403
458
424
377
335
357
364
648
668
449
412
337
356
353
403
346
338
352
303
342
301
370
308
303
380
356
343
367
349
307
422
442
383
365
375
382
346
500
482
373
404
462
446
437
406
353
321
408
404
345
359
344
657
1402
1369
1116
1163
897
557
416
648
659
622
625
590
649
641
727
605
575
489
338
567
663
519
369
320
371
359
373
382
364
390
367
313
571
699
566
415
362
346
325
352
378
358
357
344
383
349
537
403
365
363
368
353
357
382
335
317
359
340
335
388
376
368
399
357
392
418
397
358
372
314
358
644
661
524
377
335
372
372
396
387
392
379
385
408
384
366
363
340
384
362
347
357
343
369
363
383
371
382
367
346
398
349
371
374
366
360
437
347
470
466
372
379
372
384
440
409
349
350
387
387
341
643
380
395
382
401
354
398
332
324
409
408
398
378
385
394
384
379
379
380
392
767
725
654
533
479
691
474
597
546
517
794
467
435
680
445
412
377
360
450
431
660
512
379
350
399
390
335
358
333
382
378
328
365
353
365
388
333
369
410
422
336
370
345
377
353
388
1150
651
726
711
709
600
577
491
330
355
326
315
330
344
356
348
330
306
344
315
398
387
612
555
627
455
562
700
585
411
406
337
343
315
333
346
350
369
371
326
299
356
351
333
335
351
311
349
379
321
326
375
340
324
327
358
329
338
324
356
337
390
361
347
