155
128
116
110
179
288
128
106
121
124
113
118
99
105
103
105
92
92
88
98
108
108
88
89
94
96
87
100
104
113
95
95
99
98
96
93
91
90
90
99
87
101
97
95
91
99
88
94
86
100
96
95
103
106
115
100
110
110
110
110
104
113
110
114
112
111
124
98
115
99
110
100
98
97
88
116
100
92
112
105
105
93
90
95
98
88
95
103
104
106
106
89
95
97
95
101
103
98
97
104
107
89
100
99
89
102
99
86
89
92
98
100
101
102
93
100
100
97
106
91
101
92
100
108
131
152
108
167
116
116
105
112
112
116
118
95
92
98
99
99
105
91
105
106
96
101
107
101
106
117
119
101
98
97
112
103
102
118
107
103
103
93
92
104
108
112
90
100
105
102
99
92
108
95
103
101
92
108
107
107
112
90
100
97
106
105
94
105
111
107
106
109
105
95
109
118
108
103
96
96
91
109
94
120
102
111
105
99
114
109
113
103
103
106
102
95
105
110
109
97
106
103
102
109
113
110
102
103
112
113
111
109
113
112
93
98
92
114
113
105
157
153
99
111
102
104
109
113
112
112
125
122
142
108
118
106
109
101
101
99
120
105
94
106
102
107
106
104
106
105
101
103
105
108
105
107
114
108
112
105
98
96
119
110
100
97
106
103
98
99
98
96
113
103
100
97
105
108
100
107
111
94
111
103
105
118
102
107
110
109
104
112
121
106
106
104
111
103
108
105
97
112
110
105
109
102
103
106
101
96
112
102
108
110
106
111
97
100
110
108
113
99
102
96
104
102
94
104
101
99
116
102
102
99
108
98
115
110
106
100
102
94
93
97
112
143
125
109
115
162
108
104
99
114
114
116
113
107
108
94
108
109
106
99
113
101
102
112
108
114
120
101
118
113
106
103
114
116
109
112
113
106
113
103
111
100
103
101
112
118
110
107
103
112
112
106
115
120
104
105
120
106
115
114
112
107
108
118
109
116
104
113
109
102
113
105
100
119
118
111
113
109
104
97
94
96
102
99
93
103
110
103
104
93
102
106
94
109
98
103
101
102
104
92
100
102
100
99
108
92
105
100
101
109
108
103
113
110
100
103
97
106
106
114
100
101
101
108
113
99
113
95
110
106
112
191
175
101
121
113
115
112
107
105
98
110
101
103
112
97
107
109
90
93
105
103
96
94
105
101
103
101
100
104
101
101
90
108
93
96
100
99
111
107
109
92
92
111
109
109
107
108
103
106
105
105
100
98
115
102
108
104
109
101
105
117
108
109
102
99
104
109
104
104
111
104
105
105
105
101
105
118
103
106
93
100
100
110
104
97
99
107
97
94
104
112
102
106
96
100
108
101
104
112
98
104
93
98
102
109
92
103
98
99
112
105
94
113
104
106
104
161
146
99
103
108
94
109
108
106
102
112
107
102
97
96
93
106
104
103
104
95
102
102
95
109
109
107
96
93
101
103
105
104
104
110
104
100
116
118
113
113
102
107
106
105
105
106
109
96
108
107
112
106
107
108
113
103
103
96
105
114
109
105
95
104
99
102
106
109
110
110
104
106
109
97
110
102
99
94
95
98
105
107
104
107
101
104
100
108
97
103
95
112
116
102
106
112
99
103
96
106
99
104
107
108
119
95
113
107
107
105
105
104
104
111
96
177
108
96
99
99
109
112
107
113
110
99
98
115
110
116
100
110
95
101
93
110
106
96
99
93
108
96
109
109
99
100
105
104
105
109
109
92
96
96
113
104
112
105
104
109
103
98
108
109
113
92
92
98
108
109
96
103
106
97
103
105
110
104
100
106
111
97
97
106
98
93
106
104
96
101
94
102
101
92
101
93
101
107
105
95
101
110
98
99
98
100
103
104
103
100
114
104
106
111
110
110
95
105
94
106
104
92
104
94
100
99
106
99
97
105
105
103
112
95
97
104
137
123
105
115
107
109
99
114
108
100
105
103
101
108
101
105
95
116
106
113
111
102
111
100
116
99
117
113
113
108
110
113
94
109
111
111
107
107
104
100
109
103
97
106
107
94
107
100
93
109
109
93
107
108
98
103
110
98
94
116
101
111
94
116
113
112
114
106
112
115
113
111
97
106
98
105
96
115
104
113
105
113
107
110
105
99
102
107
103
93
99
99
97
99
106
117
105
98
92
113
104
115
104
108
101
102
106
108
110
108
108
112
97
98
108
101
334
114
109
119
100
95
116
112
110
105
98
102
107
106
101
112
107
100
108
100
104
121
108
169
147
169
108
117
106
115
115
119
127
116
114
118
