839
846
851
1008
687
626
577
658
770
1088
959
1073
1032
594
812
547
680
744
685
1072
770
667
629
548
636
668
621
579
659
687
674
647
582
587
676
583
564
668
613
670
570
1204
613
475
1053
647
1508
707
953
1537
1576
545
1381
1538
1377
2002
1720
2147
2704
2928
2534
1411
573
544
402
1123
1404
1596
1627
509
780
1437
1372
549
1097
1439
490
963
711
1048
901
1173
1093
1162
1217
1014
789
825
722
683
767
641
715
744
712
716
747
573
579
648
722
593
657
671
652
642
701
650
659
684
649
583
703
687
836
536
502
520
658
656
637
595
605
651
629
670
596
653
565
514
1992
2750
758
580
1101
1434
1456
1327
1550
609
571
495
537
606
861
936
1055
1027
647
957
601
679
747
688
645
702
658
772
684
432
569
571
636
677
583
604
606
577
654
717
676
513
418
552
607
691
656
668
575
580
603
535
511
473
583
1552
2190
1807
946
841
802
1042
623
584
1050
564
1251
1700
1516
1525
1374
1606
866
519
442
1179
1517
1269
1296
1514
1526
1383
1554
1437
1130
520
588
554
600
563
1506
819
765
577
915
539
886
771
758
658
691
531
1239
831
708
578
772
503
580
863
682
966
890
885
893
862
752
556
612
736
671
572
699
638
614
665
682
602
677
602
588
562
656
687
665
696
743
725
689
650
686
693
702
687
978
697
514
537
519
573
711
645
654
651
496
493
583
859
509
618
573
524
836
874
750
598
729
878
885
541
927
828
665
665
542
699
482
532
760
737
529
622
594
669
507
525
477
603
718
828
638
767
620
696
1058
988
959
901
504
594
814
871
753
987
805
615
496
658
693
901
724
781
750
498
543
598
521
661
536
548
534
555
606
846
594
569
564
589
578
578
544
520
631
582
558
476
462
597
613
646
573
639
628
638
584
599
645
531
563
590
563
667
571
634
684
619
790
633
543
527
535
533
616
586
633
694
803
553
596
625
828
532
634
627
639
670
663
668
523
648
655
604
578
639
675
532
698
567
629
692
623
655
890
756
538
518
612
613
553
484
591
647
592
826
618
633
640
646
598
655
639
597
634
597
619
678
725
658
800
776
665
731
927
699
590
624
614
688
658
580
558
552
710
448
487
625
596
574
678
705
1498
1524
1310
1874
900
548
580
587
473
581
1087
1312
1374
1485
1491
1510
1206
997
1544
570
498
523
514
499
617
605
680
653
636
588
654
591
637
665
637
653
569
669
654
648
651
657
479
1136
1365
1461
1467
1501
1522
1404
1488
1315
1671
537
612
853
897
889
1240
1090
1377
1206
1205
1273
1171
801
1119
2113
1352
1482
1658
1992
1454
1419
833
508
533
1147
971
1572
1521
1518
1477
1452
1270
1353
1419
1496
1682
1356
1537
1580
1337
1519
1313
1607
1071
1451
1412
825
1434
1483
1560
1339
1117
1155
1533
1229
1302
1441
494
1109
1585
1490
1408
1494
1508
1417
1275
1554
1580
1372
1290
1454
1412
1453
1368
1087
480
477
452
948
891
993
981
590
718
645
783
745
777
678
691
674
630
642
790
563
575
762
714
2313
1682
1648
904
1049
523
685
754
791
1277
1081
1585
735
679
595
586
1184
625
699
530
661
775
714
753
742
661
721
721
608
656
611
683
570
686
596
653
692
765
617
582
438
1221
1315
1285
1523
1647
1512
1443
1494
1836
893
558
487
670
1355
1594
1458
1511
1431
1399
1325
2112
2030
884
459
1010
1547
1497
1416
1593
1464
1384
665
1078
513
566
1635
1665
1506
1516
1577
1625
1617
942
1621
972
1443
1506
1460
1391
1171
1193
1129
1133
892
1109
1744
1359
1502
1342
1577
1612
1414
1343
1567
1441
2304
2441
1424
1595
1443
1446
1454
1498
1493
1266
1344
1461
1299
1092
1084
1081
1162
855
782
878
688
652
754
482
523
646
554
601
689
669
653
605
636
580
678
670
620
627
589
711
556
677
634
588
645
600
699
701
607
560
549
437
461
419
615
657
568
650
566
628
643
655
569
677
563
690
663
623
882
573
858
1332
1879
1324
741
555
714
846
878
629
790
584
671
655
572
655
555
765
564
638
521
467
570
593
699
751
591
647
675
595
573
651
639
678
639
728
657
669
598
600
1017
946
761
591
561
565
685
619
687
684
692
669
650
630
617
597
620
575
658
639
583
582
686
806
592
626
688
640
643
639
659
666
664
572
570
655
672
658
652
648
688
561
607
666
717
675
641
542
721
658
595
693
566
648
687
882
1484
1458
1499
1443
1401
799
524
940
1338
1498
1442
1597
1397
1446
1617
1319
1067
1231
1397
1358
1447
1262
1340
1207
1268
988
991
1370
1072
838
603
619
589
611
651
675
682
692
601
602
640
667
602
660
671
706
765
617
456
581
622
577
604
463
496
574
561
647
657
562
668
653
661
623
580
654
659
634
612
667
518
550
656
652
643
655
647
568
639
685
652
648
650
642
689
653
657
655
650
608
561
693
627
427
580
658
629
657
738
480
646
646
641
686
685
572
659
