293
277
243
266
285
252
246
244
274
274
262
279
240
263
266
269
284
249
261
261
276
285
282
272
290
332
338
297
313
274
371
381
490
333
391
396
388
315
333
361
479
365
556
436
297
318
463
523
303
578
532
515
524
391
420
307
320
306
319
267
261
260
294
263
264
244
250
253
241
275
251
297
252
307
267
283
270
251
269
280
303
303
295
274
278
365
492
633
478
518
497
395
289
288
288
274
249
270
248
280
286
286
261
269
251
276
283
251
274
277
272
296
272
300
256
303
286
277
287
299
285
265
268
255
299
322
293
256
290
364
582
572
481
292
266
268
290
314
288
310
310
295
277
291
292
261
292
283
323
276
259
262
290
295
309
301
312
299
320
318
269
291
268
303
315
305
278
298
329
281
268
311
320
361
278
364
345
328
273
272
298
333
312
288
270
322
304
304
266
288
259
262
302
296
308
291
296
291
298
268
292
296
302
300
298
264
304
267
284
322
303
319
311
300
337
278
309
319
359
274
301
290
295
324
294
318
304
306
319
272
303
336
292
275
273
306
304
310
305
325
314
268
270
279
333
308
328
318
295
308
323
320
309
261
305
281
312
282
302
314
316
309
297
323
266
320
307
304
278
287
298
313
356
302
295
306
313
320
313
307
274
282
317
296
314
290
277
298
292
302
289
314
289
295
319
276
295
315
307
273
278
297
298
301
277
285
309
301
312
334
302
298
268
310
293
301
317
277
341
291
310
342
325
347
323
306
278
300
273
273
318
303
301
294
301
314
284
320
313
298
303
258
291
278
299
297
300
281
270
277
269
268
296
281
296
281
300
276
291
304
295
298
273
490
683
530
545
536
539
560
556
372
268
304
303
260
297
269
292
273
279
313
310
268
307
274
307
311
282
300
308
300
295
280
299
273
298
300
297
319
316
335
401
271
310
313
302
302
303
297
319
286
319
306
315
277
317
320
302
334
290
314
307
270
273
320
297
300
294
264
288
263
290
291
271
274
306
292
304
274
265
266
293
308
297
326
304
286
268
334
306
294
315
310
309
305
295
296
301
282
310
264
288
298
294
296
267
293
290
304
310
271
305
298
313
306
336
283
317
318
320
283
291
331
273
280
307
296
276
335
372
310
299
275
304
307
267
287
320
294
308
322
280
268
266
283
314
327
292
317
292
311
301
339
273
324
304
291
289
265
274
267
333
332
308
270
277
293
328
307
302
310
271
293
316
379
274
313
267
324
271
291
329
304
277
267
312
269
305
306
291
323
324
319
280
300
269
310
323
270
272
304
271
301
332
294
331
306
318
307
296
318
294
320
278
322
279
317
367
280
304
280
317
281
329
277
294
272
329
271
300
268
327
312
317
276
314
321
303
327
336
285
315
323
291
344
317
321
320
312
308
322
327
325
328
313
299
305
322
317
312
271
280
361
307
307
328
307
324
352
314
309
478
573
465
412
324
343
443
394
376
285
290
322
273
314
313
318
288
303
300
337
307
312
313
310
306
302
307
269
313
298
311
275
280
314
337
279
308
294
311
299
272
320
274
270
314
314
286
319
268
361
399
502
431
516
362
323
279
304
371
323
273
337
273
273
248
238
268
257
300
295
261
261
265
239
247
240
242
269
240
263
267
280
272
265
307
276
255
273
266
284
301
299
307
268
262
247
297
279
272
358
355
323
280
309
345
330
293
316
275
301
299
310
314
314
291
306
329
310
317
322
341
244
250
288
318
290
286
278
277
310
252
249
288
283
287
283
275
256
279
311
306
318
319
313
319
366
391
355
279
292
323
312
298
306
332
337
323
281
352
313
289
295
329
314
305
289
315
328
303
283
305
315
323
307
265
238
331
302
313
305
334
313
308
302
305
303
306
295
331
393
325
332
335
402
382
277
314
316
321
279
267
314
335
300
312
323
306
311
315
319
282
277
303
279
297
297
285
300
315
314
295
293
314
274
310
292
323
271
315
311
286
325
542
516
478
322
289
312
358
320
312
320
240
282
282
253
276
280
268
273
293
269
241
275
297
311
282
286
298
279
322
311
333
277
303
309
334
302
300
305
280
295
300
309
326
298
302
295
421
494
314
278
316
275
319
314
282
253
297
300
262
262
287
283
257
260
293
266
288
305
316
319
365
321
276
278
265
289
276
266
295
278
243
306
245
248
305
252
305
285
267
302
290
261
258
277
279
277
286
256
291
269
314
310
363
308
265
262
316
304
262
259
285
270
271
307
265
322
303
294
294
310
258
307
307
286
304
316
289
296
326
291
292
315
298
289
261
269
