1682
2578
3092
2327
1452
1489
1229
2421
1743
1313
1302
1488
1430
1350
1382
1386
2375
3073
2985
3272
3304
2698
3057
3344
3270
2974
2897
2188
2520
1932
1690
1666
1683
1505
1425
1321
1559
1466
1437
1306
1455
1331
1383
1486
1410
1701
2864
2798
3466
3145
3336
2908
2778
3313
3299
3331
3014
2964
2365
2529
4330
1296
1454
1536
1234
1548
1300
1274
1454
1334
2215
2599
1149
1838
1297
1405
1860
1897
1755
1559
1446
1240
1551
1676
1591
3073
3316
2906
1312
1378
2354
2160
2199
2066
1497
2229
993
1305
1523
1446
1393
1478
1232
1331
1099
1454
1144
1141
1627
1553
1553
1444
1407
1302
1494
1321
1196
2632
2966
3275
3188
3456
3121
3231
3011
3315
2998
2982
2996
3075
3154
2847
3507
1816
1870
1649
1467
1496
1464
1571
1460
1225
1565
1469
1345
1556
1551
1532
1446
1436
1448
1578
1543
1293
1560
1416
1512
1620
1878
2632
2341
1469
1438
1384
1750
1633
1578
1903
3478
3103
3166
2959
1358
1323
1566
1285
1442
1171
1301
1383
1980
1978
2414
2103
1987
1809
2268
1252
1486
1451
1378
1219
1548
1489
1817
1141
2997
3048
3492
2979
1344
1360
3128
3074
3461
1964
2147
3852
3237
2823
3365
3461
2788
2904
3154
2675
2698
2459
2051
1927
1724
1737
1557
1348
1448
1228
1489
1567
1228
1270
1362
1323
1363
1499
1498
1411
1443
1319
1340
1611
1332
1568
1435
1523
1270
1448
1576
1455
1496
1538
1522
1360
1425
1524
1559
3156
3581
3238
3442
5357
2829
2822
3266
3022
2752
2661
3414
2962
2311
1165
1734
1372
1417
1301
1073
1195
1328
1441
1433
1590
1526
1497
1717
1057
1323
1327
1573
1229
1548
1511
1247
1527
1373
1528
1281
1500
1412
1454
1446
1459
1405
1542
1427
1094
1143
1237
1444
1268
1509
1442
1571
1308
1233
1822
2103
1479
1500
1483
1436
1307
2145
1583
1399
2114
1541
1452
1542
1418
1355
1309
1441
1531
1466
1258
1614
1426
1221
1539
1568
1543
1333
1237
1386
1528
1167
1312
1310
1538
1439
1487
1522
1233
1537
2707
2699
3169
2706
3024
1979
1670
3375
2768
2754
2616
2383
2111
2128
2220
1721
1839
1432
1457
1734
1548
1486
1349
1387
1424
1318
1453
1251
1650
2772
3107
3280
3138
2435
1208
1300
1435
1078
1578
1704
1211
1275
1392
1487
1349
1501
1485
1250
1340
1729
1339
2783
3005
2742
2737
2455
1487
1851
1469
1580
1573
1344
1346
1048
1394
1404
1343
1266
1256
1149
1295
1239
1174
1296
1278
1262
1288
1397
1114
1544
1421
1314
1253
1323
1332
1331
1547
1487
1173
1442
1453
1227
1474
1269
1442
1387
1281
1147
1304
1348
1433
1328
1481
1421
1496
1486
1535
1332
1517
1189
1424
1480
1455
1625
1303
1483
1318
1488
1462
1398
1504
1481
1264
1466
1564
1493
1407
1476
1386
1238
1330
1292
1428
1251
1255
1413
1417
1409
1439
1456
1267
1511
1423
1371
1387
1381
1417
1439
2083
2886
3172
2966
3104
3028
3180
2783
3082
3156
2844
2191
1300
1277
1316
1143
1532
1273
1299
1278
1453
1622
1600
1527
1614
1608
1352
964
1162
1321
1433
1446
1472
1472
1458
1362
1769
1328
1095
1246
1456
1475
1408
1435
1423
1306
1473
1275
1201
1536
1415
1533
1482
1409
1379
1485
1256
2130
1634
1397
1482
1364
1366
1411
1355
1424
1291
1411
1300
1363
1338
1319
1223
1268
1423
1333
1399
1524
1519
1497
1139
1444
1422
1242
1475
1263
1372
1551
1405
1787
1858
1464
1447
1438
1240
1251
1571
1448
1407
1456
1337
1503
1420
1303
1320
1467
1445
1393
1310
1255
1494
1152
1236
1401
1235
1319
1446
1468
1304
1287
1325
1246
1532
1374
2037
1981
2098
2186
2045
1809
1966
1833
3366
2708
2974
3301
2100
1793
1590
1592
1564
2388
2616
2217
2364
1916
1974
1512
1502
1108
1340
1257
1250
1512
2456
1727
1314
1222
1510
1357
1454
1312
1478
1965
1583
2020
1321
1124
1280
1513
1734
1676
1190
1563
1877
1766
1706
1053
1352
1157
1334
1455
1184
1374
1294
1234
1263
1208
1360
1523
1451
1495
1400
1317
1461
1409
1499
1855
1563
1557
1637
1317
1307
1243
1390
1131
1239
1451
1258
1528
1360
1394
1301
1203
1287
1447
1300
1253
1469
1469
1437
1492
1239
1259
1332
1231
1297
1119
1173
1465
1377
1449
1576
1588
1317
1416
1453
1247
1439
1322
1528
1371
1492
1283
1465
1402
1212
1487
1266
1495
1381
1369
1457
1346
1520
1261
1282
1531
1348
1325
1468
1570
1250
1521
1512
1280
1320
1526
1627
1539
1638
1239
1498
1262
1369
1426
1399
1489
2305
1586
1609
1656
1626
1252
1279
1314
1454
1542
1332
1408
1243
1410
1697
1015
2098
2644
2775
2216
2099
3151
1402
1639
1632
1386
1517
1423
1483
1316
1416
1422
1324
1008
1112
1419
1421
1240
1183
1327
1179
1187
1334
1091
1223
1161
1438
1325
1072
1198
1323
1287
1321
1303
1203
1352
1275
1294
1563
1342
1618
1485
1262
1429
1357
1523
1468
1447
1365
1405
1274
1421
1604
1573
1545
1536
1300
1220
1416
1441
1413
1407
1386
1319
1464
1468
1426
1097
1344
1273
1481
1454
1228
1502
1375
2537
1014
1104
1378
1608
1450
1241
1420
1462
1478
1418
1386
1507
1391
1491
1330
1428
1471
1421
1527
1215
1291
1466
1412
1459
1381
1298
1252
1453
1483
1474
1446
954
1162
1428
1544
1352
1473
1438
1575
1407
1327
1208
1346
1395
1775
1267
1441
1486
1417
1408
1391
1376
1269
1472
1365
1591
1617
1126
1326
1398
1664
1018
1144
1356
1221
1437
1327
1482
1342
1308
1231
3380
3443
3277
2841
1128
3044
2689
2453
2361
1697
1184
1163
1410
1297
1435
1528
1375
1358
1389
1457
1478
1782
2474
1268
1487
1252
1585
1459
1603
1449
1338
1902
1553
1504
1505
3191
3668
2962
2914
3194
3390
3309
2658
2881
3338
3311
2968
1194
2226
2132
1750
1782
1517
1665
