59
46
40
43
41
38
44
39
43
45
40
41
44
44
46
45
42
45
45
44
44
42
41
41
44
42
38
43
42
43
41
44
44
42
46
45
43
43
45
43
43
43
46
42
42
44
46
46
40
43
46
45
41
41
44
41
42
44
44
46
43
41
45
41
43
43
46
46
41
46
45
43
43
44
42
42
43
43
46
43
43
43
41
44
44
45
39
43
43
42
43
43
43
42
38
41
45
45
47
38
44
42
40
45
40
41
41
39
39
43
41
43
43
43
42
44
44
44
47
46
45
45
40
39
44
39
42
45
42
45
40
44
43
43
44
45
42
43
44
44
44
43
43
43
44
42
40
45
45
43
45
40
45
46
47
45
46
88
80
75
87
71
78
72
121
62
51
58
65
55
47
47
51
47
58
51
40
41
45
42
43
38
43
50
52
40
45
42
41
41
39
39
39
42
39
42
44
38
40
43
39
45
42
43
46
38
45
40
40
40
42
42
40
38
42
39
43
42
41
42
42
38
40
42
39
44
44
43
39
37
41
37
41
38
41
41
43
40
42
42
42
43
43
45
39
39
39
37
41
42
38
38
43
40
43
47
43
44
44
42
39
42
39
43
39
42
39
37
41
42
39
41
42
43
42
41
37
45
44
46
41
41
42
43
39
39
44
41
41
42
38
42
38
38
42
43
45
38
39
40
45
42
42
43
42
40
42
43
38
38
43
38
45
42
40
43
38
43
42
41
39
43
41
42
40
43
39
43
40
43
42
45
45
38
43
41
42
42
38
44
42
42
43
40
39
43
43
43
42
38
43
39
38
41
41
38
43
40
42
40
39
41
39
43
45
41
48
45
44
39
38
41
46
43
41
44
44
43
43
38
39
45
43
44
45
39
43
42
42
42
42
40
40
47
42
40
39
42
45
41
42
45
44
38
43
43
44
42
45
43
99
94
58
43
50
44
40
46
45
48
46
50
49
46
49
44
48
49
48
43
40
41
42
58
48
46
45
45
50
50
49
49
46
41
44
42
39
41
44
40
42
45
43
43
41
45
43
43
46
42
44
43
43
47
41
43
46
40
47
46
42
46
46
43
42
40
43
41
44
44
43
44
45
45
40
40
45
40
42
45
46
43
44
43
44
44
45
43
40
42
43
45
45
48
46
43
41
42
43
46
45
46
45
45
45
43
45
42
46
41
46
46
42
41
45
44
44
48
45
44
46
46
47
45
44
44
44
44
45
41
43
44
43
42
45
41
44
46
45
44
45
45
42
44
42
43
45
41
43
47
42
41
45
45
47
46
47
48
41
45
47
44
41
41
41
45
45
42
44
42
43
40
45
43
45
45
43
47
44
43
45
44
43
43
45
44
44
45
41
46
48
46
45
48
44
47
46
44
45
45
47
45
45
45
42
42
45
44
44
42
46
44
41
46
43
47
45
46
46
47
48
43
45
47
46
42
45
47
47
47
44
44
42
46
42
45
47
47
47
48
46
44
45
42
46
44
47
51
47
50
50
47
44
44
46
45
44
45
44
48
44
40
48
45
41
45
44
44
41
43
41
40
44
41
43
43
44
44
45
46
43
45
45
40
45
44
42
43
43
43
42
44
41
45
49
48
47
42
48
43
44
43
43
47
39
41
43
44
44
45
44
42
46
45
49
44
44
40
47
40
46
44
41
43
44
43
45
47
44
45
44
43
45
41
42
44
47
48
47
44
40
46
44
46
43
42
43
40
41
41
43
41
45
46
46
43
43
49
42
46
44
41
43
44
41
45
44
40
47
40
44
44
40
45
44
45
41
47
43
39
41
41
44
42
44
43
44
44
42
41
44
41
46
45
44
45
40
47
43
45
44
44
43
46
43
43
44
42
46
45
42
46
43
44
46
42
47
46
44
43
44
43
40
45
44
46
42
46
40
43
48
42
46
42
43
43
46
44
47
40
42
44
44
46
43
45
46
45
46
45
45
45
45
44
44
45
48
46
44
43
44
46
44
45
40
44
43
45
44
43
40
41
40
42
43
43
48
43
40
39
41
44
45
41
45
47
46
41
45
45
42
47
42
41
46
47
43
43
45
44
45
44
41
45
40
39
46
40
42
44
40
40
42
46
43
46
47
45
45
44
43
47
46
46
43
43
40
45
44
44
45
43
44
41
42
49
42
45
42
44
45
43
40
45
46
46
40
44
46
42
44
45
40
42
48
47
47
45
44
45
47
46
45
42
45
45
45
40
44
42
45
44
46
42
80
52
47
44
49
58
64
51
48
46
49
50
47
48
49
43
