221
167
172
185
205
191
186
182
194
212
186
174
182
208
201
210
202
192
197
190
196
175
194
177
200
198
187
208
194
180
217
215
263
380
386
407
377
398
224
212
211
189
203
197
201
203
183
220
203
192
204
177
179
201
219
208
209
211
204
215
207
209
202
200
203
194
204
191
205
211
214
207
191
205
208
211
194
217
221
185
208
222
212
186
204
211
196
211
188
206
193
265
198
184
211
205
186
183
207
211
205
205
212
182
205
224
228
184
202
191
185
191
219
209
191
210
189
219
205
187
205
211
201
217
196
213
218
209
210
223
202
205
215
207
201
188
217
200
190
207
199
204
203
201
203
192
211
200
206
214
195
212
191
202
232
904
465
510
464
430
470
443
416
424
449
431
375
199
225
228
219
214
199
214
213
215
220
214
204
221
191
216
209
198
218
196
231
213
199
232
205
235
215
215
210
220
222
196
222
202
223
218
287
252
220
233
235
360
247
256
356
300
197
238
276
298
224
289
321
259
280
222
217
253
301
239
247
212
258
269
255
350
298
230
207
234
289
304
259
247
182
189
210
174
189
187
171
200
193
200
179
184
207
175
197
174
199
194
195
195
176
190
170
198
191
194
198
194
179
214
203
191
201
208
183
183
210
204
180
205
182
200
190
206
203
205
197
208
215
317
364
339
243
215
196
234
225
203
219
213
216
197
228
189
228
199
212
209
209
216
194
195
224
220
212
225
201
189
205
196
203
192
193
222
200
207
217
190
195
229
210
203
211
191
222
189
213
215
221
204
204
231
202
191
213
218
218
232
206
189
191
216
220
220
237
330
391
257
238
224
263
195
198
235
201
190
221
190
210
231
198
195
233
237
223
210
232
220
221
205
208
217
194
196
209
187
192
220
203
198
224
231
213
193
220
210
238
194
211
196
203
192
214
193
192
208
216
259
235
224
197
409
297
234
222
302
341
438
370
370
359
379
366
302
332
385
446
334
215
187
210
244
415
258
227
230
223
220
206
243
208
205
210
214
188
194
215
214
211
185
188
191
213
212
220
205
231
190
224
211
201
210
287
231
217
227
211
227
194
209
268
244
193
216
213
205
218
222
200
216
213
195
197
205
245
350
200
186
185
183
198
190
200
198
192
203
185
196
201
178
217
226
212
224
196
198
195
191
177
194
198
184
207
196
193
204
203
185
182
193
203
198
205
209
199
211
189
203
183
206
184
205
191
186
219
191
214
183
214
226
205
194
214
214
206
214
179
199
198
222
187
202
218
218
201
211
212
178
204
176
218
209
208
217
205
190
185
184
196
214
208
192
212
183
208
214
210
203
212
216
189
196
216
216
221
209
214
185
229
189
227
187
183
191
212
229
185
210
217
212
216
210
185
228
193
191
210
210
208
215
183
214
186
189
201
187
204
215
210
179
206
195
211
203
224
183
206
195
220
207
203
223
227
204
214
212
186
210
223
190
215
193
193
208
222
225
182
214
222
210
188
230
218
217
195
218
210
192
221
212
210
195
207
228
195
209
248
202
180
210
204
185
196
196
209
219
233
190
212
235
218
240
185
234
208
217
228
210
205
188
225
208
212
206
183
218
233
215
222
214
188
196
211
187
216
207
221
187
213
223
208
193
188
217
210
213
228
218
192
215
238
220
220
201
215
209
191
202
202
187
190
196
204
185
202
203
197
212
209
229
180
200
215
202
211
197
213
228
182
219
207
186
231
186
220
207
190
191
205
212
192
186
213
197
216
215
213
199
193
220
210
209
191
181
198
200
186
223
214
207
191
188
187
189
209
213
209
205
222
212
183
203
359
413
394
379
360
367
204
218
209
192
232
208
214
212
207
235
205
211
188
199
199
193
206
227
217
205
211
201
191
233
203
203
217
196
224
215
219
222
211
193
225
221
201
187
218
195
189
206
218
203
200
201
230
202
184
209
184
188
608
419
209
187
208
210
201
202
206
190
207
168
195
209
200
204
193
183
186
168
188
191
176
203
184
192
169
182
184
168
186
188
167
165
194
180
165
198
188
176
201
188
187
199
167
193
175
175
196
192
179
175
187
174
200
174
174
178
213
172
176
208
176
203
182
701
268
199
190
205
175
201
191
189
196
193
172
194
176
199
197
198
175
187
197
208
199
174
197
181
206
195
182
208
209
207
205
204
205
175
188
203
201
201
178
202
203
189
195
190
206
212
200
194
189
188
215
211
199
208
200
219
205
222
193
191
183
213
204
328
365
526
486
467
417
230
243
214
230
286
260
240
245
328
365
273
210
246
260
211
