1287
1470
904
788
851
821
905
855
860
779
777
852
1672
2087
3343
3720
4059
2058
1998
1846
1765
1804
1474
1464
1370
1499
1673
1166
1492
1325
1328
1591
1212
1343
1339
1255
1215
1723
1811
980
891
915
736
867
806
763
770
771
723
809
737
873
597
762
797
705
691
725
874
772
811
845
840
712
846
820
825
813
894
736
659
814
851
761
730
692
743
720
772
747
802
799
776
722
727
768
834
1160
1427
1299
1321
1425
1349
1413
1394
1365
1445
1561
1498
1201
706
870
934
1238
1039
1255
702
635
1133
1315
1135
1204
869
812
830
806
812
816
852
845
1278
3020
2468
1960
1840
1670
1704
2184
894
1979
1956
1876
1787
1831
1665
1888
935
1268
1769
1753
1825
1841
1905
1770
1186
1169
805
1795
1544
1746
1547
1502
1787
1834
1784
869
1069
1206
746
883
1877
1337
1721
969
703
1017
1111
1312
812
832
602
882
1605
1526
1331
1459
1337
1511
1362
844
1739
2438
2218
2396
2243
2046
1748
1181
804
681
707
770
1004
1062
795
1167
1026
1092
987
1128
859
1257
1353
785
692
1036
879
1026
965
944
1022
947
921
1394
1169
1234
1216
931
642
685
736
700
739
772
835
790
848
718
707
821
784
840
706
1780
1958
1169
647
1547
1316
1614
817
1194
1214
1336
1166
765
940
1476
1119
1266
666
667
1099
1089
1086
1004
1053
1023
1144
1215
979
999
714
688
1102
1372
1458
1163
1028
1032
876
905
1032
1089
1134
571
1015
1572
1681
1681
1782
1797
1511
1670
2078
553
988
1594
1937
1568
1849
1540
1682
1775
1816
1811
1698
1631
1552
1713
1647
1801
1494
1589
1705
1498
1511
1663
1910
1526
1835
1672
937
1277
1358
1395
1224
1050
961
1027
934
1062
1063
944
863
768
816
839
857
869
743
720
833
804
707
820
714
726
817
825
805
1195
1167
830
784
795
781
804
839
791
799
697
855
825
779
817
848
910
815
672
716
677
676
705
892
867
789
855
917
1131
658
1057
1696
2243
2762
2765
2649
2296
1830
1068
819
848
839
839
789
810
856
769
691
821
752
705
842
777
814
832
1373
1776
1773
1790
1765
1842
1824
1743
1789
1552
955
884
874
797
689
906
1178
1071
525
1500
3687
4126
3482
915
822
1680
1538
1220
1116
1020
1169
1098
960
999
982
711
1120
1568
1538
1527
1217
1214
1282
1138
1138
972
1016
1588
1116
1136
1093
874
1239
1150
1017
859
965
1024
952
1027
812
1230
541
675
1905
1703
1478
1472
1427
1296
1274
1017
1237
980
842
694
761
710
850
1229
1111
1168
1260
1193
1153
1057
1036
1060
748
763
819
795
702
698
964
762
593
693
789
790
753
841
738
836
912
630
876
935
659
685
800
758
862
865
805
759
722
793
778
787
870
698
1125
654
786
777
861
804
778
844
793
731
732
739
870
801
1173
1202
1089
1107
1399
1435
1096
1169
1065
1234
1216
1297
1189
1189
614
690
773
822
800
987
1335
1324
1281
1397
1395
1443
1306
654
617
624
776
833
852
793
807
783
696
757
783
743
759
793
1250
1289
903
875
1267
711
705
735
854
1037
775
741
825
1047
915
716
767
1638
759
1257
1050
1172
1021
1028
1101
1284
1140
593
1432
1858
1510
1488
1596
1705
1410
716
1692
967
1192
1358
2026
1439
930
729
878
1383
1499
1187
546
518
614
706
680
863
759
870
813
863
799
915
837
740
773
869
683
1471
998
1011
647
750
925
707
1480
1746
963
1692
1425
941
1365
1207
1277
827
1163
1527
1710
1572
1930
1999
1499
1008
730
1280
1880
1466
1786
1670
1697
1443
1733
994
673
1314
1336
1224
1334
1238
1277
1155
1128
1209
1200
954
595
1020
1092
1032
1016
1041
1109
849
712
1234
1074
1164
1224
760
655
905
1199
1215
1079
1184
1216
1256
1165
989
963
1062
737
849
882
864
827
764
940
741
799
796
852
690
698
817
762
701
782
909
675
621
702
707
777
807
822
835
837
704
713
755
803
762
766
820
735
885
1313
1100
776
916
1411
1394
1428
1388
1373
1372
1485
1450
1467
2342
1054
934
1092
868
685
706
721
784
810
816
836
864
819
807
781
914
709
865
864
769
610
783
723
709
715
831
825
801
711
779
822
823
709
840
825
800
1300
676
792
718
786
841
765
645
854
620
820
708
911
720
658
815
734
764
817
679
764
655
760
682
801
642
593
846
665
859
673
732
672
676
724
645
709
809
684
769
762
736
643
705
821
834
857
795
834
836
820
796
851
841
877
719
749
815
877
936
643
669
673
713
700
816
688
587
657
793
740
699
681
685
829
800
888
713
854
1005
997
674
776
843
703
799
728
836
775
742
836
824
843
829
762
709
833
834
759
780
675
719
795
831
860
795
823
814
740
806
808
718
738
975
1201
1087
775
806
845
815
759
876
703
724
723
855
808
818
790
857
1518
1401
1061
759
812
703
726
815
805
799
795
806
702
793
848
726
835
828
719
798
845
821
861
724
881
770
825
787
717
750
750
860
838
969
719
702
702
862
563
831
785
816
864
870
840
829
890
778
832
727
799
775
570
724
730
719
837
801
860
833
838
721
858
795
844
854
707
851
705
826
813
929
