1498
1593
1697
1575
1682
965
675
1997
1653
1713
2064
1727
1703
1621
1067
831
557
1420
1826
1983
1938
1711
2050
1811
756
986
2195
1948
1751
1935
2028
1894
2080
911
1128
1869
1682
1910
1772
1541
1474
1613
972
1327
1689
1740
2016
1718
1952
1745
1336
1390
1802
1832
1756
2076
2089
2052
1701
1830
2130
1953
1950
1854
1835
1681
1884
1916
1974
1641
1625
1588
1307
1034
1507
710
1335
1834
1937
1792
1691
1904
1818
1563
1952
1784
1572
1737
1990
1870
1582
1437
1963
1551
1787
1414
1382
1065
1123
1258
2259
1074
673
822
937
1285
796
766
782
642
750
700
844
844
826
1296
906
686
650
907
883
1100
731
1552
1210
973
687
897
738
866
759
921
864
816
868
769
868
788
852
852
700
605
752
771
845
1045
1526
1867
1595
1941
1904
1053
1569
1228
1000
1134
2096
1907
1764
1755
1435
1926
1062
1037
633
1192
1176
1311
1269
1226
1031
947
1083
1193
713
1402
2689
2128
1944
1965
1953
2013
1818
1073
1334
649
824
1864
1747
1560
1533
1661
1674
933
1241
1338
1182
1272
935
891
871
854
949
956
847
867
852
790
844
1260
1242
794
1641
859
958
724
734
844
656
808
1005
1274
1183
1209
893
1251
1056
942
1138
1075
721
702
838
775
733
827
885
835
751
786
889
757
1077
1160
1585
1246
901
1270
1253
1268
778
692
739
788
812
1031
1173
1130
788
822
856
932
911
744
750
857
778
870
804
793
816
1304
829
891
1206
746
1030
773
775
904
705
836
745
1108
979
1083
1053
1106
934
1092
1073
1392
1210
1101
693
743
733
818
1438
940
1404
1004
1236
2360
2510
2221
1841
1980
2029
1221
744
1305
1432
1388
1174
1193
1317
1150
1179
902
1040
983
1170
617
660
683
770
721
733
843
796
794
774
730
856
783
823
866
857
835
798
779
739
631
733
798
849
863
742
852
894
876
937
875
758
858
819
860
926
587
643
772
862
856
853
856
846
779
762
902
840
781
779
844
775
793
891
594
903
931
788
685
625
810
879
945
868
880
740
734
727
924
934
841
886
2007
1416
1977
2029
1685
1905
1878
1644
3370
752
1821
1791
1931
1907
1455
900
762
722
716
843
1280
1881
1762
1909
2038
1919
1970
1892
2142
1568
1605
1794
1555
1327
1255
1297
1251
1281
1032
837
1061
862
829
1008
1277
1202
1381
809
1162
847
1114
1237
870
850
1154
611
935
868
989
819
949
917
959
959
824
859
1085
1323
943
621
691
690
792
840
887
774
860
831
801
871
783
844
847
860
848
1042
783
723
1934
1742
1961
1773
1658
1968
1739
706
695
965
1160
931
1126
1143
1164
850
1015
1020
906
897
825
1952
710
651
669
711
705
670
861
619
817
726
805
660
760
813
672
857
774
811
756
714
594
1616
2051
1052
1752
1963
1895
1733
1265
1008
684
658
1449
1076
1461
1621
1672
1661
1329
1402
1436
1110
731
657
641
695
826
865
872
820
567
604
836
887
849
819
763
791
889
685
692
600
757
760
733
784
839
742
848
832
741
831
816
800
834
890
795
683
676
887
832
826
883
854
739
856
844
806
899
803
754
778
779
867
707
669
835
902
742
884
805
784
826
787
681
787
841
820
790
842
849
937
772
720
693
818
602
845
755
773
718
870
849
740
932
933
858
756
572
932
3204
2417
1909
1888
1740
1657
1994
1976
806
870
954
731
1083
1075
662
660
1273
2024
1811
1962
1797
1725
1071
737
677
1719
1869
1742
1977
1947
1813
767
917
650
831
1467
1455
1356
1043
1006
1066
1122
996
1019
934
1239
734
603
1536
1917
2255
2152
2163
2110
1465
1670
2003
1935
1802
1936
1956
1894
1421
1207
751
1974
1002
1681
1658
1808
1192
1590
3473
2851
1988
2018
2151
3196
3834
2048
2170
1964
1998
2025
2073
1927
1079
1337
1316
1359
1371
981
1155
921
671
846
854
805
765
715
922
918
870
879
844
844
839
909
874
715
705
615
761
840
884
795
763
838
747
852
761
834
896
836
832
835
764
627
832
750
782
834
783
818
776
837
732
841
725
751
817
773
872
738
920
706
704
905
860
876
791
761
864
824
890
837
860
880
759
882
832
822
881
759
854
870
824
721
770
801
830
1100
778
761
767
1304
1030
1730
1563
1805
1729
829
671
798
808
745
769
708
993
804
893
806
837
850
931
923
793
929
942
847
763
966
677
653
741
771
736
725
885
854
761
803
747
745
851
947
884
886
877
877
849
731
850
793
848
790
928
865
960
850
836
851
886
846
849
781
1024
655
629
574
764
837
719
807
828
737
895
864
944
835
857
882
882
863
767
824
743
882
754
866
861
773
840
737
838
856
865
853
755
855
739
737
893
907
1498
3297
2039
1513
1977
2059
1980
3185
2965
1756
1502
1826
2206
1714
1422
2052
2242
1033
1911
2249
1956
1472
847
673
1375
2095
1677
1898
1721
1846
1962
1014
1601
2047
1298
1579
2072
1694
1611
1443
2040
2135
1822
1832
2010
2091
1817
1650
1093
962
1087
834
828
794
873
787
875
1427
1668
1514
1790
1601
1521
1312
653
1199
883
1909
1837
1967
1837
1649
1579
777
643
812
1486
1746
1971
1830
1952
2211
717
621
1408
1935
1992
1776
1812
1859
1946
