59
60
50
53
49
50
48
45
50
49
51
47
47
48
52
50
51
52
53
50
49
51
46
47
48
51
46
46
49
56
51
50
49
50
47
49
52
50
53
47
49
51
51
50
52
52
50
49
54
51
49
51
49
47
47
52
50
52
49
50
52
50
46
51
52
49
55
49
54
48
51
50
50
47
49
49
47
54
52
47
49
47
48
49
49
48
49
47
58
47
51
51
48
51
55
49
54
50
48
51
44
52
46
52
50
50
51
52
48
48
50
49
46
50
50
48
52
47
53
49
49
47
51
48
48
51
50
47
46
49
46
45
47
54
49
50
51
48
51
52
51
53
54
55
49
50
49
53
48
50
53
63
98
99
100
99
95
104
98
98
92
105
96
97
94
88
101
92
93
102
105
102
107
69
49
48
51
52
53
52
50
52
50
49
47
52
54
53
52
51
48
53
52
51
48
51
54
46
52
52
52
49
48
49
53
53
53
56
48
54
47
56
48
55
48
48
53
54
55
54
50
54
51
51
54
52
53
48
48
54
56
51
54
52
53
53
54
54
56
53
53
53
55
53
47
50
55
47
49
52
53
54
53
49
55
53
47
51
48
56
50
51
56
52
50
57
54
51
51
51
52
54
56
53
55
56
55
53
50
54
52
51
53
54
54
52
49
51
52
48
53
53
49
48
52
51
52
48
48
50
56
55
47
55
51
54
49
49
52
52
51
52
52
48
51
56
53
55
51
54
49
52
52
54
56
56
53
56
53
53
56
55
48
56
55
51
49
51
52
50
56
51
51
56
60
57
50
53
57
56
57
49
51
57
54
55
55
122
59
53
58
62
56
56
51
48
50
50
55
51
49
55
50
51
49
54
53
52
51
51
48
50
53
59
50
55
53
48
52
48
47
57
53
52
57
54
56
53
54
55
52
55
56
61
49
48
53
47
53
51
53
56
58
55
52
49
49
49
52
53
51
52
53
52
52
54
52
55
51
52
54
54
58
54
55
57
51
55
50
57
53
55
59
49
52
52
53
52
53
52
51
53
48
54
51
52
58
56
53
55
51
52
54
56
53
50
48
52
56
50
53
52
49
49
54
53
56
53
53
49
55
57
55
56
57
55
50
53
49
54
53
51
50
52
53
52
53
47
47
53
49
55
54
55
54
53
54
48
51
54
53
52
52
55
53
47
53
49
54
52
51
57
56
55
54
48
50
52
52
55
53
54
51
51
49
55
49
47
49
55
55
55
49
53
55
56
52
53
48
49
51
55
50
55
55
58
60
55
54
51
53
51
57
54
53
54
50
51
52
55
55
48
57
48
55
60
58
62
59
59
62
51
48
63
60
57
56
52
51
55
52
49
60
57
58
56
52
58
56
47
60
52
48
47
53
53
50
56
49
48
57
55
64
53
48
54
49
53
50
54
50
54
55
52
53
52
51
50
55
58
56
50
50
50
53
55
52
51
54
56
57
54
51
48
52
50
53
52
49
49
55
56
51
55
55
53
51
50
60
56
53
56
50
52
56
55
53
53
53
55
47
51
58
51
57
48
53
48
59
54
55
55
56
50
47
53
52
50
49
56
53
51
55
53
54
53
57
52
55
56
55
56
53
58
56
55
56
52
58
56
55
55
50
58
49
55
54
49
55
55
56
53
51
55
52
52
56
56
49
50
50
53
50
54
52
52
56
57
47
54
49
55
50
49
54
55
55
51
51
52
50
54
50
52
55
50
48
50
49
54
49
55
52
50
54
53
56
55
53
54
55
47
55
53
56
49
54
57
52
48
53
49
50
56
52
53
54
55
51
49
53
54
56
57
119
105
89
89
93
51
47
58
57
57
52
54
49
59
58
57
60
61
58
50
48
54
55
58
52
60
79
96
61
60
70
56
55
53
62
60
56
60
53
57
53
62
70
65
74
60
58
66
72
59
72
92
67
72
60
75
59
60
55
61
78
60
57
66
68
59
55
60
61
99
59
98
82
105
61
56
115
101
71
62
65
74
58
52
54
54
45
75
52
52
93
96
97
85
67
74
60
76
105
74
66
85
62
101
111
120
96
95
78
52
55
86
66
68
66
61
71
59
56
58
61
59
55
54
59
54
55
53
59
57
58
59
53
55
51
52
56
57
56
59
55
52
57
56
55
57
57
57
60
60
56
56
57
51
60
58
58
56
56
53
58
54
60
61
52
60
57
58
58
57
60
58
56
53
54
54
59
54
49
49
51
48
46
45
48
51
50
49
50
45
46
44
45
48
45
48
49
50
50
64
49
49
49
48
53
46
