172
153
152
159
136
149
142
161
142
142
152
156
149
143
152
145
158
156
160
154
156
157
152
182
166
166
161
147
164
165
170
160
144
145
183
146
159
164
199
199
165
170
148
158
148
152
168
163
162
180
151
145
145
163
168
144
171
147
173
158
155
168
169
169
157
171
167
173
156
155
146
175
169
164
167
179
177
147
150
178
173
172
167
166
158
174
180
175
166
182
163
174
177
163
152
164
156
175
169
156
170
160
168
165
156
151
173
147
167
177
161
162
168
166
168
171
161
161
168
346
302
184
199
184
171
150
169
156
167
152
172
164
162
168
153
174
172
170
170
171
168
152
170
166
162
185
165
181
171
174
157
167
174
170
168
174
176
174
175
171
178
162
206
183
175
184
174
175
169
162
164
177
179
176
174
157
165
170
168
154
159
165
177
177
165
169
173
175
162
163
163
215
160
162
168
191
179
172
156
162
191
150
165
161
174
171
172
165
173
165
172
165
165
148
176
167
174
165
170
167
151
150
167
166
163
150
148
157
157
178
178
154
192
184
151
157
162
150
168
178
154
168
179
176
154
170
155
152
152
161
176
166
179
157
165
168
176
172
165
150
152
173
174
169
163
152
170
154
188
166
150
183
158
181
167
165
164
164
235
168
181
171
163
181
173
181
179
184
155
150
149
180
165
179
183
177
175
184
165
186
149
165
172
182
179
154
153
151
175
162
182
187
153
180
171
172
171
168
177
174
171
156
181
172
170
150
171
155
177
169
166
153
167
173
160
174
178
156
163
185
152
158
166
176
168
170
164
174
161
152
185
168
170
176
179
168
189
154
190
176
198
163
172
179
176
178
178
179
187
195
181
175
160
193
178
158
184
193
176
159
182
192
154
170
165
159
155
172
173
152
173
170
176
167
151
169
156
175
185
163
150
171
164
172
167
181
173
153
182
170
153
177
175
160
148
151
158
165
169
148
175
166
168
171
170
154
168
176
171
174
157
239
171
154
167
178
151
162
191
165
174
176
171
178
161
176
175
160
169
181
169
180
177
174
170
174
150
174
152
166
170
179
153
173
163
172
168
166
154
154
171
151
174
169
181
175
186
173
165
166
171
151
160
162
156
170
164
165
155
150
158
180
149
151
168
175
163
168
169
181
171
180
164
186
175
169
181
181
152
214
190
175
171
181
172
167
168
190
161
158
158
197
173
181
156
169
166
153
171
169
166
159
175
170
176
169
146
163
148
154
169
174
168
180
174
152
169
158
176
187
165
185
176
164
155
175
177
158
152
152
171
157
167
158
154
186
181
156
160
157
172
178
157
162
175
159
155
153
176
173
160
150
174
169
171
153
209
165
153
169
166
178
171
158
182
154
165
173
188
177
164
158
168
169
160
146
164
169
173
172
154
170
160
160
174
161
168
167
184
182
180
166
158
173
162
178
168
158
163
173
172
150
183
177
181
173
156
164
158
171
172
166
184
169
157
159
161
167
175
170
174
148
170
158
169
164
178
154
152
153
186
168
203
162
160
170
156
167
170
169
164
169
174
166
170
169
179
171
182
185
173
188
166
188
176
154
175
169
166
163
163
173
173
155
157
171
177
170
179
184
148
178
165
161
166
153
171
171
172
168
158
177
173
174
172
160
174
180
172
172
162
156
158
170
180
158
172
172
161
170
179
172
162
180
173
159
152
184
171
163
163
162
180
183
159
180
156
149
174
165
154
158
175
173
176
149
153
167
166
179
164
171
174
161
175
185
170
150
161
175
190
166
173
176
171
167
147
169
172
183
171
169
182
165
182
180
149
168
158
176
170
168
165
169
152
157
180
177
175
155
185
152
166
182
161
168
171
159
174
169
169
174
153
150
190
156
167
160
180
184
185
188
173
167
180
188
176
224
187
232
214
168
189
183
235
260
313
272
223
603
447
395
372
347
212
226
208
242
153
177
260
232
176
181
157
179
160
164
177
152
168
181
157
170
158
188
166
152
151
150
192
148
173
186
176
174
180
168
154
157
176
164
175
174
160
182
173
148
169
151
172
172
173
155
159
170
191
172
160
172
178
186
155
176
178
176
171
165
185
173
161
182
203
351
251
208
159
168
174
224
184
162
177
165
161
152
144
157
169
162
153
159
147
162
154
152
144
152
148
141
136
135
137
143
160
144
143
154
148
137
156
162
138
148
147
161
148
154
151
156
151
139
148
155
150
143
135
137
152
146
156
152
166
156
157
152
154
158
164
150
154
153
158
151
155
154
145
167
155
152
145
150
154
160
143
157
159
189
194
273
