2232
2302
2395
1650
1044
2874
1945
2355
2836
2099
2954
3052
2510
2288
2370
2673
2619
2658
2214
2112
2312
1846
2851
2559
2705
2729
2397
2727
2822
2329
2727
2487
1831
2141
2659
2161
2595
2559
2412
2565
2287
2381
2428
2004
2412
2290
2597
2306
2228
1942
1817
2373
2098
1046
1253
1152
1023
1191
960
1151
1097
1172
1236
1211
991
1201
1253
1159
1249
1166
1197
1039
1244
1084
1556
1934
3372
2105
2309
1506
2169
1556
1379
1010
1160
1060
1629
1419
1842
1358
1538
1391
1523
1572
1366
1242
1086
1262
1589
857
1241
1117
1218
1078
1204
1143
1175
1152
1177
1213
1081
1116
1028
1000
1230
1030
1005
1194
1296
1183
1300
1260
1276
1189
863
1160
1059
1134
1198
1180
1191
1186
1193
1193
1274
1115
1199
1058
1154
1105
1222
1169
1012
1170
1246
1065
1187
1174
1210
1074
1259
1203
1145
1223
1196
1236
1247
1261
1143
1199
1072
945
1176
1077
1159
1163
1089
1204
1171
1204
1010
1163
1953
4021
1839
2825
2561
2254
963
2107
2504
1655
1821
1913
1461
1148
1493
1510
1525
1354
1085
2911
2587
2748
1432
2289
2828
2588
2338
2612
2084
2671
2606
2678
2281
2873
3976
3376
3236
2419
3919
1828
2605
3408
2823
2840
2199
2516
2282
4629
2776
2394
2546
2526
1235
1774
2691
2884
2436
2220
3117
3254
1744
1638
1489
1230
1157
1331
1377
1199
1085
1004
1163
1132
1181
1211
1148
1088
1081
1160
1224
1043
1150
1052
1071
1066
1156
1037
1147
1137
1057
1191
1239
1399
891
1297
1067
1157
1162
1018
1278
1095
1203
1105
1189
2124
3042
1554
1771
2680
2342
1921
1993
1180
1196
1176
1279
1174
1268
1008
1211
1239
1050
1206
1104
1268
1222
1088
1017
1248
1293
1105
1194
1727
2421
1794
2358
2814
2663
2447
2411
2197
2329
2544
2570
2252
2277
1271
1271
1085
1364
1555
1151
1367
2123
1633
1175
1145
1041
1812
3119
2838
1406
1931
1791
1570
1599
1518
1662
2005
2834
2843
2677
2311
2667
1850
3697
2692
2840
2722
2474
1609
1345
1594
1749
1504
1786
1599
1163
1355
1601
1026
1117
2394
2684
2772
2750
1917
2026
2340
2372
2697
2512
3977
3165
2380
1704
1870
1803
1476
1464
1432
1372
1071
1245
1144
1181
1033
1105
1017
1176
2685
2363
2810
2093
1450
2611
2465
2453
2252
2702
2823
2522
833
2130
1992
1393
1637
1417
1421
1229
1189
1197
895
1244
1004
1174
1037
1052
1044
946
1198
1072
1168
1071
3764
3809
1389
1512
1430
1231
1690
3882
2786
2368
907
1000
1427
1479
1089
1220
1231
1038
1221
1054
1109
1083
1031
849
984
1199
1040
1073
1016
1190
1169
1197
1174
1243
1196
962
884
1020
1175
1162
1077
1211
1309
1195
1203
1195
1205
1196
2370
2743
2640
2629
2591
3777
4720
2753
2709
2877
2316
2740
2507
2552
2033
1985
1818
1465
1544
1258
1204
1014
1180
1009
1257
1153
1490
1681
1147
979
879
1256
1145
1077
1287
892
1188
1166
1219
909
1247
1146
1163
1047
1141
1032
999
1276
1033
1171
995
1095
1252
1222
1000
1218
1024
1249
1197
1234
980
1039
1002
1262
853
1216
1053
1052
1024
1125
1073
1268
1088
1021
1241
1031
1181
922
1241
1067
1262
1129
1223
1294
1257
1073
1206
1275
1088
1063
1654
1415
1170
1355
1594
2472
3240
3073
2353
1714
1189
1192
984
1026
1689
1677
2258
2166
1854
2006
1550
1387
1105
1110
1039
1249
1161
1162
1025
1260
1243
1040
1161
1240
1258
1260
1173
1176
1083
1192
1176
1121
1212
1181
1179
1104
3099
1347
1182
1208
2449
1781
2014
2031
1302
2228
2705
2263
2218
2178
2259
2278
1638
2691
2333
2514
2504
2668
2284
2143
2162
1885
1691
1498
1153
1147
1196
1056
1140
1177
1334
1184
1166
1254
1302
3882
3211
3366
3938
4029
3352
2809
2552
2055
1725
2538
2588
2069
2239
1832
1439
1049
1048
1004
1011
1117
1196
1098
1168
1023
927
996
1283
2436
2066
1628
1235
1183
1435
1484
1561
1164
1112
1137
1231
1290
1130
1065
1042
996
2030
849
925
2524
2459
2712
2451
2346
2702
2828
2616
2560
2702
2222
1881
2590
2263
2761
2593
2397
2515
2138
1982
1648
1486
1326
1367
1371
1168
1272
1078
1155
1201
1154
1257
1141
1060
1067
1077
1438
2821
2256
1429
1396
1378
1540
2341
2268
2561
2458
2416
2721
2766
2578
2563
2768
2608
2223
2627
2664
2542
1992
2117
2189
1829
1014
1550
1486
1307
1323
1185
1173
1160
1185
1246
1266
1795
1840
1107
1194
1250
1234
1164
1032
1144
1243
1283
1880
1247
1339
1258
1987
3551
2772
2557
2309
2283
3450
2956
2737
2729
2658
2620
4128
2477
2822
2608
2026
2579
2566
2391
2634
2081
2307
2202
1726
1818
1743
1341
1217
1305
1210
1240
1111
1282
1018
1236
1178
1038
1190
1079
1258
1089
1073
1206
1023
1118
1224
1167
1126
1044
1010
1216
1179
1126
1181
1106
1163
1137
1060
2318
2152
2562
2501
2711
2623
2758
2736
2534
2235
2243
2648
2492
2293
2477
2367
2338
1628
1589
1516
1734
1484
1262
1351
1304
1194
1215
1609
2501
2328
1839
2530
1115
999
1125
1238
1019
1169
1632
2517
2429
2128
2608
1590
1027
1230
1364
1470
4885
2778
1771
1392
1211
1055
1203
1200
1220
918
1196
1259
1077
1188
1029
1174
1017
1010
1192
1567
3704
2357
2550
2661
2710
2705
991
1038
2345
2269
2800
2684
2378
3188
2895
1196
1734
1793
1223
1255
2667
2337
2287
2816
2325
2811
2534
1444
1568
957
1338
1535
1465
1375
1195
1438
1421
1267
1307
1210
1186
1255
1016
1189
1129
1207
1264
1195
1081
1156
1071
885
1111
1014
1224
1203
1160
1204
1214
1200
1236
877
1178
1075
1076
1147
1226
1014
1065
1144
1022
1221
1135
1324
1047
1131
1181
1310
1154
1004
1133
1187
996
1103
1165
1057
1174
1139
1121
