109
92
103
99
97
105
96
97
102
98
92
93
92
89
88
100
96
98
105
98
88
101
103
98
104
103
89
86
86
89
84
83
91
81
82
79
88
80
80
81
86
89
88
84
87
92
88
80
78
82
85
86
85
84
86
90
79
86
91
78
87
86
87
84
87
90
90
89
92
85
79
87
89
80
84
93
79
89
89
87
82
82
160
194
178
154
99
99
86
87
90
91
89
94
94
85
89
89
87
87
86
83
86
83
87
93
81
91
84
80
78
89
95
90
87
82
89
82
83
82
90
83
91
89
79
83
88
86
89
84
85
89
101
91
89
88
91
86
78
87
96
90
84
94
88
85
81
88
84
87
86
91
91
92
91
93
95
91
92
94
90
88
92
88
84
88
81
93
91
83
86
85
83
89
100
92
92
85
86
85
86
89
90
86
89
88
85
83
92
85
95
95
89
83
90
80
92
88
94
86
88
96
90
100
86
95
94
90
90
90
95
96
92
89
86
92
178
117
106
94
103
96
89
116
100
93
83
98
94
96
95
93
97
91
83
94
92
82
100
97
100
99
91
103
105
94
83
95
98
102
97
83
102
98
100
98
87
91
99
95
92
93
97
94
88
90
93
97
94
93
93
91
91
96
91
90
93
87
92
96
90
89
93
89
100
92
93
89
94
93
88
92
88
94
93
94
90
94
100
95
100
92
93
87
98
100
91
90
95
99
94
98
91
94
101
92
92
106
102
87
93
99
100
86
89
97
97
102
90
101
101
95
99
101
87
105
96
96
95
100
97
95
96
127
148
96
85
100
95
94
101
88
94
96
87
91
90
103
96
91
87
92
84
91
89
104
93
100
88
99
103
93
90
104
100
100
93
87
93
90
99
88
91
90
89
93
90
90
88
96
95
92
99
95
100
99
92
93
95
94
90
93
92
100
98
102
92
91
98
96
93
85
98
96
94
98
93
95
92
92
84
98
98
91
91
97
92
89
92
84
92
93
87
97
95
93
95
100
93
87
98
100
92
97
99
86
91
87
97
95
97
93
93
99
102
102
91
90
93
102
93
97
95
95
91
95
95
89
102
98
96
91
149
178
97
100
111
104
103
100
103
98
93
99
105
91
102
96
89
90
90
87
87
92
82
94
97
94
85
91
96
96
85
89
87
89
93
95
93
101
95
90
90
84
88
93
84
94
92
97
97
97
87
92
93
85
91
93
90
100
96
89
99
88
93
87
89
86
95
100
87
100
99
91
87
84
85
95
94
89
96
101
85
94
86
96
100
94
95
96
93
94
91
94
92
98
94
89
93
93
94
96
100
92
93
93
90
84
84
88
99
86
93
97
91
84
96
98
95
92
88
100
92
92
97
89
101
92
92
94
92
97
88
153
157
107
100
87
96
96
100
86
94
96
98
88
93
92
90
92
97
97
95
85
98
95
95
95
99
85
97
96
85
88
93
95
94
102
102
102
96
97
94
105
94
98
98
99
93
101
95
90
94
93
98
94
101
93
89
86
103
89
100
98
97
95
101
92
101
85
96
98
101
98
97
92
94
96
85
89
92
87
84
94
96
89
90
102
98
95
90
100
85
93
98
92
94
99
97
96
100
85
102
101
95
96
91
100
91
88
97
94
87
96
96
105
88
97
95
96
86
84
98
94
91
87
85
93
99
96
96
129
107
99
91
100
107
83
100
88
98
94
91
97
85
92
83
103
84
96
87
86
91
87
102
90
96
92
90
103
89
97
83
92
91
85
93
89
97
94
103
89
94
89
91
97
95
93
95
90
104
96
86
99
100
98
101
99
88
94
88
85
95
95
92
88
97
89
98
88
95
85
84
91
93
95
96
95
96
101
96
84
86
93
100
93
84
91
87
98
100
94
88
99
94
97
83
93
83
98
99
97
94
94
98
95
95
100
89
93
94
88
94
106
92
95
95
85
98
100
98
99
97
103
99
104
94
96
97
97
98
118
105
95
95
87
91
97
85
100
95
95
98
93
89
91
89
100
95
86
94
98
96
84
89
91
100
87
84
98
95
96
101
97
98
101
99
95
91
97
88
87
85
94
91
97
88
87
97
96
95
90
94
94
99
84
103
88
96
87
88
87
96
100
91
92
98
84
97
89
98
93
92
92
101
95
89
100
92
88
88
100
91
95
96
85
83
94
95
95
100
96
87
97
84
92
93
87
88
88
103
97
84
94
90
90
99
96
90
90
95
92
88
89
96
85
94
100
91
92
94
95
95
94
91
85
97
88
94
99
87
177
187
182
193
211
192
229
198
197
