82
52
52
53
52
56
51
56
51
57
49
48
52
55
53
49
49
53
48
55
47
53
50
48
53
53
56
49
53
49
49
53
54
50
47
54
56
48
49
47
47
52
51
48
54
54
51
53
49
49
51
55
54
49
57
51
51
52
56
54
51
53
52
51
58
47
56
54
54
54
46
54
48
53
52
52
49
56
49
51
51
48
51
60
54
47
54
51
51
51
50
54
58
53
52
51
54
51
48
52
51
53
46
50
56
56
52
52
54
47
50
48
53
55
56
56
54
51
53
53
47
48
55
56
50
51
47
50
51
52
54
52
48
56
56
58
51
49
55
49
55
52
55
58
54
56
54
54
48
49
48
53
58
55
49
47
49
48
56
55
54
49
52
56
54
50
54
56
51
53
59
55
54
55
52
54
55
56
52
51
49
53
51
51
52
52
50
48
53
54
58
53
56
54
52
53
54
50
50
53
53
61
50
48
48
52
52
50
52
50
48
48
59
55
59
52
54
55
51
86
59
58
51
53
52
56
54
50
54
55
55
54
57
53
53
49
51
48
52
50
58
60
57
57
56
57
52
55
55
58
53
53
54
57
58
56
54
51
55
51
51
59
54
57
59
55
54
56
59
51
57
53
56
49
55
53
54
55
58
49
59
55
53
57
54
52
58
49
49
49
51
59
54
57
58
56
56
53
48
55
61
50
50
52
55
50
54
57
54
52
53
54
51
56
50
50
55
56
54
58
54
51
52
53
55
48
54
56
58
54
54
52
54
55
55
56
53
59
56
57
56
57
51
55
55
57
55
53
49
57
55
57
55
55
54
57
52
56
59
58
55
55
51
57
57
54
54
54
54
54
55
50
49
61
51
56
52
56
51
62
55
53
52
53
54
56
56
50
59
57
55
57
53
59
55
57
55
53
57
51
56
52
50
55
53
56
53
51
51
54
56
51
56
55
54
55
50
54
60
53
55
52
52
56
56
56
55
54
52
54
55
58
94
257
103
113
123
127
127
122
119
132
117
119
129
117
120
89
87
97
60
62
56
62
57
60
52
88
57
71
89
130
111
117
111
138
109
132
77
63
69
60
95
61
84
112
78
86
100
65
134
92
56
70
65
60
68
67
83
55
59
67
70
57
62
78
92
58
59
56
62
64
59
60
64
107
113
113
68
77
60
66
69
60
63
59
97
69
72
55
60
65
62
58
74
76
101
64
59
62
61
73
61
54
62
58
66
57
64
56
65
57
59
55
60
59
61
60
65
56
55
62
64
60
54
61
62
58
57
54
61
59
62
57
58
62
62
57
56
62
61
57
62
60
59
59
60
58
59
64
63
58
62
57
58
65
58
54
61
54
64
61
56
58
60
60
59
60
62
64
61
58
58
61
53
52
50
50
48
51
47
47
52
46
53
54
56
48
55
53
54
49
53
50
53
51
53
55
50
50
53
51
55
51
47
56
51
49
50
47
53
48
50
48
53
49
50
51
54
48
52
50
54
51
54
52
52
52
54
52
51
47
52
47
49
51
48
48
52
51
51
49
50
50
50
52
59
51
51
54
53
52
48
46
47
51
56
52
52
51
52
58
65
183
73
63
58
60
58
59
73
69
66
63
57
58
68
86
58
54
53
52
66
59
49
52
54
52
49
54
51
49
50
54
53
52
51
54
59
49
53
46
53
51
52
56
49
55
54
50
47
48
48
54
48
51
48
50
50
54
50
55
53
57
47
50
54
46
51
49
53
50
52
50
50
49
46
54
54
50
53
49
53
52
55
52
56
49
55
52
52
50
48
52
49
52
53
51
54
51
52
52
57
50
52
52
53
55
48
47
49
56
54
56
53
51
54
47
52
50
54
55
58
53
54
57
51
53
57
48
54
55
50
54
53
50
47
48
52
55
53
56
47
51
52
53
50
47
53
47
51
53
53
48
51
50
51
52
51
52
53
53
52
52
55
52
51
50
48
49
50
54
49
53
49
47
50
55
56
59
56
59
48
50
56
55
56
56
55
51
50
51
50
57
55
56
50
53
53
51
54
61
50
52
49
51
60
61
50
56
53
55
57
52
50
54
49
51
54
59
63
57
76
118
64
55
56
74
73
59
83
73
69
77
88
58
61
62
55
57
65
57
57
76
54
57
56
50
52
56
50
55
61
52
58
63
54
51
56
59
59
57
57
51
50
53
56
52
70
54
55
54
65
49
55
55
56
58
50
58
54
56
55
57
55
54
55
54
50
52
53
50
53
51
53
52
54
59
53
56
52
55
58
50
56
55
59
58
52
59
