196
183
181
189
160
177
170
194
186
170
186
181
196
157
202
198
204
209
190
212
182
192
188
222
216
190
158
172
169
186
170
173
164
169
187
159
180
157
161
222
202
162
190
176
163
154
154
159
187
179
167
184
195
189
170
164
162
184
185
190
163
163
193
188
186
178
204
171
200
195
165
185
207
171
205
198
197
198
190
186
189
189
193
208
195
181
194
191
168
173
184
184
187
189
182
194
191
194
188
192
168
207
190
186
188
188
166
170
166
199
205
186
187
187
190
185
177
195
180
185
197
193
183
178
186
193
211
195
192
201
176
184
196
178
191
202
210
187
210
190
202
195
205
230
221
194
174
191
189
197
209
201
191
184
196
172
188
209
175
194
196
203
217
211
183
182
192
183
207
195
176
203
193
205
207
194
204
186
182
230
170
179
189
200
197
183
189
199
181
181
171
186
188
193
179
169
191
188
181
205
173
207
175
202
196
180
188
180
191
199
180
197
180
190
193
188
191
177
182
188
173
206
189
215
192
180
189
220
191
194
203
170
203
209
188
195
194
201
190
179
190
189
199
199
200
198
303
204
204
200
192
190
240
184
180
197
277
280
295
221
218
202
281
310
381
410
432
372
258
211
209
265
206
213
264
298
211
275
308
326
368
228
392
353
347
383
346
203
196
216
207
188
196
192
199
217
212
194
221
196
202
198
199
183
184
161
195
181
174
157
181
171
179
180
185
168
188
182
203
209
217
204
215
191
217
181
299
360
341
177
206
205
212
208
194
211
193
186
204
219
216
231
180
214
184
210
200
194
203
210
208
211
186
208
203
214
204
214
208
177
214
204
193
203
197
200
189
204
179
181
200
199
206
206
207
199
204
202
206
216
199
199
196
198
205
200
208
199
192
207
300
227
243
214
215
198
207
218
207
211
219
208
187
210
208
217
202
191
183
212
214
209
183
200
195
201
210
210
202
202
210
228
189
212
210
228
198
186
210
183
190
208
204
204
204
217
212
200
181
213
177
200
187
200
206
201
204
176
211
201
211
179
219
265
200
205
197
179
190
229
199
210
184
198
185
207
228
207
199
215
183
191
197
196
177
200
204
183
169
167
173
175
170
156
194
161
181
181
182
190
194
168
204
190
203
212
212
196
199
177
203
196
207
204
200
202
177
191
157
181
199
191
184
209
198
179
194
210
184
341
181
191
202
188
176
188
185
179
173
201
211
222
200
183
183
196
188
167
186
157
170
191
157
174
170
170
177
186
159
171
173
176
177
159
180
199
160
167
194
177
168
164
182
185
203
161
178
165
200
196
176
191
203
175
190
184
194
185
206
182
187
194
201
176
170
192
189
184
183
191
182
184
207
203
167
209
167
195
188
185
204
169
204
192
250
199
186
225
200
208
194
204
178
213
186
179
191
198
202
210
206
188
200
181
184
195
171
193
191
196
200
205
211
181
197
188
216
192
179
173
191
194
194
194
213
209
171
189
204
172
196
186
190
190
194
187
196
198
211
211
201
187
214
212
191
196
191
190
206
211
200
209
206
195
216
311
210
206
193
205
205
189
200
188
181
200
207
222
182
224
209
192
192
200
201
192
201
180
206
206
193
191
188
194
192
186
199
202
194
199
203
191
193
200
195
183
211
189
190
200
190
172
192
190
193
194
178
201
175
192
205
194
199
217
198
197
204
185
202
185
383
224
191
183
192
202
182
197
215
196
193
190
194
192
206
200
193
196
171
195
200
182
189
207
178
195
205
192
203
197
197
197
178
199
182
206
226
189
189
201
177
202
186
213
198
196
191
195
197
201
179
183
200
174
185
228
200
181
195
213
198
193
179
195
192
185
260
196
175
177
176
192
192
200
182
203
175
171
196
201
171
200
183
201
188
194
200
200
193
174
185
182
203
207
200
197
187
189
180
192
177
192
196
196
200
181
182
200
206
207
209
193
198
208
178
205
211
211
212
202
185
182
196
184
190
176
205
204
214
195
198
169
206
225
185
179
191
198
184
180
196
179
176
208
201
201
205
205
198
217
177
213
201
196
187
191
181
202
184
189
179
199
186
179
199
200
211
201
212
198
185
178
200
175
210
207
172
191
171
169
199
195
207
190
209
205
211
185
216
214
196
186
189
206
197
197
204
195
204
257
203
218
207
184
224
209
190
198
204
184
204
215
190
198
202
193
191
204
220
184
219
177
194
170
194
186
189
197
193
180
197
176
209
184
201
213
194
198
178
177
202
176
172
195
205
184
206
196
179
204
195
199
207
203
206
203
198
177
200
203
