1027
1183
1784
986
1765
2020
1906
1675
1413
1726
1573
1470
1121
1262
1198
1127
1162
1216
1009
1141
1155
1009
1041
1210
1320
1584
1370
1580
1142
1833
3815
2675
1893
1804
2006
2020
1311
993
1178
1185
1113
962
1133
1023
954
982
1191
1092
1090
2085
1175
1626
1970
1635
1639
1694
1555
1582
1277
982
1128
1108
987
1115
982
1064
984
1152
1146
1088
1028
1374
1683
1094
1011
1202
1213
1150
987
1170
1111
1105
970
1160
1117
1138
1043
1201
1130
1029
1054
1138
1165
1078
1046
1064
1276
845
1048
886
1121
1045
1071
1193
1184
1095
1142
1027
1073
1680
2146
2262
2719
2842
2501
2835
753
1472
1238
1351
1831
2582
2613
1785
832
1929
2244
2703
2366
2623
2309
1819
1804
2091
1909
1795
1477
1458
1369
1151
1181
1088
1085
1159
1136
1210
1153
1055
1067
1166
1206
835
776
1085
1134
962
1136
1026
999
1171
1115
1115
954
1152
1146
941
1074
1061
1200
1251
1060
1142
1056
1233
1158
1253
1008
1085
1197
1015
1145
1172
1217
1073
1023
1061
852
1113
1073
1112
1169
1122
1020
1101
1035
1052
1098
1164
2452
2369
2656
2552
2507
2346
2569
2580
2481
2466
2550
2526
2306
2142
2090
1595
1460
1417
1839
2550
1732
1586
2752
2566
2547
2779
2450
1689
2333
2410
2430
2236
3343
4060
4145
2695
2458
2658
2703
3987
4418
4709
2842
1424
1521
893
1173
1211
1191
1143
1014
1225
954
1127
951
1105
987
1133
1119
1101
1072
1141
969
1205
1164
1067
959
1164
1000
1183
1117
1072
1057
984
1042
1129
1144
1024
1063
1155
1016
1120
1132
1178
1114
1156
1551
3625
1833
1179
1467
1314
1117
1029
956
984
1035
996
1150
1125
1009
1060
1168
1427
777
1017
927
1104
1109
1171
1470
1314
1738
1820
1230
974
850
995
992
1009
1119
774
988
943
1077
1023
1097
905
963
824
2837
2312
2262
2604
2278
2205
2573
2604
2789
2509
2554
1969
2120
2322
1840
1921
2236
2481
1775
1872
2447
2207
2558
2190
2347
1605
2135
983
1448
1421
1269
1299
1044
1151
1034
1175
1031
1153
952
1144
1134
1260
965
1192
1164
1275
1222
963
1234
988
1058
950
1120
1206
1007
1131
1115
1205
1174
1162
1048
1068
994
1237
1213
1355
858
939
1088
984
1110
970
1122
1033
1047
1086
1037
990
1210
1111
1174
1076
1007
996
1190
1033
1046
951
1014
1057
1024
1124
1087
1116
1080
1139
1184
1193
1140
992
2987
1283
2187
1107
1083
1208
2174
1499
2692
2241
2345
2521
2360
1305
1755
1803
2062
1300
1494
1561
1220
1293
1383
2632
2361
2517
2332
2551
2237
2363
2674
2598
2762
2074
2398
2055
1580
1640
1580
1287
1365
1202
1896
2715
2527
2565
2214
2536
1527
1733
1417
2346
2678
2488
2535
2114
2618
2049
2569
2467
2298
1474
2413
2048
2140
1822
1556
1521
1481
1488
1211
1026
1079
960
1036
1110
1069
1083
1062
965
1182
1011
2394
2606
2132
2187
2177
2476
1975
2357
2496
2336
2561
2835
2466
2608
2580
1985
1747
2143
3708
3267
2944
3279
2753
2557
2572
2439
2678
2494
2184
2462
2574
2804
3211
1541
1134
1596
1664
1499
1259
1013
1285
1246
2148
1038
1133
1057
1025
1104
970
1104
1151
1169
953
1014
1741
928
1160
1984
2197
2686
2201
2629
1684
1330
1883
2343
2244
2232
2290
2404
950
2580
2749
2560
2639
2099
2631
2253
2545
2500
2676
2197
2514
2457
2544
2423
2193
2449
2329
2421
2482
2395
2403
2153
2902
1312
1693
1094
1148
1159
995
920
984
961
1027
1043
1014
988
974
1148
1044
963
1150
971
1061
1056
944
1144
1282
1176
2348
1581
1278
2433
963
936
926
1033
1229
1027
1014
1195
1181
1005
1134
1077
1140
774
1023
1091
925
982
1074
1133
1151
988
1134
1054
937
816
1411
1501
1684
1803
2143
1731
1759
1181
945
941
1100
1487
1068
1237
1147
1022
1154
979
1011
1084
884
843
876
1067
1002
1099
981
1125
1024
1110
1005
1055
1172
1006
2031
3631
3590
2402
1440
1777
1032
2056
2044
2093
2423
2507
2546
1530
1707
1864
1828
1391
1423
1505
1278
1291
2845
2161
2391
2589
2590
2727
2644
2606
2616
2337
2241
2604
2471
2115
1822
2231
1858
1629
1817
1313
1203
1216
1263
1118
1078
1152
1020
1003
1199
979
1158
1200
970
1123
962
1127
967
977
949
1110
986
1035
1119
1097
2999
1493
2065
3237
1312
1059
1010
1161
1067
1188
1149
2113
2525
2207
1333
2360
2354
2769
2349
2442
1392
1892
1656
1162
1183
1171
1316
1042
1011
1109
967
952
822
1057
988
1107
1035
1120
1141
1177
1105
953
1103
1114
1129
766
1107
1198
1170
1099
1125
1205
900
957
1127
1102
1019
1122
1211
1123
1028
1116
1182
1109
979
1143
1142
1188
1160
1111
1026
1953
2275
1385
1099
1020
1056
1138
1044
1121
1173
1288
1131
1114
1002
1161
1105
1114
1145
1139
1150
1155
1156
1157
1082
778
1126
1155
1052
1114
973
1122
978
1090
1169
1090
1004
1579
3006
2646
2347
2505
2437
1183
977
1675
1730
1699
958
864
910
918
843
990
1118
1148
881
1204
1138
1221
1113
1367
1265
1030
1127
982
1124
1094
1035
831
960
1046
1137
1037
996
1175
1045
1071
1204
974
1132
1147
990
1714
1339
1277
1607
1028
1491
950
903
1055
1227
1559
2224
2446
2612
2780
2161
1432
1813
1681
1658
1461
1549
1621
2073
2587
2155
2277
2485
3001
4798
2916
2798
2593
2968
4500
3292
1941
1407
1734
1642
1631
1021
1142
962
1227
1235
968
1112
1156
1019
1107
1058
1014
1005
1121
982
1102
1129
993
1017
1032
1125
1212
1102
1225
1087
1054
1208
1080
1145
1136
1203
1014
956
1126
1111
1301
1021
1102
1104
1082
987
1120
1081
1116
1142
1025
