237
208
211
225
212
207
210
201
217
207
219
205
196
217
214
275
245
225
223
197
203
242
216
227
217
230
197
234
227
211
234
224
220
201
236
208
213
236
232
248
244
235
231
209
224
201
228
228
211
235
253
239
201
208
228
235
247
231
209
212
207
240
245
235
216
233
245
225
238
240
237
237
244
234
230
236
233
240
236
254
249
207
240
219
214
212
232
204
242
211
246
230
245
464
224
242
247
262
227
237
259
620
274
246
272
256
248
284
250
262
257
299
246
228
224
221
222
209
224
222
228
237
190
226
215
205
210
219
196
214
212
201
194
208
203
212
190
209
186
218
206
219
216
220
196
198
220
227
314
251
256
224
206
221
223
197
201
238
224
227
234
200
204
231
222
241
245
212
224
203
218
223
224
223
227
230
240
222
229
202
210
244
221
230
235
232
232
228
205
237
236
236
213
212
241
226
232
205
247
240
217
241
236
226
213
231
251
210
271
244
257
231
255
237
238
206
228
238
233
218
230
211
210
234
244
231
240
251
248
224
234
235
241
216
257
232
241
217
232
237
237
226
244
206
221
208
249
244
243
212
243
233
247
208
230
214
227
238
230
226
210
241
253
255
265
246
255
236
220
238
255
218
238
251
244
242
227
256
255
218
259
248
212
247
222
246
222
234
241
248
244
221
224
256
239
240
235
262
215
254
233
249
228
236
236
233
240
239
247
210
228
226
253
215
239
242
254
214
217
254
243
247
268
238
239
215
242
223
255
264
244
254
237
244
223
224
259
249
226
246
249
250
216
263
228
214
212
222
226
253
216
222
226
263
243
230
242
218
207
231
211
209
243
260
258
238
217
240
213
216
253
239
253
211
244
205
244
239
215
235
223
223
251
216
234
237
216
247
241
213
235
215
215
240
239
221
243
256
237
247
241
237
259
228
251
235
216
222
248
227
231
239
216
232
239
236
246
237
240
247
252
242
230
223
236
247
249
238
242
223
247
235
274
242
241
224
243
235
245
260
238
239
222
352
397
258
293
286
276
241
296
264
245
246
248
279
240
258
238
229
263
219
330
320
310
267
246
214
252
246
230
245
226
262
230
216
269
254
260
232
246
226
249
244
257
247
247
232
187
220
194
212
197
195
198
217
214
204
193
211
204
223
224
202
205
215
233
220
270
236
373
226
292
238
242
217
199
206
223
245
235
210
229
248
211
209
214
228
202
231
240
243
215
243
220
220
216
229
213
232
227
247
216
237
248
245
235
234
234
260
230
245
234
227
242
216
237
250
233
235
235
208
239
238
242
470
251
289
233
234
234
208
237
228
241
224
208
206
211
200
193
219
197
216
212
228
235
216
234
190
218
229
227
217
226
213
217
228
200
214
215
213
199
223
216
194
243
191
212
211
223
207
224
222
198
226
223
226
215
223
213
208
220
209
221
406
251
268
251
220
243
248
254
258
252
252
215
219
217
217
222
223
215
216
231
215
203
222
214
220
222
226
192
211
210
225
213
207
237
223
224
229
220
217
236
232
244
243
240
198
206
223
231
223
230
223
215
234
206
234
254
223
236
361
232
206
205
262
229
262
218
216
235
240
245
201
229
248
216
234
251
247
232
236
242
222
247
220
237
218
211
253
233
247
252
242
218
259
243
280
246
231
252
263
249
226
214
245
271
258
251
240
250
258
228
250
251
233
663
245
248
253
213
257
274
255
240
373
417
390
400
248
249
230
270
267
229
248
208
232
203
218
196
186
213
214
224
229
209
215
213
216
219
217
208
193
211
218
219
197
215
224
195
223
227
194
203
218
229
194
201
204
220
238
206
243
214
236
235
230
235
221
221
230
251
201
365
220
201
222
195
223
217
234
231
199
230
197
223
189
205
214
215
214
220
207
222
195
213
209
214
206
215
214
213
210
218
215
215
220
219
243
194
214
216
220
218
222
209
221
200
233
226
203
223
221
206
207
216
230
199
226
230
234
227
227
277
236
215
213
219
242
201
225
224
228
229
227
223
229
225
209
254
212
222
237
212
236
225
251
225
234
249
237
231
215
209
220
213
248
233
247
237
242
231
236
245
219
235
235
244
230
228
238
223
254
239
214
254
229
218
238
230
232
315
223
207
238
234
233
246
237
250
247
232
247
248
222
251
239
239
248
211
242
248
216
229
219
239
238
269
217
231
249
233
248
256
210
237
239
249
226
248
252
236
246
242
250
229
234
230
235
236
245
245
226
213
244
240
303
221
221
214
245
242
238
258
235
230
244
215
252
211
211
210
262
215
221
245
236
