1672
1917
1880
3546
1821
1482
3958
2400
1702
2287
2978
2774
4088
2517
1686
1756
1754
1936
3390
2888
3954
4198
2312
4239
3789
3357
1483
1681
2160
1905
1498
1644
1780
1471
2025
1623
3140
4232
4135
4566
3636
3619
3250
2748
2159
2149
2233
2046
1536
1824
1664
1219
1107
1636
1772
1690
1487
1455
1649
1707
2453
2588
1811
1723
1707
1455
1591
2145
1924
1475
1731
1452
1789
1794
1750
1876
1438
1698
1790
1489
1707
1465
1780
1728
1595
1382
1512
1453
1724
1774
1660
1582
1715
1612
1906
1391
1743
1146
1694
1728
1492
1454
1916
5387
5552
1868
4543
4324
4196
3538
4709
3861
1392
2478
2439
2081
1491
1697
1780
1977
2870
4083
3924
3279
1952
2206
3882
1595
3240
3057
4033
4351
3390
2451
3212
4093
4025
3200
3853
3288
3686
3673
3255
2658
2006
2178
2082
1608
1425
1695
1960
1216
1787
1702
1492
1682
1990
1737
1715
1685
1681
1426
1474
1657
1687
1514
1677
1489
1575
1675
1766
1510
1712
1509
1525
1704
1746
1500
1706
1519
1762
1642
1748
1420
1917
1804
2155
2314
3236
2000
3340
1519
1938
1847
1961
1567
1729
1775
1731
1802
1581
1743
1943
2300
2973
3407
3250
3867
6258
4116
3967
2810
3924
3827
3892
2603
2195
2176
1879
1903
1868
1810
1710
1604
1659
1780
1659
1795
1568
1715
1629
1397
1803
1533
1577
1732
1700
1464
1758
1632
1423
1711
1545
1449
1272
1872
1443
1713
1675
1539
1540
1871
1427
1468
1518
1654
1677
1641
1544
1438
1524
1642
1487
1634
1687
1633
1668
1649
1435
1772
1735
1614
1816
1601
1676
1569
1384
1475
1577
1510
1673
1591
1769
1832
1726
1569
1759
2022
3902
1480
2051
4179
3939
3780
1139
3422
3668
3629
3331
2436
3491
4163
3854
3251
2490
2773
2185
2623
2668
1734
3644
3444
3793
3719
3768
3482
3858
1558
2866
2454
1343
1842
1505
1486
1776
1753
1507
1692
2203
4321
3819
3830
3929
4096
2431
4036
3901
3920
3315
2417
2567
2182
1978
1700
1943
1858
1556
1737
1709
1810
1512
1485
1698
1446
1721
1824
1443
1565
1766
1548
1648
1650
1428
1604
2545
4210
1921
1668
1507
1534
1707
1464
1778
4177
4213
3621
2826
2479
2692
1169
3599
3310
4092
3229
3585
3965
3549
4396
3319
4005
3483
5223
5061
3217
3171
3059
2471
1500
1715
1729
1568
1784
2927
3543
3389
4196
4063
3768
3438
4064
6202
4379
3190
2903
2358
2178
2010
1956
1958
1678
1456
1695
1482
1576
1630
1561
1566
1442
1833
2532
2339
1852
2354
1723
1870
2186
2794
1503
2324
3522
1634
1543
1883
1584
1609
1563
1877
2980
2599
3108
3139
1861
2049
2509
2963
2805
1799
1498
1775
1662
1440
1679
1766
1237
1270
1468
1329
1228
1595
1530
1519
1830
1305
1522
1540
1473
1563
1696
1753
1535
1547
2463
2186
2033
2843
2731
2798
5354
4135
3195
3678
3824
3740
2845
2752
2658
2019
1619
1530
1701
1535
1702
1623
4145
4264
3942
2955
2892
3024
1918
2271
2509
3099
4179
3487
3923
1861
2076
3090
4866
1914
1497
2495
2326
1814
1900
1613
1511
1743
1365
1480
1746
1730
1902
1699
1583
1633
2158
1505
2073
1520
1356
1756
1709
1700
1701
1739
1759
1784
1913
1557
1995
1549
1639
1822
1677
1649
1744
1767
1478
1542
1780
1645
1601
1469
1750
1571
1631
1747
1553
1806
1458
1475
1657
1507
1666
1644
1641
3728
3296
4009
4144
3290
3083
3364
3952
2384
3335
3088
2984
2391
1929
1979
1838
1840
1710
1767
1650
1829
1294
1565
1512
1719
1599
1749
1439
1561
1970
1378
1526
1636
1647
2096
1994
1731
2045
1848
1610
1858
1942
2304
1556
1569
1876
1689
1467
2350
1956
1814
2346
1531
1801
1469
1563
2147
2037
4350
2032
1664
2269
1642
1415
1359
1800
2370
1586
1476
1641
1561
1767
1455
2090
1492
2382
2535
1975
1979
2386
2703
1851
2060
1565
1260
1251
1468
1539
1598
1394
1474
1696
1891
1386
2455
1368
1593
1480
1844
2127
1576
2129
1315
1600
1566
1682
1846
1648
2257
1841
1486
1338
1236
1332
1464
2497
2851
3402
2918
3493
2263
2778
2442
1902
1669
1497
1674
1694
1485
1603
1876
1873
2015
1435
1660
1413
1769
1515
1549
1542
1708
1627
1757
1406
1788
1790
1844
1936
2406
2082
1785
1497
1811
4631
1838
3484
3362
3165
3066
2560
2194
2547
1221
2070
2098
2167
2300
1892
2159
1503
2517
3277
3625
4026
4053
4182
3425
4659
3906
4149
3490
2792
2888
3376
2927
2620
3076
2037
1939
2712
1554
1448
1731
1499
1885
1852
1878
1885
1682
1728
1729
2126
2347
2247
3821
3418
5301
6559
3870
1715
1915
2194
1736
2099
1702
1921
1779
1197
1312
1475
1596
1459
1277
1718
1494
1716
1774
1648
1763
1709
1604
2168
1584
3329
3759
3171
2825
1575
1591
1763
1950
2230
2045
1752
1925
1380
1508
1731
1493
1819
1702
1499
1837
1422
1514
1684
1912
1468
1461
1821
1802
1699
1565
1930
1835
1698
1610
1726
1582
1475
1657
1456
1457
1826
1707
1735
1641
1522
1549
1576
1480
1697
1340
1536
1682
1549
1639
1744
1670
1638
2528
1703
1441
1882
1750
1738
1670
1661
1854
1797
1764
1574
1725
1785
1653
1815
1655
1416
1577
1731
1637
1686
1635
1683
1724
1748
1756
1693
1712
1811
1755
1643
1637
1717
1557
1478
1786
1449
1278
1721
1486
1535
1458
1735
1447
1657
1571
1813
1755
1737
1804
1791
1612
1591
2089
1743
2162
2294
3163
3599
3978
2015
1169
2303
2564
2251
2295
2060
1880
3740
3501
3232
3156
3616
3897
3768
3783
2674
2899
2377
2049
1710
1820
1648
1446
1691
1698
1538
1565
1721
1558
1558
1677
1826
1818
1706
1498
1701
1698
1667
1736
1292
1621
1664
1758
1713
1768
1646
1692
1466
1367
1643
1709
1753
1862
1805
1792
1711
1591
1288
1685
1611
1444
1508
1543
1647
1454
2032
4641
1717
1760
1832
