6340
6296
6387
4016
2741
3008
2650
2396
3016
3809
3553
3598
2220
1873
4149
4631
2726
1824
2132
2069
1870
1348
1696
3389
3771
3984
3961
4111
3742
3331
3825
3970
3369
3837
3626
3886
3665
3532
2231
3214
4056
3789
2455
3570
3790
3676
3710
3214
2599
2349
2058
2052
1578
1764
1461
1770
1707
1742
1469
1445
1669
1611
1707
1427
1659
1422
1544
1402
1565
1690
2493
1974
1761
1592
1515
1506
1620
1740
1671
1656
1734
1807
1802
1811
1410
1435
1665
1283
1554
1766
1679
1755
1755
1653
1455
1815
1408
1630
1894
3618
1918
2981
1522
1395
1611
1453
1479
1738
1763
1847
1497
1643
1538
1543
1443
1578
1605
1549
1322
1608
1740
1503
1516
1537
1618
1549
1705
1488
1579
1427
1635
1481
1649
1736
1398
1408
1510
1345
1347
1467
1647
1628
1496
1500
1859
1456
1647
1604
1390
1667
1792
1329
1663
1602
1677
1657
1351
1484
1613
1662
1783
1581
1433
1616
1685
1492
1709
1615
1624
1701
1565
1642
1728
1711
1363
1661
1648
1416
1610
1716
1603
1760
1480
1273
1513
1641
1265
1493
1673
1631
1651
1677
1701
1528
1416
1416
1452
1532
1891
1804
1736
3232
3555
3489
3299
3649
3231
3685
3232
4900
3789
1908
2345
2180
1539
1862
1711
1898
2094
1607
2000
2663
3970
3590
3933
3105
3583
3712
3713
4049
3854
3918
3417
3170
3132
2780
2256
2239
2096
3407
3415
3401
3978
3287
3773
3195
3269
2615
1923
3156
2262
2070
2426
1360
1357
1649
1747
1293
1681
1694
1775
1479
1518
1564
1713
1435
1256
1245
1414
1620
1576
1551
1448
1755
1426
1545
1212
1505
1710
1610
1470
1370
1421
1476
1382
1560
1313
1568
1682
1752
1380
2914
3175
2919
1907
1852
1903
3717
4128
2484
3462
3226
3900
3870
1642
3179
3799
4107
2002
2662
2622
2530
2502
2035
2077
1806
1434
1602
1608
1502
1620
1664
1698
1735
1631
1643
1530
1646
1682
1478
1498
1702
1512
1580
1654
1587
1421
1664
1646
1602
1534
2852
3288
3281
3332
3741
2409
3180
3280
3231
3267
3455
3522
3794
3715
3334
3827
3782
3357
3797
3190
3225
2980
1496
1891
1828
1489
1782
1496
1500
1678
3951
3198
3792
4534
4513
3335
3148
1089
3437
3766
3642
4020
3618
2846
2491
2055
2904
2474
1576
1764
1819
1461
1541
1413
1697
1715
1750
1667
1573
1364
1680
1622
1484
4584
4475
3316
4150
2680
2391
2504
1222
1546
1510
1596
1914
1461
1442
1615
1483
1520
1757
1608
1434
1571
1444
1739
1773
1620
1691
1817
1636
1517
1611
1702
1425
1577
1359
1722
1704
1794
1736
1460
1691
3224
3794
3142
3250
3885
3882
3217
2984
3257
3067
3220
3118
1920
1505
3203
3724
1526
1658
1733
1616
1684
1681
1428
1579
2234
1300
3375
3810
4022
2945
3841
3467
3024
2819
2357
2049
2149
2076
1624
1664
1636
1628
1560
1783
1641
1634
1554
1526
1578
1401
1643
1619
1780
1307
1461
1702
1782
1793
1636
1610
2483
1615
1627
1709
1729
1532
1449
1705
1702
1471
1528
1661
1631
1439
1672
1515
1421
1761
1433
1655
1769
1706
1715
1609
1534
1440
2124
2464
1638
1488
1776
1387
1421
1602
1519
1298
1765
1699
1438
1795
1439
1596
1663
2090
1536
2592
3442
2955
3683
2700
2706
3412
2782
2499
2683
2308
2587
2368
2099
1777
1630
3878
3829
3303
1589
2768
2784
2417
2287
1939
1322
1268
1592
1278
1385
1334
1433
1478
1425
1901
3779
3790
3788
3980
3844
4290
3000
3824
3622
2859
2739
2531
2395
2409
1415
1526
1510
1799
1583
1748
1657
1564
1522
1653
1400
1435
1675
1661
1476
1474
1560
1823
1331
1415
1440
1302
1606
1435
1631
1547
2184
2132
2402
2257
2418
2310
2076
1675
1710
1436
1446
1578
1773
1517
1421
1502
1570
1356
1886
2361
1823
2255
1652
1618
2146
2044
1897
1892
1509
1658
1541
2671
2418
2450
1925
1749
1717
1517
1520
1606
1765
2898
1460
1523
1499
1427
1546
1775
1578
1526
1396
1670
1667
1648
1683
1197
1555
1502
1467
1716
1654
1520
1612
1448
1646
1698
1668
1318
1508
1611
1496
1831
1745
1582
1301
1517
1514
1337
1653
1529
1427
1839
3188
3008
2925
1949
2166
1517
1420
1490
1525
1421
1700
1698
1690
1460
1408
1370
1639
1458
1719
1660
1321
1667
1724
1724
1334
1555
1483
1601
1644
1519
1674
1651
1485
1504
1771
1478
1661
1506
1461
1758
1663
1734
1648
1642
1653
1515
1634
1476
1700
1597
2065
1956
1696
1400
1811
1482
1389
1446
1424
1555
1507
1668
1438
1651
1576
1532
1630
1497
1788
1444
2411
3493
2943
3082
2810
2133
3589
4426
4441
3746
2964
3040
5468
6492
6970
3443
3928
4307
3613
3539
4072
3927
4064
3714
3576
3846
2427
2516
2228
2180
1760
1663
1738
1859
1641
1626
1543
1484
1866
1788
1449
1728
1439
1762
1700
1659
1676
1699
2787
3540
3616
3519
2101
2966
3230
3714
3616
3549
3158
2739
2667
2201
3627
3692
3611
3538
3148
3732
4775
2359
1935
3664
3416
3847
2678
3066
3018
3039
2653
2210
1904
1621
1781
1706
1633
1716
1572
1602
1499
1701
1853
1808
1886
1833
1764
5616
4507
3824
4087
3168
3082
3744
4897
3237
3478
2720
2544
2262
1894
1756
1740
1707
1496
1759
1550
1496
1746
1541
1391
1731
1625
1745
1598
1662
1717
1605
1473
1617
1756
1739
1401
1694
1642
1736
1685
1462
1635
1666
1392
1739
1633
1518
1732
1690
1427
1487
1707
1748
1750
1441
1514
2016
3159
5226
3356
3538
4092
3324
2877
3968
3823
2698
3222
3934
3740
4571
5451
3749
3839
3158
3413
2726
2680
2200
1936
1731
1741
1427
1680
1642
1443
1646
1452
1571
1705
1728
1348
1677
1676
1498
1631
1745
1373
1357
1640
1493
1551
1429
1715
1656
1494
1438
1235
1559
1690
1722
1632
1757
1636
1646
1695
1718
1676
1749
1732
1663
1779
1673
1912
2807
1681
1603
1586
1631
