1706
3106
2501
1449
1894
1540
1096
1291
1300
1460
1677
1287
1286
1299
1306
1487
1164
1163
1413
1323
1993
1325
1343
1247
1564
1369
1319
1305
1139
1292
1428
1148
2975
3434
3010
2555
2682
2544
2305
2561
1989
2105
2135
1431
1870
1663
1413
1092
1339
1212
1125
1180
1425
1321
1129
1240
1910
2829
1761
2495
2003
935
1448
1575
2891
3612
3162
3069
3062
2030
1511
1983
1218
1886
2289
2106
1902
1239
1618
1173
1274
1260
1291
1338
1287
1207
1224
1307
1717
2516
3723
3248
4430
3781
1052
2048
1936
1896
1725
1418
1548
1790
1641
1929
3157
3070
3022
2237
2245
2268
2942
1978
1930
1457
1918
1264
1071
1241
1178
1438
1153
1198
1360
1126
1440
1223
2797
1221
1313
1339
1165
1405
1335
1157
1391
1294
1463
1499
2543
3150
3069
2995
2261
1651
3059
3207
2543
2978
2632
1033
1484
1610
1607
1372
1448
1242
1230
1270
1512
1439
1207
1405
1297
1322
1434
1373
1431
1347
3111
1536
1111
2431
3186
3275
2784
4783
1096
2821
2536
1530
2009
2140
1111
1325
1141
1339
1278
1229
1338
3105
3128
2551
3190
2687
1677
2599
3076
2182
2700
3860
5212
3000
3122
2686
1965
4682
1667
2531
4605
2815
2221
2355
1736
1241
1327
1125
1308
1248
1319
1345
1414
1584
1856
2038
2187
2303
2279
2207
2169
1730
1130
1193
1261
1327
1371
1244
1151
1157
1213
1350
1167
2071
1094
1041
1251
1323
1248
1314
1144
1311
1387
2194
1623
3151
1635
1439
1728
1565
1383
1584
1585
1876
1379
1154
1414
1405
1990
3568
2928
2701
2122
3349
2377
1823
3023
2583
2797
2121
1769
2159
2309
2143
2086
2135
2253
2015
2074
2222
2277
2088
2346
2057
2162
1218
2786
5128
5195
5325
3343
2439
3317
3005
1792
2961
2801
3476
3153
2890
2366
1284
2824
2312
2577
3152
2369
1639
1753
1771
1723
1319
1500
1350
1120
1338
1830
1290
3444
3035
2471
2294
3244
5611
5174
4973
4491
3346
2930
2523
1961
1964
2207
2292
2133
1366
1045
1231
1228
1296
1264
1375
1249
1229
1052
1318
1334
1027
1298
1233
1092
1244
1192
1374
1361
1038
1075
1194
1541
1829
2037
2314
2231
2459
2229
2091
2150
2380
1915
2241
2254
2433
2091
2236
1932
2081
2078
2231
2056
2125
2186
2327
2692
1465
1179
1330
2436
5271
4910
5367
5654
2844
5141
4956
4400
4269
4272
3768
2367
1093
1352
1523
1364
1356
1113
1358
1220
1230
1259
1477
1196
1069
1105
1128
1375
1255
1370
1118
1129
1256
1334
1281
1311
3068
3239
2205
2699
1455
1876
2915
2635
2632
2074
2452
2243
1580
1355
1291
1522
1473
1285
1136
1269
2194
1954
2193
1983
2266
2208
2352
3515
1560
1622
1479
1121
1192
1339
1427
1586
1318
1335
1209
1331
1363
1263
1288
1165
1193
1361
1442
1350
1340
1321
1321
1333
1341
1338
1270
1434
1260
1354
1448
1456
2059
3178
1423
3259
2877
3483
3110
1898
1172
976
3089
3030
3136
2326
1004
3026
2818
1826
3139
2364
2816
2748
2708
2332
2047
2036
2029
1951
1489
1376
1278
1204
1318
1320
1179
1279
1233
1159
1191
1387
1325
1408
1309
1298
1322
1395
1135
1286
1297
2552
2817
2802
2707
2603
3125
3129
3098
2643
2334
2487
2415
2985
2584
2437
1639
2760
2966
2554
2814
3278
3147
2954
2973
3000
4620
4285
2059
2533
2241
1410
2349
2742
2655
3097
3118
5772
3092
1895
1344
3127
3334
2911
2304
2625
3175
3045
3094
2922
1622
2429
2354
2459
1948
1977
1447
2798
2715
2601
3140
3216
2969
2563
2998
3059
2813
3402
2969
2550
2506
2587
2823
1927
2632
2530
2682
3117
1903
2938
2977
2882
2511
3116
2584
2917
2888
2874
2697
3124
2688
2549
2674
2399
2996
3295
3060
3130
2865
2983
2806
2724
2865
2374
3863
2656
2104
2580
4656
4344
2811
2453
2619
2532
2076
2442
1731
1664
1833
1675
1457
1293
1320
1290
1307
1320
1605
1739
2144
2136
2209
2363
2392
1147
1274
1204
1262
1377
1387
1354
1324
1131
1355
1312
1396
1332
1417
1175
1377
1244
1167
1319
1324
1385
1388
1297
1430
1246
2382
2895
2524
2967
2923
2899
2982
3120
2747
2673
2699
2669
2372
2025
2281
1670
1652
1828
1453
1394
1329
1305
1292
1207
1373
1303
1296
1370
1363
1032
1112
1307
1101
1286
1349
1251
1075
1347
1313
1156
1424
1194
1281
1365
1264
1223
1293
1059
1295
1298
1144
1344
1365
1327
1125
1283
1491
1209
1550
1725
1481
2402
1298
1764
3468
3491
1413
2066
2549
2441
2931
3096
2288
2474
1981
1366
1028
1217
1333
1112
1154
1180
1151
1270
1272
1445
1304
1362
1338
1127
1345
1206
1319
1126
1330
1268
1295
1251
2685
4371
2978
2701
3061
2627
3069
2722
3287
3707
4771
3039
3046
3296
3091
2760
2933
2938
2966
3072
2396
3241
2831
2830
3009
3032
3065
2989
3326
3023
2830
2690
3160
2900
3296
2795
2778
3121
2847
3044
2256
2291
2253
2147
2395
1743
1895
2254
1893
1131
2278
3157
2870
3052
3173
2968
4073
4049
3418
3097
2773
2086
2609
2602
2673
2859
2756
2718
2834
2790
1746
1957
1726
1556
1545
1491
1999
1576
1623
1029
1402
1156
1311
1351
1357
1223
1505
1284
1429
1361
1137
1394
1413
1416
1225
1298
1494
1847
1522
1287
1341
1278
1304
1336
1200
1183
1302
1398
1158
1215
1324
1195
1265
1344
1221
1266
1233
1169
1205
1012
1342
1219
1377
1254
1246
1412
1247
1408
1305
1522
949
2835
2760
3153
2752
2629
2993
2853
3037
2728
3126
1782
2706
3058
2694
3177
1032
1835
4220
2018
1435
4378
4289
3064
4428
2837
2777
2243
2386
1958
2978
2896
2371
2254
2614
3282
3046
3196
3292
3184
2818
2802
1167
1339
1432
1209
1370
1290
1208
998
1137
1226
1288
1290
1255
1323
1290
1264
1313
1249
1415
2886
2692
2948
2919
3020
3113
2886
2870
2883
2128
1598
1789
1783
1672
