24
20
21
22
18
16
18
17
17
17
17
19
17
18
18
17
17
18
17
17
17
17
18
17
18
17
18
16
18
20
18
18
17
18
18
18
17
18
17
17
18
19
18
18
17
18
18
17
17
17
17
17
17
18
17
16
17
17
18
18
17
17
19
17
16
17
17
17
17
17
18
17
17
17
17
17
17
16
16
17
17
17
17
20
17
17
18
18
18
18
18
16
18
16
17
17
17
18
17
17
18
17
16
18
17
19
17
16
17
18
18
18
18
18
18
18
17
17
17
18
18
18
18
18
18
17
20
18
16
18
18
18
18
17
18
19
17
17
17
18
17
17
18
17
17
17
17
19
17
17
18
17
17
17
18
17
17
18
17
18
18
17
18
17
18
18
16
18
18
20
19
18
18
18
18
18
17
18
17
18
18
17
17
18
18
18
17
18
18
16
19
18
18
18
18
17
17
17
18
18
16
18
17
18
17
18
16
18
18
18
17
21
17
18
18
17
18
18
18
18
18
17
17
17
17
17
17
18
17
18
19
18
17
19
18
17
17
18
17
17
16
17
17
18
18
17
17
18
16
18
16
17
17
18
42
38
41
53
32
33
33
34
30
29
31
35
31
32
31
30
33
31
34
40
38
36
33
21
19
21
20
22
22
20
21
20
20
19
19
18
21
21
20
22
21
19
18
24
22
20
21
22
21
19
19
42
36
26
19
20
19
19
22
42
21
21
19
18
20
19
16
18
16
16
18
17
23
19
17
21
20
21
20
20
19
20
21
19
20
22
21
19
21
21
21
20
24
20
28
19
17
17
20
20
22
19
18
18
18
18
17
21
16
19
18
18
18
17
19
19
19
18
16
18
18
16
18
18
16
18
17
17
21
17
17
18
18
18
18
17
18
18
18
17
18
18
18
18
17
18
17
17
18
21
17
18
17
17
18
17
17
17
17
18
18
17
17
17
18
18
18
17
16
16
17
23
19
21
21
20
21
20
20
19
22
21
22
34
22
20
17
20
22
18
18
18
20
19
17
16
17
17
16
17
18
17
17
17
17
17
18
17
16
18
19
19
18
21
18
17
18
17
18
17
18
17
16
18
19
18
17
18
18
18
17
18
18
17
19
20
17
17
18
18
18
17
18
17
18
17
17
18
18
18
18
18
17
17
19
16
21
18
18
18
18
18
18
17
18
17
17
18
17
17
19
17
16
19
18
18
18
21
18
18
18
18
17
17
18
18
17
17
18
17
17
16
16
18
18
17
19
17
17
20
18
17
16
18
16
16
18
17
17
18
18
18
18
18
18
18
17
17
17
18
21
18
18
18
16
17
18
18
18
18
18
18
16
16
18
17
19
16
18
18
17
20
19
17
18
18
18
18
17
18
18
18
18
17
18
17
18
18
19
19
16
16
19
20
17
16
16
18
17
17
18
19
18
19
19
17
19
16
18
18
18
17
17
17
21
19
17
18
17
17
19
17
18
18
18
18
18
18
18
18
19
17
17
18
19
19
19
18
17
16
16
18
17
17
16
18
19
17
17
18
17
17
19
16
17
18
17
22
18
16
17
18
18
18
19
19
16
18
19
18
19
18
18
17
19
17
17
18
21
18
18
17
18
17
19
19
19
18
18
18
18
17
17
17
17
17
18
17
17
20
18
18
17
19
18
18
18
19
18
17
17
18
19
17
18
18
18
17
18
17
18
21
16
16
17
18
18
17
19
18
17
18
18
19
18
18
16
18
18
17
17
18
21
20
17
18
16
17
17
17
19
18
18
18
19
18
19
18
19
18
19
18
17
21
18
19
19
17
18
18
18
18
18
19
17
17
18
17
19
19
19
19
19
19
17
19
18
17
18
18
19
19
20
17
18
17
19
18
19
18
17
19
18
17
17
18
22
19
19
19
18
17
19
18
19
18
17
18
18
18
18
17
18
16
17
18
18
20
49
19
18
18
19
17
18
18
16
17
18
17
16
18
19
18
21
19
17
220
28
30
25
25
43
28
27
27
27
26
26
27
29
27
28
25
27
28
26
28
25
25
27
28
28
27
27
27
25
26
25
22
18
18
17
18
16
18
18
19
18
16
17
20
16
18
16
17
16
17
17
18
16
17
18
17
18
19
18
17
19
18
18
17
17
21
18
16
16
17
17
18
17
17
18
18
18
16
17
16
17
18
18
18
18
16
20
16
17
17
17
18
18
18
19
20
16
17
22
17
17
19
18
17
17
17
18
20
18
17
18
17
16
16
17
17
18
18
17
17
18
18
18
17
17
17
17
16
