48
35
21
20
20
19
20
22
21
21
21
20
20
21
20
24
21
21
21
20
20
20
22
22
20
20
20
20
20
21
20
21
21
20
22
21
22
20
19
20
20
21
22
20
21
19
20
21
19
20
22
21
21
21
21
20
22
23
20
22
20
19
21
21
21
21
21
20
20
22
21
19
22
21
19
20
19
21
19
23
19
22
21
20
19
19
21
21
44
38
45
35
33
37
36
37
65
24
23
24
26
25
25
24
24
20
23
22
25
25
22
24
23
25
22
23
24
21
23
24
23
23
22
24
23
26
22
23
24
24
20
22
19
21
21
20
19
19
21
21
22
23
24
27
23
27
32
22
31
24
24
25
25
60
25
25
20
20
21
20
21
22
22
20
22
20
21
22
22
22
21
22
20
20
20
20
21
20
22
20
21
22
20
20
21
22
21
23
25
24
20
21
22
21
20
20
21
19
21
20
19
22
20
21
22
20
19
25
20
22
21
21
22
21
21
20
21
21
23
24
22
21
21
21
20
21
22
21
22
21
19
21
21
22
21
20
20
21
21
20
21
22
22
21
20
19
19
22
21
24
21
21
20
22
20
21
20
22
22
22
22
20
20
21
20
22
20
21
21
20
21
24
21
21
22
19
21
22
21
19
20
21
19
20
19
21
19
20
19
20
21
20
23
21
20
21
20
21
21
20
21
20
20
22
21
20
22
22
21
21
21
19
21
22
19
20
20
22
20
22
20
22
21
22
20
20
21
20
21
22
22
21
23
20
19
22
22
20
22
20
19
19
20
20
21
21
21
20
20
20
22
22
23
21
20
22
25
19
20
21
22
21
21
20
21
20
21
20
21
20
20
21
21
19
21
20
19
24
19
21
19
20
19
21
21
21
21
21
21
19
21
21
20
21
21
20
21
21
19
25
22
21
19
20
21
19
21
20
20
21
22
21
21
20
21
19
22
22
20
19
23
22
20
19
19
21
22
21
21
22
22
20
22
22
22
21
21
21
21
21
20
23
21
21
20
21
40
20
21
19
22
22
20
20
21
21
21
21
22
19
21
19
19
22
21
19
20
19
22
19
19
20
20
21
20
19
20
21
20
19
21
19
22
20
24
21
19
21
21
22
19
20
22
21
19
19
20
22
21
21
21
20
21
20
21
24
21
21
21
21
20
19
22
21
20
19
22
21
22
21
21
20
22
21
21
19
21
24
21
20
21
20
20
20
19
21
19
19
20
19
21
21
21
21
22
20
20
21
24
21
19
20
20
19
20
20
20
20
22
22
22
21
22
21
20
22
21
22
20
24
19
22
19
19
21
21
20
20
22
22
22
22
19
21
19
21
19
21
20
22
22
23
20
20
21
20
22
21
21
21
22
22
19
20
21
19
21
19
21
21
21
21
24
21
21
20
21
20
19
20
21
22
22
21
21
22
21
21
21
21
22
22
21
24
22
19
21
22
35
39
43
47
37
40
43
43
35
45
43
40
59
42
61
41
25
27
25
69
43
40
37
39
38
36
41
41
45
48
40
85
48
75
40
43
46
43
52
50
49
47
205
104
53
285
50
45
51
48
52
55
41
56
58
50
44
45
44
46
51
45
49
40
41
62
49
46
48
44
51
53
42
46
49
45
46
67
57
49
50
52
42
49
48
42
44
45
43
48
51
48
65
64
47
51
70
67
49
47
46
45
61
54
47
49
45
44
43
101
47
42
56
55
75
48
44
50
51
50
42
43
45
66
44
46
45
53
50
40
43
64
48
49
48
55
65
60
46
41
46
50
63
49
45
47
43
39
48
42
40
30
40
50
49
43
44
47
45
48
42
50
44
42
45
51
59
47
39
42
57
41
55
47
47
56
39
48
42
52
49
83
158
52
48
45
43
60
33
48
48
50
46
51
42
47
43
50
52
54
50
45
42
42
40
49
45
46
52
62
85
87
57
174
46
44
44
49
40
46
146
441
46
48
48
44
48
381
46
68
51
55
57
43
44
47
44
52
56
52
47
45
43
45
46
46
47
55
51
47
45
60
53
54
45
43
59
47
43
44
46
41
43
44
49
42
42
46
46
44
48
48
42
45
44
32
26
31
25
35
27
23
25
29
25
26
44
52
49
43
51
44
51
53
51
34
33
37
44
47
47
54
41
61
62
57
50
54
26
40
58
59
42
47
43
48
42
41
41
92
89
59
52
45
76
89
48
42
43
43
60
38
40
36
26
26
37
41
25
25
30
24
23
24
21
23
22
23
37
23
27
24
26
24
25
40
24
23
26
27
23
25
