215
189
187
196
173
204
193
211
173
196
194
192
199
178
195
211
202
187
195
177
202
184
203
173
193
207
198
206
180
192
189
206
192
194
173
203
211
210
196
197
197
197
192
212
206
198
201
204
323
238
194
179
200
207
216
206
205
213
199
188
209
202
202
178
213
205
216
183
217
222
185
212
220
192
190
201
204
194
210
188
224
208
215
209
215
212
213
218
207
221
233
195
217
219
214
184
220
214
214
195
187
186
189
205
209
188
233
184
207
212
194
311
212
228
210
211
224
198
240
222
231
284
233
292
223
219
330
251
245
206
218
206
224
206
233
236
225
229
254
236
232
226
249
232
304
262
259
225
243
237
244
221
255
236
228
212
224
209
219
228
232
223
223
239
229
215
243
194
196
199
214
230
214
208
175
198
173
198
198
202
208
176
175
198
204
206
171
215
213
204
209
207
219
210
206
214
206
188
204
199
234
224
227
219
211
214
213
217
203
282
257
243
222
225
255
221
187
193
191
199
188
218
186
188
208
210
196
221
198
217
192
208
224
190
206
212
208
209
208
210
223
211
225
212
228
220
205
204
218
192
211
210
206
207
218
199
206
228
215
211
218
210
209
210
209
194
216
224
212
222
239
216
224
229
229
227
190
225
207
217
225
217
217
199
203
194
231
235
215
225
228
226
230
217
214
216
193
233
230
212
212
214
211
219
213
216
209
218
211
208
197
219
233
219
232
212
194
230
200
204
234
226
218
196
192
216
203
210
213
201
213
307
207
242
223
226
635
544
224
237
194
184
193
184
195
175
177
199
216
172
184
178
177
193
172
176
185
197
195
207
186
182
177
199
212
205
204
204
200
201
220
202
187
206
191
204
227
183
220
215
205
176
200
199
181
207
197
187
209
205
206
255
192
205
221
206
191
216
195
206
216
219
194
209
184
195
213
207
209
220
222
186
217
203
226
238
198
218
226
182
212
205
210
224
187
185
226
236
192
227
213
237
207
208
235
199
186
218
210
213
232
216
215
206
205
209
196
198
208
215
219
224
209
218
211
219
226
203
211
195
196
230
192
215
229
218
229
209
221
209
190
188
206
199
200
187
194
200
201
216
185
209
205
190
223
197
224
209
222
193
220
212
208
200
192
215
194
218
187
225
230
198
224
213
195
186
216
217
215
218
232
210
217
194
213
216
189
236
214
229
222
217
217
200
218
210
197
237
241
209
228
229
227
229
216
217
206
206
208
188
190
199
199
221
198
232
235
219
216
211
187
195
231
216
200
212
194
216
189
227
218
200
215
227
216
219
206
219
212
200
216
222
205
192
203
213
217
212
228
191
215
218
221
224
214
204
221
187
216
246
189
209
216
220
227
218
210
224
224
199
213
228
214
205
215
206
221
209
211
231
196
214
207
208
229
232
189
190
210
195
210
228
216
232
222
223
219
208
233
195
209
211
216
221
220
193
201
213
222
225
206
236
223
227
236
236
197
214
216
268
225
231
237
210
214
218
212
213
195
223
231
190
220
216
224
189
235
217
201
207
221
208
228
210
209
213
202
226
221
206
216
220
224
211
223
215
225
216
197
189
183
197
209
233
191
210
217
198
195
194
213
217
208
212
225
233
219
215
204
222
211
216
731
213
215
218
206
226
194
184
210
206
215
192
209
220
188
210
208
215
212
194
187
222
224
210
186
205
209
222
205
202
191
216
225
224
215
219
231
213
217
205
220
217
199
195
208
197
229
213
216
228
188
217
210
201
221
211
217
225
231
215
204
408
223
194
207
218
210
191
216
208
214
211
221
235
211
215
218
224
204
211
216
229
224
220
234
194
203
226
236
229
214
210
211
218
209
206
204
225
205
197
203
216
206
207
189
217
199
225
217
229
215
230
232
215
216
210
189
210
189
204
232
315
241
284
211
224
219
219
217
230
196
194
209
221
192
197
219
194
214
231
224
192
210
213
235
219
220
208
223
215
188
211
214
224
208
190
190
203
223
190
195
225
216
219
215
216
205
228
213
225
223
219
191
206
215
218
216
211
217
212
198
232
390
252
269
320
215
287
295
347
339
256
637
326
240
208
339
242
218
199
219
226
242
264
236
229
199
197
233
309
279
262
238
200
215
205
239
229
241
215
203
236
229
247
225
229
205
222
238
237
247
172
182
250
213
190
206
178
196
189
188
212
176
169
209
193
182
190
191
204
207
208
204
362
240
180
201
207
206
196
184
189
208
190
191
175
184
202
194
233
212
170
176
168
185
201
212
194
214
211
204
185
198
202
202
198
184
203
