373
333
337
364
383
369
325
359
334
370
377
374
327
318
325
345
318
359
297
314
329
319
331
341
339
321
323
296
321
347
315
295
361
329
306
403
379
387
383
339
338
301
317
321
321
353
354
315
351
341
303
289
358
327
346
308
351
316
326
328
365
348
333
373
349
337
340
352
337
315
350
366
338
346
339
332
358
350
324
346
440
375
334
345
329
355
306
355
358
350
371
352
351
376
352
313
358
311
359
351
352
366
381
362
345
312
349
333
376
352
391
338
311
311
315
366
358
400
345
382
359
350
353
345
347
345
366
364
359
360
333
364
369
378
336
382
359
372
359
355
350
322
336
322
320
325
353
335
362
359
352
335
317
322
368
363
355
501
350
335
387
351
376
391
355
351
396
387
362
320
377
322
367
324
359
350
377
362
371
337
366
385
381
369
375
362
325
313
330
340
357
379
364
368
376
389
365
358
320
348
350
350
317
335
343
347
376
355
315
372
328
348
370
315
367
315
380
370
331
371
342
313
328
318
357
337
334
327
356
363
329
385
358
645
688
648
689
319
377
366
362
368
335
360
333
369
349
389
367
369
356
326
341
371
323
406
325
368
318
367
341
338
324
319
358
315
331
390
350
374
325
351
335
383
321
396
380
331
326
345
323
355
367
350
380
365
359
367
377
362
350
373
355
363
334
335
355
324
324
357
355
350
377
384
370
386
527
345
358
407
400
412
344
396
369
407
526
483
448
491
427
386
338
432
531
398
354
368
368
356
408
418
643
622
493
381
346
325
377
342
348
366
366
379
329
345
330
328
373
355
351
359
466
354
402
426
390
298
311
284
286
327
333
283
312
311
358
297
331
356
325
357
292
318
364
352
326
378
422
336
356
369
357
301
347
361
364
321
359
313
354
384
391
320
474
652
409
349
330
308
398
312
296
290
343
320
290
296
328
346
329
348
319
359
334
342
339
357
351
352
316
353
381
356
342
306
318
371
309
331
357
336
315
317
309
349
410
363
355
351
328
320
336
345
342
350
356
318
355
342
306
332
316
345
348
346
363
352
394
305
343
358
353
348
358
310
390
343
388
343
448
368
364
473
462
374
612
501
381
319
352
336
344
357
339
316
378
316
307
376
307
334
341
355
342
384
346
357
346
306
322
311
304
358
329
355
353
319
311
324
361
346
339
324
340
330
414
415
353
305
351
358
366
318
345
374
383
352
352
343
331
311
370
345
325
318
367
388
407
404
411
343
369
378
351
374
339
317
370
401
396
354
377
358
341
334
365
366
628
413
355
340
339
351
358
347
325
308
338
297
351
292
287
304
331
342
326
298
318
323
315
313
330
338
332
332
293
326
292
328
329
353
315
399
370
336
310
302
343
302
344
316
363
357
326
336
351
345
369
380
351
341
371
362
321
339
352
303
310
335
312
346
366
359
370
347
378
312
343
322
359
367
360
396
362
361
316
358
357
301
366
353
352
353
347
348
360
333
382
376
335
365
374
383
366
376
385
326
356
330
374
326
351
368
359
317
352
335
362
359
469
397
363
377
365
392
320
357
396
357
362
342
366
358
330
347
347
314
331
379
332
338
344
352
309
373
363
355
356
333
370
337
339
348
367
372
350
347
506
399
309
377
360
382
364
372
363
320
324
361
358
374
387
420
361
351
389
386
368
385
347
370
315
375
374
401
373
308
375
407
384
394
378
342
371
424
369
362
357
358
316
308
355
352
341
340
360
385
359
356
314
384
360
355
323
370
352
371
359
349
343
350
348
352
355
381
364
360
351
357
389
353
371
580
525
329
324
372
381
370
370
397
374
342
375
352
302
362
405
334
371
355
342
373
363
354
368
379
371
372
373
364
340
387
386
362
400
398
383
343
861
678
452
336
394
422
381
403
374
803
557
442
396
497
351
372
437
677
661
549
730
523
288
291
340
330
348
338
332
339
319
341
303
323
279
325
316
331
334
336
298
342
357
347
350
355
311
329
290
319
360
337
334
388
409
484
358
412
382
358
356
370
368
364
343
309
341
355
316
316
333
365
348
349
323
366
345
311
328
372
347
370
334
326
331
334
335
340
319
348
325
360
422
313
363
330
362
359
323
358
390
383
369
333
392
338
324
367
379
337
354
346
360
310
337
349
346
325
341
366
373
360
350
323
305
360
345
357
348
380
323
337
368
392
360
342
374
325
341
354
379
360
370
335
353
374
330
357
335
391
348
401
378
348
357
318
334
352
353
334
401
317
360
327
309
387
337
388
368
312
356
374
374
368
354
358
385
386
389
374
