67
66
60
57
56
59
52
56
56
60
51
57
52
54
53
57
57
59
58
54
55
54
56
89
72
72
71
59
62
57
67
68
55
50
61
52
59
62
61
61
55
57
62
63
61
59
55
51
50
58
56
54
57
62
55
54
60
59
50
49
53
53
60
57
55
58
60
65
56
61
61
50
51
59
53
56
54
57
59
60
56
60
59
49
60
53
59
57
60
51
59
53
52
52
59
58
50
57
55
59
54
58
63
52
58
58
57
62
57
58
55
49
57
56
59
52
54
71
68
64
66
64
118
113
111
109
115
114
63
67
58
54
55
54
56
59
61
57
51
56
54
55
50
51
53
50
55
64
55
56
57
53
50
51
56
54
53
54
55
57
53
50
54
57
58
63
52
51
68
55
66
50
58
56
52
56
52
56
55
54
55
59
56
50
59
58
53
58
56
59
68
72
55
139
134
95
65
64
57
60
53
57
56
58
62
57
64
63
62
90
67
51
56
51
59
88
81
60
60
55
54
56
59
56
57
58
59
56
53
57
58
58
54
60
56
55
51
57
60
58
60
57
50
55
50
65
58
57
63
58
81
66
58
68
64
66
66
92
60
60
55
51
55
55
53
54
50
56
52
54
52
60
57
56
57
57
58
56
59
54
57
58
58
57
56
60
56
59
55
56
58
51
53
55
53
55
56
53
58
52
64
56
58
58
57
57
59
56
58
58
52
57
55
55
57
57
57
57
62
53
58
58
57
54
58
57
57
52
55
57
53
57
54
58
57
53
57
60
56
56
58
56
60
54
61
63
58
58
58
58
53
60
61
55
57
62
58
56
56
58
59
58
59
59
58
56
59
57
59
58
60
58
62
61
62
57
61
59
53
58
57
56
55
64
59
58
57
57
58
60
61
65
60
64
57
57
55
54
60
61
58
61
58
59
57
59
54
55
60
55
65
58
61
62
54
59
56
82
67
54
57
61
56
57
58
57
58
57
62
58
52
59
58
54
56
61
53
61
52
59
56
59
56
54
54
60
61
58
58
56
54
57
63
60
56
60
56
54
59
62
58
57
57
54
53
65
59
60
59
53
54
61
57
53
61
57
62
63
57
60
61
57
59
56
55
54
56
59
58
57
58
61
62
59
54
59
55
57
57
58
54
55
57
62
59
58
59
57
57
60
58
59
62
53
58
60
60
55
58
60
59
58
53
54
53
57
52
57
55
57
61
58
55
57
61
59
60
57
59
53
54
58
62
52
57
57
59
57
58
53
60
57
60
61
54
56
60
58
57
58
54
63
56
53
57
55
58
55
58
59
61
60
58
58
61
56
60
60
60
56
61
58
61
60
57
53
56
56
61
60
57
55
58
57
53
59
55
56
58
55
59
51
57
53
54
55
53
58
58
57
56
60
61
61
59
59
60
53
67
69
64
61
62
63
63
65
62
61
63
63
57
61
56
61
64
63
56
60
61
61
55
61
56
66
64
60
60
64
59
56
58
55
59
60
56
57
58
60
56
56
60
55
54
63
58
60
56
57
61
54
55
58
57
56
60
58
62
59
66
62
59
53
55
54
62
59
53
54
61
54
59
56
61
61
61
52
53
61
61
58
59
54
64
61
56
63
62
61
58
58
60
57
58
59
60
55
59
62
53
61
60
65
64
57
61
59
60
59
59
62
53
61
57
59
54
59
59
59
55
66
59
57
60
57
54
56
57
53
58
59
55
53
60
55
61
54
58
59
58
57
58
60
60
59
59
59
62
59
60
60
64
59
60
62
54
59
63
55
57
62
54
58
62
56
58
60
52
54
58
59
57
62
59
58
64
58
63
63
60
55
54
61
55
55
60
61
53
59
65
59
59
58
61
58
58
80
59
64
57
54
60
64
65
62
62
62
58
62
55
59
56
59
64
59
62
53
54
64
58
58
56
59
51
61
63
60
53
57
55
59
53
58
59
56
59
64
62
55
63
60
56
58
53
61
61
61
55
62
60
59
57
57
54
58
58
54
53
63
53
56
60
63
66
61
54
61
58
61
62
62
60
57
57
60
66
60
57
67
55
58
57
67
57
60
56
60
62
57
58
59
59
59
60
52
58
56
61
57
54
62
61
62
63
60
59
59
64
55
114
56
55
58
56
66
54
53
56
58
56
57
63
60
60
56
58
55
56
58
91
59
100
95
101
101
67
52
58
56
59
56
51
56
52
52
57
57
54
56
52
49
50
51
56
48
52
53
55
57
55
51
50
67
62
53
50
56
52
57
50
62
50
53
58
55
53
58
56
59
54
52
