681
667
736
631
663
684
639
676
739
651
623
384
369
389
388
337
378
364
537
653
739
665
417
369
412
369
387
366
355
665
388
367
370
794
786
782
628
440
767
682
678
599
479
301
298
390
418
334
365
425
419
433
407
343
340
292
351
381
590
734
682
644
558
465
309
353
371
345
366
349
358
553
706
661
493
639
668
558
382
382
364
359
341
335
356
589
716
765
736
727
664
408
395
320
338
370
396
371
397
351
348
350
338
380
366
370
385
341
370
341
341
390
384
411
372
360
587
650
794
456
436
644
627
630
666
660
688
370
397
402
383
398
403
387
655
839
651
711
683
637
679
624
621
556
570
458
396
405
299
315
338
296
355
334
339
529
382
451
383
380
348
348
386
404
350
338
382
353
351
389
356
403
325
384
366
350
362
491
321
326
341
396
336
372
325
376
369
363
407
394
383
360
397
415
372
354
338
373
359
358
341
361
399
392
335
383
399
398
372
411
436
356
394
356
646
573
1316
384
921
647
388
426
1036
912
826
1001
388
1075
1106
396
587
1149
403
1164
846
340
1072
1900
1214
543
411
585
708
1412
1328
860
660
1351
1288
973
829
721
757
503
513
535
588
491
756
695
729
593
648
671
693
422
401
370
375
448
399
385
620
682
657
527
750
682
630
381
453
485
552
395
379
361
436
966
735
380
917
908
1037
1004
987
735
413
907
1054
1125
665
855
1648
1399
1617
1465
1131
1147
1109
1181
1120
853
719
710
713
674
736
701
700
564
578
573
557
596
636
682
598
564
673
597
665
666
672
644
669
680
675
658
609
607
623
630
657
609
585
618
656
689
402
417
363
333
349
346
333
331
343
373
348
337
335
390
371
340
408
479
398
388
374
389
364
338
344
424
405
398
380
384
382
365
382
372
396
423
332
369
378
415
366
377
362
355
358
368
362
334
390
373
377
387
407
350
402
344
358
383
372
370
376
331
359
361
365
336
365
330
377
328
366
399
353
369
375
378
388
390
409
337
381
386
392
356
387
347
350
363
385
447
395
351
337
384
335
364
332
385
347
353
386
405
378
382
428
361
390
339
421
347
398
405
329
404
344
397
339
374
375
415
336
350
350
326
406
431
360
416
397
357
413
355
392
331
380
403
381
356
364
379
372
351
356
403
386
412
354
383
331
350
335
340
344
395
404
386
426
345
341
339
367
529
847
773
800
832
740
769
806
826
817
778
793
775
757
738
831
774
767
822
830
812
820
780
855
793
793
842
863
770
858
829
850
834
838
833
776
823
836
848
838
856
755
851
761
815
832
874
836
823
867
797
872
802
883
772
823
824
831
795
847
896
846
812
775
776
827
777
865
450
392
398
384
361
412
536
580
388
370
717
864
760
399
463
438
447
623
612
394
486
530
417
443
350
398
380
409
452
341
343
408
396
367
338
395
352
388
386
372
364
374
381
375
368
385
390
540
707
774
812
746
757
401
363
360
367
421
465
399
391
395
350
391
383
382
384
376
376
399
383
419
385
344
374
415
412
335
339
532
384
362
392
441
437
372
398
444
407
395
438
398
426
318
343
309
363
363
349
356
355
375
340
356
368
361
372
375
329
335
344
379
375
362
416
1239
623
371
427
391
328
364
362
377
359
370
367
398
401
325
368
361
394
383
369
321
374
377
351
374
357
338
412
391
343
544
740
764
647
400
389
386
396
419
358
364
410
362
385
343
376
372
338
372
382
383
361
384
368
350
359
387
344
379
410
406
408
334
385
391
390
345
394
386
327
607
862
777
844
844
848
863
754
795
816
789
850
786
807
839
786
871
834
863
828
883
790
854
755
865
787
825
864
796
816
833
823
749
850
758
818
872
804
787
854
669
632
651
1200
1027
1028
595
615
624
651
438
379
411
372
373
388
372
423
353
379
351
371
349
351
376
411
404
338
402
349
409
377
402
338
363
356
357
340
339
386
383
378
333
390
356
384
385
404
341
380
405
416
364
348
471
349
326
391
338
346
339
383
429
416
367
340
380
333
365
379
410
336
389
347
385
390
334
408
376
364
399
359
384
341
401
376
385
404
397
342
393
416
377
401
378
390
328
353
368
400
409
393
396
395
377
381
377
375
337
391
356
378
376
398
343
374
388
381
376
396
371
388
369
390
389
381
331
507
378
394
358
366
337
368
379
405
388
432
394
411
387
329
451
376
355
371
374
420
434
374
386
324
363
364
339
372
363
341
387
409
338
356
700
373
411
815
486
371
446
420
405
444
602
460
547
425
458
478
497
681
633
337
391
360
410
404
376
385
390
384
309
329
340
336
378
302
319
362
