1090
1165
2255
2647
2679
2249
2360
2407
1611
1868
2086
1681
1596
2509
2260
3024
2200
1929
1661
2123
2066
2246
2343
1925
1793
1540
1604
1384
3575
2590
2385
2622
2935
968
1681
1315
1819
1835
1955
1844
1915
1926
941
864
933
979
1122
1181
1099
1085
1039
1049
984
1110
1186
998
859
1027
970
1051
974
1058
1191
1160
1003
1158
1021
1233
1224
1028
1803
2424
2317
2539
2739
2410
2689
2297
2254
2506
2483
3018
4646
2588
2399
1996
2127
1759
1575
1405
1517
1236
1172
1223
1247
1150
1101
2079
1320
1105
1071
1123
1136
1105
1160
1135
959
1058
1164
1180
1254
1162
1150
1162
1132
1096
1257
1156
965
1200
1214
1630
1793
1118
1133
970
1132
967
1067
982
1138
963
956
1260
1543
2315
1139
2616
1083
1147
1172
2927
2254
2276
3058
1876
2701
2368
2259
2399
2518
1502
2533
2805
2614
2773
2919
2857
1579
2534
2457
2634
2260
1661
992
1681
1856
1976
1402
1301
1439
1215
1221
1063
979
892
1027
1068
965
1161
1089
988
1154
1090
976
2028
2839
2446
2447
2150
2460
2473
2211
2318
2451
2271
2541
2154
1997
2596
2818
2265
2149
1717
1635
1128
1002
1222
1236
1246
1181
1137
1041
1100
1161
954
1043
1842
2607
2801
2523
2408
2600
1911
2593
2238
2430
2612
2442
2616
2584
2520
2789
2567
3752
3181
2944
1411
3100
1562
2642
2206
2874
1965
2564
2564
2200
2169
2442
937
1285
1380
916
1230
1104
982
1118
1183
1134
1145
1206
1127
1115
1777
979
1106
1108
1127
1213
1025
1135
1092
1041
1114
980
1390
814
945
946
1199
1115
1148
1223
960
1130
1109
1005
1111
1052
1021
750
1117
965
981
1117
1070
1133
958
1106
1109
1075
1135
1105
919
1129
974
1128
977
1159
1035
1234
1054
1143
1112
1083
1122
1755
2385
2000
1114
1137
998
1112
1200
1034
1183
1618
1434
1811
1817
2181
2434
2699
3011
4354
2575
2080
2166
2320
1807
2271
2355
2423
2379
1699
1657
1257
1474
1358
1596
1214
1124
1157
1042
1524
2433
2537
2285
2410
2504
2276
3569
3019
2913
2799
3848
1832
2185
2547
1073
864
1671
2240
2137
1846
1187
1332
1197
1412
2087
2854
2705
1750
2335
1853
2231
1468
2782
2177
2215
2335
1768
1420
1515
1362
1244
1009
1140
968
965
1023
1021
1136
1139
1075
1056
926
1110
1212
1142
1190
1168
1115
1146
1099
957
1020
1047
1232
1028
986
1142
1037
1261
1159
1165
962
1046
1140
1196
1162
2452
1096
1032
1141
1128
1058
1124
1036
1136
989
1107
1375
1438
1450
1707
1818
2032
2289
2595
1786
2039
1929
1713
1608
1411
1700
1315
1268
1252
1214
1066
1106
1045
1045
1205
1099
1074
1180
1038
1095
1809
858
1051
1154
1188
1308
1205
1260
1197
1208
1200
1077
1349
882
1071
1114
1096
1069
1248
1081
1145
1126
1031
1020
1037
1220
1274
1244
1704
1177
1693
908
3148
2655
1456
1160
1140
1098
1126
1273
1277
801
831
969
1121
1042
1128
1206
1225
1155
981
1053
1182
971
1097
763
1144
1138
1182
1117
1066
1162
1118
980
1107
1034
1042
1196
913
1181
1222
1129
1223
1165
964
1139
1188
1042
1081
981
1143
1128
2589
2465
2208
2215
2446
2228
1450
1988
2867
2299
2757
2179
2584
2107
1864
2018
1416
1595
1459
1405
1385
1024
1129
2201
2395
2113
2375
2354
2301
2455
2563
2414
2353
2528
2431
2277
2048
2595
2338
2236
2077
2364
2363
2129
2342
2338
2539
2551
2687
2258
2177
1924
2128
1921
1532
1749
1607
1192
1272
1190
1255
1307
3789
1867
1143
2615
2026
2123
1638
1764
2580
2442
1956
1157
2345
2645
2650
2404
2844
1976
2225
2283
2620
1957
2023
1351
1516
1224
1401
1332
1406
1091
1118
1135
1003
1124
1135
1260
1158
1027
1117
1052
1194
1075
1183
1006
1259
1146
1267
1101
926
972
1159
1032
1100
1108
1190
1188
1084
978
1054
1098
965
1239
943
1185
1036
1244
970
1101
1118
1218
1160
1122
1190
1087
2069
2529
2513
2812
2289
2626
2063
2497
2556
2503
1526
2652
1723
2433
1949
1707
2007
1722
1506
1681
2781
2241
2336
2662
2545
2688
2493
2634
2287
2275
2387
2661
2402
2663
2358
2368
2319
2683
1899
1502
1195
1066
874
994
1338
1099
1163
1185
1742
2588
2511
2383
1129
756
2379
2600
2286
2696
2856
2639
2458
2688
2731
2342
2824
2546
2320
2068
1599
1752
1663
1850
1330
1636
1143
1211
1109
1120
1168
1039
1052
1131
1141
1315
1058
1106
1079
1038
1148
973
1111
1104
1228
1111
1109
996
1031
1320
1028
1016
1164
1184
1011
1208
1218
1061
985
1078
1089
1144
984
929
1147
990
1107
1118
1068
1132
1075
1090
1083
1030
1199
1083
1123
1086
997
982
1172
1125
1158
1100
1177
1230
985
1345
994
1077
1144
1030
1031
976
1013
1082
945
1204
1202
1172
1037
973
1124
1164
1147
1225
1149
1068
1104
1120
1141
1123
1184
1152
1002
1020
1168
1204
992
1093
1173
1140
1137
964
1130
1172
1138
1033
873
1169
1234
964
1006
911
893
998
1122
994
1153
1025
1187
1530
1231
1615
1999
1795
1462
1620
1470
967
828
905
1184
1327
2251
2050
1261
1000
1490
1158
916
1273
762
1066
1002
1182
798
1074
1047
1413
2621
2166
2559
2606
2617
2450
2786
1766
2807
2723
2825
1679
1863
2641
2401
2229
2372
2359
1365
1081
1090
1553
1607
1636
1397
1133
1108
1245
918
1155
1216
1049
1147
1124
1150
1150
1046
1239
1015
1038
988
962
1104
1064
1107
1027
1084
1115
967
980
1188
1183
1224
1159
1011
1007
979
1118
1097
1095
1141
975
1124
1037
1176
1187
1196
986
938
950
1232
1015
1136
1037
1150
1128
1182
1106
970
1020
938
962
1117
995
1117
970
1139
1222
1192
1069
977
1068
989
