1921
1447
1572
2548
1190
1072
791
670
613
713
1111
830
1890
1147
1022
750
1966
1668
924
695
802
663
849
754
681
732
729
727
755
716
827
733
846
717
1107
977
578
540
651
796
820
802
795
686
825
704
745
704
742
792
703
857
814
613
606
690
821
784
751
723
815
760
690
850
695
816
818
765
837
766
829
927
2123
713
1762
925
823
806
883
818
809
795
832
776
803
758
786
784
710
1028
694
861
796
826
785
699
784
791
806
801
791
746
853
817
826
723
679
760
792
781
789
811
816
805
684
750
790
804
825
728
747
829
778
871
601
822
760
818
792
724
697
770
821
771
795
794
680
792
776
786
832
963
611
797
785
775
819
678
825
727
799
779
808
836
764
842
731
768
734
589
556
856
1441
1504
1448
1493
1383
1528
1490
1382
1564
1550
1558
1407
1515
1504
1415
1539
1559
1507
1395
1485
1394
1498
1510
1430
1527
1489
1433
1600
1291
1335
1378
1430
1444
1480
1554
1479
1461
1490
1556
2493
1736
799
968
753
826
866
852
803
888
2229
2705
1034
1114
1043
733
1181
2396
1832
1168
1334
1469
1509
1582
1486
1526
840
739
1328
1498
1710
1708
1701
1697
1716
2062
1257
1380
1265
1090
985
822
951
986
718
967
827
879
891
932
1099
1031
737
695
820
754
720
815
798
739
853
834
830
797
857
718
779
1083
1277
1421
1426
1546
1525
1482
1492
1377
1502
1588
1465
1435
1481
1491
1512
1476
1530
1468
1550
1402
1493
1409
1507
1475
1501
1424
1453
1571
1473
1502
1351
1530
1564
1388
1474
1542
1494
1507
1420
1420
1434
1410
1469
1468
1565
1494
1475
1248
813
806
756
809
744
809
808
803
802
745
703
694
694
701
786
678
926
606
678
828
701
792
755
847
691
683
786
762
686
680
781
819
710
791
749
1506
1430
1515
1399
1467
1517
1497
1539
1535
1487
1446
1487
1429
1573
1487
1426
1556
1425
1563
1386
1489
1136
802
1357
923
816
835
1592
1029
1573
952
798
690
817
832
857
807
818
1432
778
619
1037
1573
830
1381
1826
1781
1737
1250
1316
2078
2263
2130
2000
1502
1561
1628
1530
1446
1377
1361
1517
1520
1438
1505
1478
1473
1464
1377
1518
1351
1769
1724
1511
745
757
697
803
782
693
837
829
772
792
728
1502
1506
1513
1531
1460
1473
1581
1445
1457
2225
3448
3447
3289
3021
567
767
2729
3469
3298
3056
3196
3283
3202
3301
3187
3218
2857
2576
2086
1985
1919
1537
1544
1472
1447
1402
1398
1487
1528
1554
1459
1510
1479
1372
1421
1520
1498
1491
2702
2971
1920
1812
1817
1554
2105
3085
2169
2178
2159
1538
1209
631
1130
1941
1420
1652
3079
1577
855
651
658
2070
2094
2252
2296
1801
1626
930
732
1761
1721
1832
1779
1795
1778
1718
1689
1769
1751
1700
1761
1578
1642
1417
1578
1654
1512
1734
1340
1359
1332
1194
931
873
924
991
677
649
806
759
712
683
793
704
818
775
732
815
852
734
853
800
775
1187
2694
2242
2068
2030
1658
1674
1532
1525
1556
1523
1413
1511
1559
1526
1498
1465
1465
1563
1483
1498
1517
1490
1497
1442
1487
1527
1521
1479
1437
1565
1534
1497
1512
1396
1558
1497
1472
1457
1460
1493
1552
1478
1472
1380
1252
639
768
784
717
864
856
706
807
827
794
815
797
842
801
813
718
811
816
660
777
802
807
797
827
700
729
836
831
784
814
837
826
789
759
993
2441
2508
1511
929
1350
1292
559
604
631
728
659
682
731
785
734
586
682
749
773
538
639
730
697
728
617
1418
1203
1363
1398
1383
1557
1479
1479
1419
1525
1577
964
871
888
841
825
787
789
791
809
732
778
778
820
876
783
707
797
782
1061
596
570
614
597
738
698
677
678
702
704
702
828
724
642
700
693
751
656
702
1330
3109
3299
3219
2798
2966
2354
2467
2186
1683
1874
1738
1351
3012
2223
806
808
742
850
731
794
803
855
1211
2204
3022
1692
1710
1753
1650
1914
2323
2108
1779
1761
1552
1421
1402
1434
1249
1313
1310
1292
1395
1289
1305
1272
1218
1358
1301
1292
1244
1250
1375
1273
1343
1191
1193
1206
1362
1310
1251
1307
1316
1197
1351
1298
1283
1263
1317
1373
1357
1238
1343
1275
891
820
663
1012
3065
2439
1729
1807
828
843
876
819
804
1332
1385
1457
1754
1801
1778
1493
1683
1406
1804
1006
744
872
1731
1052
872
941
908
912
703
777
773
745
752
1107
1457
1245
2751
3314
3166
3745
1843
1850
1844
1590
1703
1407
1493
1307
1503
3350
2947
2978
2535
2365
2079
1764
1695
1581
1458
1391
1533
1507
717
506
695
636
762
709
794
834
830
705
771
770
774
847
681
718
702
690
777
624
718
708
837
716
809
790
829
753
776
774
717
698
829
811
718
809
691
1072
1196
845
704
780
850
783
779
762
695
785
814
837
780
790
805
780
864
690
853
786
742
801
813
754
736
798
883
793
831
696
798
838
785
1126
791
790
802
780
718
804
697
763
855
822
778
777
862
794
816
803
733
750
807
811
861
747
964
950
750
706
736
1044
807
800
777
705
799
764
882
1539
2171
854
1393
881
1247
615
682
784
789
833
807
788
709
813
749
809
736
1275
1398
843
739
845
903
532
779
730
820
850
791
682
833
782
752
854
787
737
