24
19
34
20
17
17
17
17
16
17
17
18
18
16
17
17
18
16
16
18
17
17
18
17
20
17
18
14
14
15
14
15
15
14
15
14
14
15
15
15
16
15
15
15
15
17
15
15
15
15
16
15
15
14
15
16
18
14
19
17
18
16
17
15
14
14
14
18
15
16
15
14
16
15
15
15
15
14
15
15
16
14
83
31
27
26
33
30
37
32
26
27
32
31
31
32
29
31
25
30
26
27
25
30
34
32
35
31
38
51
33
34
30
67
18
20
17
17
16
18
17
16
17
17
16
19
16
18
16
15
17
20
17
17
17
17
17
17
17
18
16
18
14
15
14
15
13
14
14
15
13
14
19
15
15
14
13
14
15
14
14
15
15
15
19
17
17
16
16
15
15
13
17
30
17
18
17
16
17
16
17
15
15
14
14
15
14
15
15
15
15
15
21
15
15
17
14
14
14
15
15
15
15
15
16
16
17
17
18
15
14
14
15
15
15
15
16
14
14
14
14
14
14
15
15
13
14
15
15
15
14
15
15
15
14
14
13
18
14
14
14
14
15
15
15
15
13
15
14
19
18
18
17
15
15
15
15
15
14
17
15
16
15
15
14
14
16
18
15
14
14
15
15
15
14
15
15
15
15
14
17
15
15
15
18
17
15
15
14
15
15
18
16
16
17
15
15
15
14
15
15
19
16
15
15
17
16
14
14
14
15
14
15
14
14
13
18
17
14
14
13
14
14
18
15
15
15
15
15
14
16
15
15
15
14
17
17
16
16
17
14
14
15
14
17
15
15
14
14
15
15
14
16
16
15
15
15
15
15
16
15
15
14
14
14
18
13
14
15
15
15
14
15
15
14
14
14
16
16
17
17
17
17
17
17
17
16
20
15
15
15
14
14
18
14
15
16
14
14
15
15
15
14
15
15
15
15
14
19
13
14
16
14
15
15
14
14
14
15
17
17
17
17
19
15
14
15
15
14
17
15
15
14
15
15
14
15
14
14
14
14
19
17
16
19
18
17
15
14
15
15
17
15
15
15
16
15
14
16
16
16
18
18
18
18
17
15
15
15
16
16
15
17
16
15
14
15
16
16
15
14
15
15
16
15
15
15
15
16
15
14
14
15
19
15
15
14
14
16
16
16
15
16
19
18
18
19
15
16
15
15
14
15
15
15
18
15
15
14
16
15
16
15
15
16
15
15
15
14
16
15
15
16
14
15
15
18
15
15
15
16
14
16
14
16
19
16
18
18
17
17
18
16
14
15
15
15
16
14
14
15
15
15
15
14
16
15
15
15
14
14
14
14
14
15
14
15
14
14
18
15
15
15
14
15
15
14
17
17
17
17
16
15
14
14
15
15
14
15
14
18
14
15
14
14
15
15
14
15
14
14
14
15
14
14
15
14
14
15
15
15
18
15
14
14
14
15
15
14
14
17
17
16
17
18
15
15
15
14
14
15
15
15
18
14
14
14
14
15
14
15
15
14
15
15
15
14
14
15
14
16
16
15
15
18
17
14
15
14
14
15
15
14
17
18
17
17
18
17
15
14
17
17
14
15
18
15
14
15
15
15
15
17
16
17
18
14
14
15
15
15
14
14
14
14
14
15
17
15
15
15
15
13
14
15
16
17
17
22
28
29
18
19
16
18
21
18
28
20
18
16
18
17
18
17
17
16
16
18
17
17
16
17
16
18
16
19
17
18
20
19
15
16
15
15
15
15
14
15
14
14
16
15
15
15
14
13
16
15
14
14
19
14
14
15
14
15
15
15
15
14
14
15
15
14
15
15
14
15
14
15
18
19
16
16
17
18
15
14
15
14
15
14
15
15
14
15
15
14
14
14
15
13
17
14
13
14
14
15
14
14
15
14
14
15
14
14
15
15
14
14
15
15
15
14
16
21
15
17
16
17
17
14
15
14
15
14
15
14
14
15
14
15
15
14
15
18
14
14
15
15
14
15
13
15
15
16
14
15
15
14
15
14
14
15
15
14
18
16
14
15
15
15
15
14
14
16
15
14
15
14
15
15
15
15
15
14
14
15
19
14
15
15
16
16
14
16
15
15
15
15
14
14
15
14
14
15
15
15
16
18
15
15
15
15
14
15
15
15
15
15
15
15
15
16
15
14
16
14
14
15
18
14
15
14
15
14
15
15
15
15
15
16
16
15
15
16
15
14
15
15
15
14
19
14
15
16
15
15
15
14
15
15
15
15
14
15
14
15
15
14
16
15
15
18
14
15
15
15
15
14
15
15
15
14
14
16
16
15
15
