18
13
9
9
8
9
9
9
9
8
9
8
9
9
9
12
9
9
9
9
9
9
9
8
9
8
9
9
9
9
9
9
8
9
8
8
9
8
9
8
9
12
9
8
9
9
8
9
9
9
9
9
8
8
9
9
8
9
8
9
9
9
8
8
9
8
12
9
9
8
9
8
9
9
8
8
8
9
9
9
9
9
9
9
9
8
8
9
8
8
9
9
12
9
8
9
9
9
8
9
9
8
9
8
8
9
9
9
8
9
9
9
9
9
9
9
9
12
8
8
9
8
9
8
9
8
9
9
8
9
9
9
9
8
9
8
9
9
8
9
9
9
9
11
9
9
9
8
9
9
9
8
9
9
9
9
9
8
8
9
9
9
8
8
9
9
9
8
9
11
9
9
9
9
9
8
9
9
9
9
8
9
9
9
9
12
13
14
13
40
15
16
14
15
17
14
14
15
16
16
15
15
16
16
15
14
14
14
16
17
16
17
17
16
14
14
14
16
16
17
19
17
17
17
17
16
18
20
21
14
13
14
14
14
13
14
15
15
15
14
15
16
15
15
11
12
8
9
9
9
13
9
9
9
9
9
9
8
13
13
13
13
14
14
14
9
8
9
9
9
9
12
9
8
9
9
9
9
8
9
9
9
9
8
9
9
14
14
14
14
14
14
14
13
15
13
14
18
15
15
15
15
14
15
14
16
15
14
15
16
18
16
16
15
16
14
15
17
17
16
19
15
18
15
14
16
16
15
15
17
17
17
16
17
16
17
18
16
17
16
17
17
17
17
17
16
16
16
19
15
16
14
15
16
15
16
15
16
14
22
16
16
18
17
17
17
17
18
17
18
18
18
16
18
15
16
17
16
14
15
15
14
11
9
9
15
9
8
9
9
9
9
12
8
9
13
9
8
9
13
8
13
9
9
8
8
9
12
8
8
8
9
14
15
15
14
15
14
15
13
13
15
16
17
15
16
14
15
14
15
13
16
15
15
15
16
15
15
15
17
14
14
14
13
14
10
8
9
8
14
17
14
20
14
13
9
14
14
14
14
15
16
12
10
9
9
11
14
14
15
9
10
15
16
15
9
17
15
14
15
15
15
15
15
14
14
13
15
17
15
17
17
17
17
17
17
20
16
17
17
17
20
17
15
18
16
16
19
17
17
16
16
17
17
17
16
17
17
17
18
17
17
17
20
15
14
14
19
15
15
14
16
16
17
16
16
19
17
18
17
19
16
17
20
17
17
19
16
16
16
17
17
16
19
20
17
22
16
16
17
15
17
17
16
17
17
20
17
17
16
17
17
16
19
17
17
17
25
19
16
21
17
16
17
16
16
16
16
16
20
17
17
15
16
16
17
16
18
17
23
17
16
16
16
19
20
23
17
19
16
16
17
17
16
17
21
17
17
16
16
16
17
20
18
17
19
17
16
16
19
17
20
17
23
19
16
16
17
26
22
16
19
19
17
17
23
19
17
23
17
20
16
17
22
20
20
17
16
17
17
16
20
16
17
17
17
17
17
17
17
17
17
17
16
16
17
17
17
17
17
17
19
20
17
17
17
23
17
17
26
17
16
17
20
17
23
20
17
23
17
17
16
17
17
16
17
19
17
17
17
16
17
17
16
17
17
17
17
17
17
17
17
16
14
13
10
9
9
8
9
9
8
12
8
9
9
9
9
9
8
8
8
9
8
9
9
9
9
9
9
9
9
8
9
8
9
8
12
9
9
8
9
9
8
9
9
9
9
8
8
8
9
8
9
8
9
8
8
9
9
8
8
8
12
8
8
9
8
8
8
9
9
8
9
8
9
8
9
8
8
8
8
8
8
9
9
9
9
9
12
8
9
9
9
8
9
8
8
9
9
8
8
9
9
8
8
8
9
8
9
8
9
8
8
12
8
8
9
9
9
30
9
9
9
9
9
9
9
9
9
9
9
9
8
9
9
9
9
9
9
11
9
9
9
8
9
9
9
9
9
9
9
9
9
9
9
9
9
14
13
14
13
13
15
15
14
10
14
14
9
11
9
13
15
9
13
13
14
33
17
15
17
17
18
17
15
9
9
8
10
10
12
8
8
9
9
9
9
9
9
9
13
13
14
14
14
9
9
9
8
9
14
123
16
14
15
16
18
14
12
14
12
14
13
13
13
14
22
13
13
14
20
17
14
13
16
23
14
20
15
14
15
25
14
13
21
14
14
13
14
20
14
15
15
101
17
14
14
15
14
20
14
15
16
17
15
13
14
17
15
15
14
20
22
15
15
16
16
14
16
