241
270
258
258
232
250
262
229
257
253
266
266
255
263
281
234
251
275
256
340
272
283
244
273
294
244
235
284
413
336
280
321
316
317
293
343
401
438
396
286
332
274
332
297
331
277
272
269
254
273
415
504
305
495
317
308
319
296
284
265
277
254
240
302
288
267
298
293
255
286
250
241
227
277
270
278
257
268
268
245
221
228
256
225
267
241
281
355
352
414
429
284
275
242
253
244
238
233
241
233
230
240
239
217
242
241
235
255
234
246
243
232
222
253
259
249
230
232
238
253
212
239
225
245
248
234
252
265
258
249
258
255
248
243
255
247
256
257
260
353
316
428
304
285
236
246
263
280
255
253
255
262
229
264
270
264
252
233
257
270
252
255
267
231
256
235
266
254
261
246
273
271
253
259
256
256
272
275
223
248
279
266
269
249
270
260
279
257
412
886
261
584
502
454
270
274
277
255
283
254
277
242
290
272
258
257
242
227
249
249
251
250
252
248
223
254
224
240
247
254
262
232
243
269
272
251
264
231
245
264
234
251
239
298
280
257
244
256
228
257
238
236
251
260
340
242
255
258
232
255
240
262
236
256
274
234
268
252
242
289
254
262
284
270
243
253
265
269
260
271
264
257
258
235
242
248
264
263
262
265
232
287
237
290
369
272
271
261
278
250
275
270
284
246
266
242
307
293
290
281
275
254
250
282
247
264
263
288
292
275
295
291
271
273
263
269
260
270
241
242
280
255
262
273
254
272
273
238
286
267
270
272
256
292
287
263
239
242
287
273
261
280
247
284
260
275
273
276
275
293
258
240
269
275
240
277
272
281
295
237
266
260
268
286
281
306
239
277
253
271
292
276
273
243
291
273
283
271
272
241
273
269
273
274
260
254
272
289
261
250
268
261
251
278
287
253
267
264
369
265
287
278
274
289
254
243
265
254
262
264
271
275
242
262
272
238
262
262
274
266
267
253
268
268
290
272
268
272
272
250
237
244
274
276
253
279
281
273
284
274
239
265
240
278
250
286
304
305
295
300
305
292
312
240
290
274
244
230
272
231
259
252
297
271
285
238
304
239
274
246
255
245
288
280
270
262
245
276
283
248
280
291
273
265
290
257
239
257
278
257
292
249
275
293
274
248
267
249
390
271
253
259
273
270
245
256
251
242
259
269
269
258
280
261
255
291
248
239
251
262
248
283
277
269
259
250
258
264
260
272
265
247
268
266
248
266
269
269
268
263
262
268
242
288
293
270
262
277
399
336
286
279
285
262
286
266
256
243
290
277
275
269
285
278
250
271
300
258
263
288
290
293
255
244
270
286
244
280
273
253
273
269
272
270
238
295
258
278
275
276
274
244
276
253
269
249
352
276
561
334
293
250
275
247
279
263
268
267
263
260
272
261
251
246
271
247
271
255
266
268
249
256
268
275
273
276
269
289
270
259
250
271
274
281
267
262
255
263
270
274
267
285
245
269
255
296
273
249
236
261
257
276
244
279
239
290
266
275
250
291
271
259
261
269
237
279
243
271
256
266
264
272
279
269
266
271
281
244
250
269
262
258
250
238
245
259
250
288
238
238
236
237
274
234
278
273
395
263
251
285
247
318
261
346
294
301
263
287
281
302
391
539
326
534
400
303
312
334
294
321
312
356
302
288
298
278
324
280
268
270
273
260
245
276
269
288
245
295
271
248
285
247
276
271
228
228
258
249
253
248
247
248
260
228
238
251
233
245
256
245
246
271
227
252
276
397
278
298
276
260
266
268
248
265
266
261
230
257
257
263
243
269
249
259
243
235
274
262
249
279
271
241
260
271
252
258
273
268
264
267
272
254
272
266
254
277
249
247
275
264
281
243
259
255
239
247
437
456
288
254
273
298
244
241
250
258
291
278
273
283
272
283
281
277
236
245
283
276
271
243
297
243
290
298
306
241
283
244
274
270
266
237
299
264
251
271
282
256
271
291
300
268
273
241
284
382
268
261
331
284
286
296
260
239
279
281
273
252
279
241
281
271
249
243
239
247
284
254
255
258
251
289
260
267
262
245
268
237
253
258
258
254
241
285
271
239
259
262
288
263
270
255
254
281
392
272
268
257
260
289
251
270
301
259
253
252
287
282
270
274
259
288
278
266
289
281
283
267
248
291
288
254
287
242
273
240
258
294
276
288
254
287
272
249
273
294
240
274
286
286
280
488
320
320
285
278
297
265
260
255
286
255
250
254
231
270
262
250
242
250
268
265
239
266
260
237
281
264
245
239
281
280
242
263
271
256
262
258
255
265
