109
67
72
78
76
72
65
68
62
67
61
72
65
69
57
67
63
64
64
67
66
62
59
64
58
62
58
59
57
67
63
68
63
63
64
60
56
67
62
60
64
62
66
66
68
59
65
59
71
74
61
61
57
66
67
66
69
70
59
66
63
59
72
59
63
64
66
63
66
67
67
66
68
65
62
66
70
63
66
60
59
72
65
68
67
66
63
65
66
65
63
62
62
70
70
62
60
69
65
70
59
66
67
69
74
66
62
64
67
68
67
67
65
68
61
66
69
66
70
68
114
76
74
63
66
62
66
66
70
68
67
72
71
64
68
66
67
66
69
65
71
63
68
74
96
78
73
94
72
66
68
70
66
60
71
67
65
70
68
77
69
68
71
71
60
67
66
67
67
62
80
63
70
68
61
66
67
80
63
60
62
67
71
70
66
69
62
70
67
71
73
65
72
68
73
71
64
66
70
61
64
68
66
70
67
65
70
61
71
72
66
63
70
74
71
66
64
63
72
70
60
72
71
70
72
64
68
69
71
64
68
65
65
72
66
68
70
72
72
69
71
65
67
71
61
70
67
69
68
67
71
70
70
74
70
62
62
67
68
77
73
68
63
69
66
62
69
69
74
75
78
62
71
69
70
63
62
73
73
73
70
70
66
70
70
71
66
64
70
70
62
62
82
75
72
66
70
69
68
65
71
66
65
63
64
73
72
70
74
71
64
65
63
71
66
65
68
62
63
65
63
65
67
67
70
68
69
65
65
75
62
71
61
68
71
74
80
72
67
76
69
74
73
71
68
71
65
63
68
73
72
74
74
69
76
65
69
70
73
63
73
63
72
69
67
64
73
60
66
74
72
65
65
68
62
70
76
70
76
65
69
66
73
73
75
69
74
72
65
73
68
65
74
73
62
67
78
68
66
68
70
67
67
68
71
67
64
65
68
73
63
68
75
63
75
65
70
73
69
72
65
64
68
72
71
72
67
68
68
64
69
70
72
65
67
66
66
63
67
64
72
71
69
64
67
71
66
74
68
72
72
75
72
68
65
65
69
67
76
73
72
64
76
70
71
71
71
69
72
67
72
61
72
64
63
69
72
74
66
68
72
73
74
66
70
71
73
66
75
69
74
66
76
64
70
71
69
70
67
70
69
69
68
73
69
77
78
114
109
75
71
74
78
69
67
75
68
62
73
65
71
69
62
71
67
70
67
70
63
73
68
69
65
64
72
71
64
68
65
78
69
68
73
72
69
78
72
67
69
68
73
68
65
65
62
72
69
66
65
65
75
74
68
71
66
63
73
78
72
70
67
61
69
66
67
71
66
72
69
65
68
68
73
69
68
68
72
73
71
71
67
72
68
70
71
71
74
69
81
77
65
72
75
67
63
69
68
70
75
74
74
71
77
70
72
70
76
71
63
71
65
69
68
69
70
68
63
68
71
67
68
68
68
72
67
74
67
67
65
68
68
66
68
76
74
68
67
70
71
70
67
71
77
65
72
73
71
66
70
69
62
69
65
68
75
71
70
69
75
67
77
67
66
69
70
74
71
75
72
69
72
115
84
70
68
78
69
66
71
66
72
72
62
69
73
62
70
77
61
74
77
69
71
78
67
64
63
71
74
68
67
74
65
69
70
68
70
67
72
68
68
77
73
65
70
70
68
73
73
68
67
60
67
73
62
71
71
71
72
71
69
67
73
67
70
64
61
68
62
65
72
68
70
66
69
74
65
67
70
69
67
68
70
65
69
71
63
65
63
70
72
70
65
71
63
62
61
68
68
67
72
68
71
71
73
73
71
70
74
69
68
72
70
72
69
68
72
70
72
70
69
66
69
63
74
69
71
71
69
71
63
70
72
64
66
74
71
69
69
71
71
70
70
70
69
69
71
70
70
62
69
72
74
75
69
66
64
71
68
70
73
76
75
66
64
69
62
65
70
62
72
110
68
74
73
77
76
71
70
73
69
75
64
72
71
71
71
71
65
71
71
77
73
67
63
76
65
63
70
65
70
72
70
65
62
68
66
60
66
62
66
71
67
66
70
69
67
64
69
73
72
66
62
69
70
70
60
70
71
68
73
66
69
64
66
69
71
70
70
66
72
68
72
61
62
73
73
73
66
69
68
66
65
68
72
67
74
61
67
69
68
70
63
64
75
71
64
62
71
67
66
68
66
70
65
69
69
64
64
63
69
71
69
72
70
66
71
73
66
73
66
65
68
72
67
66
69
78
70
61
70
69
70
70
71
70
69
64
73
67
72
64
65
72
71
71
65
65
70
74
