770
879
660
895
738
769
752
638
711
710
649
749
764
746
826
582
576
644
751
765
735
729
672
695
728
730
658
648
713
716
679
780
631
722
819
640
645
643
648
759
643
655
751
778
778
734
731
783
772
677
688
713
672
788
757
551
794
1182
1570
1605
1647
1677
1582
1547
1636
684
1672
1524
1445
1561
1822
1685
1656
1941
1327
2267
2729
1400
684
1007
1334
1191
1393
1128
925
919
932
1116
1368
2529
1150
594
463
712
1108
1133
1182
1125
1124
1052
1005
1006
840
865
954
1023
714
1120
1676
1675
1821
1657
1846
1596
1291
1499
1702
1434
1744
1620
1652
1620
1641
1913
1669
1705
1629
1780
1469
1545
1830
1582
1140
1679
1711
1718
1498
1144
1246
1086
1073
1135
989
954
925
966
941
651
723
729
684
789
731
633
742
781
845
644
781
821
1661
1742
1824
1461
1571
1661
1561
1717
1739
1743
1743
1488
1655
1649
1656
1659
1668
1610
1344
1353
1526
1529
1399
1424
1287
1298
2025
2001
1264
956
797
743
745
845
919
812
696
632
742
762
1158
1335
863
713
831
802
739
736
800
721
693
639
696
780
770
616
806
705
673
619
565
589
537
667
672
1059
991
1136
1166
1032
1097
1096
1101
934
814
1054
1035
972
585
955
796
1096
1020
1262
653
1339
1006
676
572
778
667
688
664
880
599
735
1022
827
579
651
569
735
1019
775
643
756
755
749
712
757
702
674
735
689
735
743
678
734
732
703
902
975
1042
655
1038
923
891
635
621
687
648
570
711
780
600
676
722
645
728
814
703
698
697
678
627
791
754
694
642
678
754
726
809
768
853
916
780
822
755
739
788
743
689
714
727
634
757
688
780
675
650
804
717
635
717
768
649
725
730
706
640
526
582
694
740
738
837
809
750
700
700
700
649
719
689
732
806
716
772
640
869
1792
1669
1533
1704
1763
1612
1630
1800
590
1443
1630
1672
1318
1418
1372
1426
1192
1166
752
1023
929
587
870
730
768
870
713
862
758
699
719
746
768
691
727
725
599
584
754
744
775
722
668
629
772
738
811
793
682
761
639
773
681
764
832
1594
1623
1796
1745
1584
1769
1575
1571
1652
1454
1573
1855
1788
1644
1634
1520
1624
1099
1193
1736
1502
2039
2112
1850
2336
1900
1813
2752
1474
1420
1002
648
561
657
805
774
675
793
668
798
745
750
677
714
676
709
757
779
759
795
625
541
730
736
735
813
659
789
753
640
774
736
737
758
805
725
658
1094
1925
1573
1377
666
735
637
738
763
752
798
751
806
750
797
784
1370
1037
909
801
912
586
744
973
960
1007
965
956
764
760
724
908
891
549
478
623
685
693
719
742
684
695
728
667
764
695
631
729
676
753
713
733
1196
1149
1130
713
793
712
764
737
717
724
733
734
702
695
667
704
717
795
640
820
704
735
730
632
745
648
916
956
676
566
989
544
703
667
591
673
711
721
662
610
679
685
634
677
675
787
704
731
676
570
722
703
774
752
874
1161
752
773
1279
722
613
699
982
838
908
609
755
718
844
946
624
712
670
740
560
621
718
765
645
768
673
671
694
745
667
748
804
626
752
668
624
645
736
818
989
696
941
586
595
700
865
866
637
723
559
622
608
581
629
716
744
786
724
882
1057
1100
999
1078
967
657
596
776
764
748
681
649
732
760
640
636
915
815
1010
866
941
1085
923
1025
698
755
1034
666
1757
1041
1609
1530
1047
768
685
653
632
631
633
792
737
1052
1196
844
800
792
1009
1037
1026
1097
930
793
905
851
801
853
783
716
1042
1434
480
767
1043
1077
791
664
874
869
705
1086
994
970
888
1027
1700
1696
1621
1481
1591
1510
1709
1448
1464
1747
1705
1732
1720
1453
1518
1723
1719
1578
1471
1534
1700
1546
1628
1404
1312
1175
1382
1513
854
1040
1310
1446
1562
1449
1624
1573
1657
731
1550
1750
1655
1725
1819
1557
1775
1813
588
537
876
973
993
1128
1046
983
933
830
625
742
706
724
677
754
1195
1094
1105
775
745
726
640
723
712
729
640
759
761
666
698
739
729
801
663
629
771
781
724
746
775
647
769
729
796
785
834
715
639
689
757
680
699
596
589
702
726
674
727
767
667
682
718
752
643
648
694
734
711
743
810
755
777
601
627
627
605
641
649
703
764
721
761
752
686
786
712
724
753
713
720
724
932
918
1750
959
1011
847
903
878
1053
828
802
839
549
720
603
683
693
645
712
740
768
699
639
722
734
741
731
766
1070
780
691
613
500
711
739
650
654
756
651
734
651
648
700
745
784
781
649
648
671
1841
1271
756
715
683
721
712
681
706
722
735
714
702
709
731
685
751
717
1371
1701
1685
1563
1624
1591
1278
1495
1140
1114
625
671
1706
1359
1442
1597
1527
1610
1727
1077
864
762
1745
764
667
627
1298
733
673
609
1210
1543
1710
1605
933
1521
1506
1706
630
1163
1147
1245
1116
733
598
698
956
651
598
601
636
828
953
590
619
722
727
769
647
733
668
757
715
693
737
675
747
636
723
749
736
887
