124
75
71
74
77
73
67
61
57
63
62
62
63
59
62
61
64
66
64
64
111
66
90
73
63
61
61
64
62
62
66
63
66
65
60
62
57
66
71
72
60
63
62
62
62
61
64
64
66
62
65
62
65
65
63
62
66
58
63
66
56
59
63
62
59
61
63
63
62
65
60
65
62
65
65
66
61
64
57
63
62
61
62
62
64
66
66
64
61
65
59
69
67
63
61
67
58
63
61
65
59
64
62
62
60
57
57
55
61
64
64
61
64
61
64
65
61
64
66
62
66
68
64
67
65
58
68
62
64
65
64
62
69
64
61
68
64
61
62
67
58
70
64
72
74
59
59
58
66
63
72
61
65
68
65
65
65
57
65
63
58
58
65
59
66
58
65
61
70
67
67
60
69
68
73
68
66
61
64
71
68
66
68
68
62
64
69
66
65
66
60
61
69
65
66
67
59
65
67
63
67
67
66
64
105
70
71
71
61
66
64
68
70
70
62
68
69
68
67
69
61
69
70
66
58
76
72
60
63
67
69
65
63
77
65
69
63
65
65
65
70
70
69
61
65
62
61
69
64
62
60
69
66
62
67
76
70
67
63
67
70
60
65
66
69
73
61
69
64
65
67
71
66
65
63
64
70
70
73
69
71
70
62
69
64
70
70
69
69
61
67
72
61
61
68
65
72
68
68
71
71
68
76
67
61
68
71
70
73
69
67
60
67
63
66
69
68
69
61
67
69
65
69
71
72
72
71
67
65
69
74
62
68
64
61
78
74
67
70
64
74
64
62
62
68
69
72
71
64
68
68
66
65
66
70
76
70
69
62
68
64
62
73
71
64
62
67
71
69
74
70
70
63
73
70
71
65
76
61
74
62
72
61
98
78
76
74
72
76
73
73
78
69
73
68
67
74
61
65
69
68
63
66
65
70
71
68
65
68
64
68
63
60
68
67
61
65
70
64
76
78
78
74
73
74
69
68
73
66
60
62
64
73
61
70
72
68
62
61
68
66
65
76
66
65
67
62
68
68
64
66
66
75
60
63
66
63
65
61
67
68
64
60
60
61
67
63
66
66
67
63
62
73
67
67
66
59
65
60
68
63
68
68
68
61
59
66
63
63
68
62
64
66
72
65
68
73
66
59
66
64
69
71
61
65
71
68
65
66
66
62
65
62
70
65
67
66
66
67
65
75
72
67
69
63
62
65
63
64
68
74
70
66
68
70
72
71
67
71
63
67
67
69
68
62
64
72
70
71
62
67
69
69
68
67
67
67
72
137
95
64
73
68
64
72
66
63
72
61
65
66
68
70
68
67
67
67
60
71
70
63
73
71
67
70
72
68
62
69
73
68
66
64
68
67
71
61
67
67
68
60
66
64
60
62
72
74
71
67
66
66
68
69
63
65
65
71
68
68
64
61
69
63
72
65
68
69
66
69
67
66
61
67
67
70
71
67
70
65
66
73
72
70
61
77
68
62
63
70
72
72
72
69
68
65
69
69
65
66
63
68
67
71
69
65
65
62
73
68
68
64
74
62
72
67
68
64
66
64
66
68
65
63
65
66
68
71
73
66
64
67
66
65
59
59
70
67
62
72
63
68
67
68
67
63
63
68
72
64
64
70
64
70
68
61
70
73
71
63
65
73
73
67
73
68
71
66
67
68
66
69
81
124
69
75
71
76
71
71
73
67
72
78
76
75
71
75
77
79
74
69
66
77
77
75
79
74
75
72
72
74
66
76
76
76
73
67
74
70
72
71
73
84
78
89
63
61
66
65
66
60
67
61
59
64
61
65
63
65
77
71
66
67
66
67
63
63
60
60
66
64
67
70
66
69
64
62
67
63
68
71
71
71
68
70
71
70
67
75
72
71
71
72
73
66
66
76
74
73
65
71
69
71
65
73
65
75
73
60
68
65
65
68
67
64
63
65
64
62
61
65
75
59
60
66
67
68
65
67
68
68
61
66
66
64
62
60
69
64
60
71
70
61
59
66
59
68
64
65
65
74
75
65
66
64
63
67
68
69
68
67
67
63
64
65
64
63
67
62
63
71
63
68
139
281
196
132
72
68
68
62
64
70
66
68
68
70
64
74
61
64
69
67
62
68
61
66
63
69
63
67
66
63
60
64
63
63
66
66
57
65
56
58
63
61
58
62
57
60
56
64
58
60
56
68
61
65
67
60
60
65
58
63
63
65
65
57
58
63
61
64
65
76
79
67
65
60
57
59
65
64
64
64
67
64
62
60
60
62
62
63
62
64
68
62
66
64
62
60
63
