187
223
247
208
186
211
224
188
210
217
204
215
217
197
202
201
219
231
232
211
197
215
231
220
221
190
226
207
216
205
210
212
222
222
228
221
237
198
235
216
228
193
244
224
225
219
241
224
229
216
266
258
277
221
226
219
221
227
198
224
249
232
225
233
229
235
242
220
229
227
230
228
229
202
201
239
233
227
245
202
233
236
233
206
223
244
229
236
228
215
224
230
216
248
228
225
233
250
229
212
204
211
233
230
251
233
224
230
249
234
263
212
243
225
226
230
242
208
216
230
239
236
225
197
227
234
215
242
224
232
231
245
203
247
233
236
230
232
203
201
201
209
203
204
234
224
232
257
219
233
219
237
259
215
232
200
234
231
236
204
220
234
225
219
228
229
222
212
221
296
357
210
237
243
349
456
256
217
222
226
219
207
217
228
198
217
203
203
235
237
230
220
234
197
229
204
221
219
212
217
238
227
219
224
210
204
222
220
198
237
224
226
235
223
224
236
234
209
235
212
199
227
224
226
212
200
230
240
241
229
235
200
202
233
437
436
423
436
443
346
205
210
225
232
217
199
233
231
228
229
224
243
250
218
238
238
252
236
224
201
228
208
231
228
231
217
233
237
206
235
236
247
230
237
220
231
221
215
233
227
229
205
221
212
231
233
217
290
389
401
216
225
228
232
197
201
206
224
209
223
205
233
253
223
213
232
220
241
213
212
229
261
238
260
246
242
322
250
241
228
249
241
227
227
221
264
253
303
274
262
255
214
259
219
261
236
280
227
206
201
208
234
251
198
202
189
201
205
184
232
206
205
197
215
204
181
201
184
211
202
205
207
205
211
233
214
193
208
221
202
212
206
208
222
211
216
200
190
204
217
219
206
225
229
213
217
221
203
219
206
197
218
214
219
214
227
218
202
240
218
204
228
203
269
457
447
428
417
310
196
225
200
225
260
209
211
213
222
228
219
215
217
245
236
221
220
225
218
227
237
217
217
243
218
210
222
222
222
192
227
221
235
226
221
227
196
206
227
202
219
232
216
222
220
238
216
202
202
228
231
271
224
251
199
214
200
249
225
241
222
215
209
213
250
226
215
223
217
242
244
226
238
221
206
217
232
233
226
220
244
246
210
239
223
225
198
242
242
202
223
227
223
227
242
203
238
224
233
227
198
226
222
212
237
227
243
226
246
280
226
216
209
228
224
234
227
237
217
215
224
215
225
206
229
225
218
200
206
237
239
228
202
237
225
214
230
216
234
219
215
240
206
244
223
225
217
215
251
240
237
244
245
225
223
242
230
235
212
245
211
232
245
248
262
209
244
249
231
255
222
229
200
202
242
240
261
230
218
242
258
251
234
210
237
241
234
221
209
221
231
223
241
238
226
245
242
210
232
218
213
207
226
238
248
220
196
215
227
220
226
198
239
204
219
217
216
249
231
228
213
249
229
227
241
1052
432
444
514
357
235
247
264
351
241
257
238
312
314
307
399
273
245
264
238
238
260
304
276
315
250
247
216
236
252
244
232
243
238
242
260
254
226
226
242
208
248
241
231
242
217
240
240
208
217
199
204
191
210
210
216
226
232
226
215
195
202
223
223
194
229
227
195
228
201
216
224
242
257
221
306
261
228
206
223
217
221
225
209
222
198
201
222
231
236
210
231
210
201
235
213
222
230
222
237
227
225
223
240
230
199
207
234
228
217
215
211
212
227
238
252
211
235
230
225
202
237
232
226
245
231
245
220
228
243
226
294
265
228
240
219
230
256
237
211
238
215
226
240
208
247
236
239
246
220
224
246
198
228
238
212
232
208
205
254
232
244
228
230
211
237
226
223
252
228
209
221
233
228
216
205
239
246
216
225
255
256
210
221
239
233
230
202
252
247
203
241
216
250
235
236
239
230
233
243
239
229
224
237
228
210
255
225
203
247
223
248
212
203
225
232
235
209
228
207
211
239
240
228
251
202
222
225
224
217
206
223
232
229
231
238
231
225
211
208
220
216
236
214
212
229
202
207
235
227
203
243
202
245
217
216
230
234
216
239
232
231
233
215
228
218
239
222
203
234
234
223
224
198
213
214
212
229
218
232
223
224
229
240
222
202
226
225
241
230
229
213
211
208
226
217
214
227
234
239
234
234
221
231
220
218
233
242
231
219
224
215
214
204
234
224
222
234
293
246
232
248
262
249
248
238
229
244
225
224
208
220
222
236
230
235
228
227
204
246
238
208
251
229
249
199
210
236
230
253
243
234
229
213
208
252
231
233
238
234
231
236
247
237
202
243
