652
1519
1424
1399
1410
1233
1290
1205
975
936
1005
1807
1586
1509
1279
1556
1446
1279
1514
1530
1551
1534
1359
1516
1500
1485
1584
1522
1336
1326
1113
1604
1404
1511
1330
1435
1165
1135
877
982
1146
1000
628
663
718
651
638
669
630
644
622
640
651
603
648
641
649
644
582
686
563
477
606
681
566
663
651
662
699
616
536
492
625
681
634
657
638
643
600
629
659
599
602
562
465
485
498
516
541
633
598
601
624
613
633
660
696
604
671
638
608
689
651
580
567
664
710
449
619
651
695
678
652
681
584
588
578
603
668
654
566
566
675
658
706
661
605
578
921
631
695
639
601
572
845
488
1769
1074
1190
707
2337
618
1473
1506
1528
1500
1354
1382
1710
613
573
507
469
445
1368
1294
1593
1567
1318
1540
1449
749
1683
2269
1667
1255
1189
1277
1059
1000
900
889
1035
685
546
478
685
646
554
698
572
593
645
600
649
600
671
651
575
657
595
575
609
653
659
633
721
723
578
573
578
582
548
535
646
549
587
632
650
593
653
678
635
625
595
564
566
684
601
600
697
661
585
657
766
785
775
623
536
606
576
685
676
997
788
852
856
588
480
609
634
437
651
686
616
711
687
641
657
613
597
662
674
648
707
636
668
621
671
618
666
701
699
663
610
621
671
661
590
838
704
507
631
607
505
843
587
750
1088
862
585
691
1023
1042
845
795
1062
941
640
987
485
660
655
767
725
767
928
605
590
552
516
586
752
708
756
744
689
1013
906
581
639
702
933
858
1095
652
725
500
580
648
743
614
561
715
486
874
641
554
702
552
594
512
597
570
632
654
582
618
571
479
548
679
1030
1016
1095
847
856
880
869
827
847
895
873
758
644
688
616
603
751
670
523
585
614
647
571
625
650
567
672
591
476
654
681
651
580
611
673
678
653
602
892
760
554
664
695
720
768
701
1017
953
920
565
717
644
785
812
776
778
772
786
705
696
708
767
784
652
670
579
679
661
736
678
643
512
485
598
635
628
648
648
748
576
595
654
641
624
620
693
695
720
604
604
668
653
591
520
542
633
598
631
613
654
602
636
597
613
626
602
658
669
679
658
699
575
628
713
591
713
548
500
658
571
664
618
672
676
651
680
692
660
683
662
634
613
550
507
478
593
638
845
649
539
535
695
648
636
670
727
712
663
602
719
591
691
709
679
577
655
687
654
1115
885
690
606
615
668
630
666
652
661
632
698
640
649
692
678
676
648
666
656
925
546
654
1075
953
1281
1279
1248
1458
1592
1369
1498
872
451
1386
1530
1614
1568
1235
1575
1452
1469
1652
1630
1613
1326
1430
1322
1661
1476
1540
1334
1617
1281
1393
1434
1224
1079
1209
1311
1300
1021
1031
1022
599
696
735
595
647
666
608
853
561
693
635
608
655
666
635
648
693
645
650
956
1344
524
606
680
643
666
650
610
878
1525
1388
1646
1503
1673
581
1092
1455
1407
1255
1282
603
429
762
1334
1392
1183
670
957
824
680
1148
725
517
630
721
810
780
952
991
1032
1149
1078
1125
1008
1119
979
990
872
863
877
872
1112
1429
820
689
680
661
696
598
659
613
592
688
570
584
659
578
607
637
628
567
616
732
621
531
443
684
626
677
575
576
605
690
641
637
630
667
634
646
598
676
670
594
590
709
616
543
554
486
637
669
669
646
676
595
623
686
584
695
705
679
672
630
614
713
633
664
654
543
671
659
580
573
671
668
567
653
640
695
649
606
588
703
667
658
642
672
595
747
616
680
606
670
680
643
713
623
689
629
656
608
703
656
616
712
669
658
632
711
625
667
654
686
644
569
583
669
672
647
606
684
729
639
591
706
643
690
590
682
573
788
673
719
661
671
649
707
606
661
619
705
738
648
655
673
650
648
677
613
649
569
615
1051
901
958
777
878
483
650
847
940
987
1133
1076
1034
1174
1183
1039
1030
1029
1143
1026
1170
1221
1026
1138
903
513
665
686
597
800
1487
1033
1056
1003
834
824
620
827
688
766
772
797
804
691
645
655
1153
867
751
1054
1007
491
608
673
665
666
1174
905
582
644
703
623
650
670
589
530
610
589
607
658
697
615
607
708
641
588
609
641
571
716
573
663
636
646
614
709
801
619
498
891
563
642
597
553
762
817
742
606
1322
992
598
1053
981
1291
1901
1658
1217
787
469
739
874
898
1403
664
668
799
474
624
643
665
581
582
598
571
662
587
669
696
638
650
566
607
646
670
914
861
1354
902
1043
1684
1318
698
599
943
1284
2071
2100
1722
1636
1498
1463
1356
1870
2263
2307
2035
1709
880
877
1041
1025
645
647
743
784
662
980
1216
1268
605
492
480
453
1336
1355
1197
1394
1335
1518
607
1524
1551
1726
899
1143
1234
1451
1410
1262
990
1005
1091
1278
1745
1570
782
985
804
715
729
686
640
618
690
695
1286
809
735
503
492
545
518
659
698
