305
292
271
289
256
290
270
284
267
281
303
245
278
248
292
283
266
302
276
274
285
261
295
284
306
307
304
294
254
279
305
306
294
292
282
308
291
316
282
262
291
313
294
314
274
356
283
312
293
333
289
304
247
285
273
275
277
293
283
280
240
253
299
288
278
277
267
266
283
288
293
285
288
260
289
318
277
298
300
290
308
282
310
309
263
269
303
303
312
267
317
359
284
360
332
363
388
474
581
646
627
709
419
625
334
344
633
595
299
321
347
314
301
267
284
243
291
256
245
277
301
318
278
302
319
306
284
316
299
311
325
292
321
295
307
309
281
278
313
308
299
318
288
288
308
276
345
359
320
336
394
339
334
328
304
285
337
375
282
287
282
323
319
288
339
293
294
338
322
334
359
399
306
386
479
289
312
335
306
325
299
338
289
335
306
280
309
323
474
673
807
582
478
535
603
558
387
285
299
269
286
260
315
304
307
249
307
260
282
296
265
303
291
267
319
300
294
309
267
328
291
303
323
264
302
290
298
326
317
286
568
544
317
321
309
308
274
314
314
278
274
276
290
280
271
278
288
304
288
286
265
287
281
299
272
313
281
264
272
302
287
272
272
264
285
301
307
285
278
293
302
287
276
329
324
276
279
301
324
333
282
309
266
311
273
318
295
275
277
306
264
282
283
294
290
315
304
300
300
316
283
293
301
300
308
280
312
302
280
314
321
293
311
327
296
284
312
286
281
328
307
321
287
273
277
299
294
316
314
288
285
338
265
307
294
275
267
265
302
328
303
331
318
266
324
278
301
310
280
292
326
312
303
299
319
277
308
294
311
315
332
313
304
309
309
333
319
327
291
336
296
309
295
313
304
317
318
293
328
297
306
268
298
319
267
301
297
319
270
323
287
307
276
303
316
297
313
302
322
298
319
298
303
308
321
299
328
268
307
313
326
336
298
309
309
315
322
305
300
306
309
327
314
295
311
291
270
337
313
321
327
269
271
310
309
320
330
323
312
296
306
337
302
297
283
276
282
314
321
278
288
332
317
310
341
423
756
747
805
711
783
790
809
735
480
490
521
478
436
326
268
272
328
300
284
296
304
285
278
271
267
277
288
280
277
390
297
251
306
278
279
271
275
278
292
276
273
276
297
278
283
277
250
286
282
282
285
278
268
286
286
270
282
279
302
257
258
264
277
297
295
290
312
292
265
292
298
310
290
287
303
325
712
297
285
294
271
275
267
282
290
302
293
298
296
270
269
297
325
301
306
302
294
311
279
314
294
298
299
294
269
272
270
297
298
305
272
285
305
298
302
315
317
264
271
292
323
280
269
297
315
274
278
278
325
298
303
311
277
321
303
326
284
310
321
271
306
294
297
302
303
307
278
311
295
298
307
295
303
263
315
309
273
295
322
273
278
305
266
317
302
336
300
303
294
324
307
302
315
331
272
290
307
321
306
330
310
301
314
297
264
310
315
311
274
308
309
305
330
313
293
274
335
304
321
285
273
286
326
325
319
314
318
323
330
529
579
595
623
442
330
343
292
318
386
387
541
381
399
625
366
336
372
464
484
297
265
265
271
251
255
277
315
263
305
291
300
305
290
286
265
292
278
274
254
267
274
254
258
247
258
307
282
300
271
308
286
258
288
287
263
392
591
598
340
276
325
367
340
307
274
320
289
251
279
277
264
262
289
302
296
282
257
273
268
282
310
307
305
291
256
270
304
280
276
255
294
266
311
296
314
270
282
263
262
287
277
317
305
268
284
284
298
411
308
321
278
319
284
308
285
317
288
295
299
265
321
301
261
292
288
268
265
314
270
290
293
308
273
300
301
264
306
295
273
269
286
288
328
322
319
329
284
321
296
267
330
313
293
332
296
335
318
299
374
313
328
309
308
314
287
279
267
269
305
270
313
299
282
272
284
309
303
294
302
298
287
306
299
268
306
303
322
298
318
306
298
320
309
324
303
287
289
337
273
278
328
307
302
281
333
312
312
296
283
279
266
332
303
270
266
286
307
276
331
270
322
333
324
315
296
270
319
313
307
269
318
342
313
287
315
331
301
278
321
328
312
304
303
302
277
339
327
313
308
323
302
281
306
324
300
321
307
317
269
285
276
298
321
300
284
319
331
300
272
325
330
302
281
318
313
302
317
332
302
299
318
279
298
323
282
351
311
307
306
299
292
306
310
315
326
271
312
288
286
305
335
306
326
293
309
305
320
314
337
302
272
293
281
281
277
329
314
290
307
284
328
294
319
271
281
271
321
309
310
278
326
275
286
311
