30
29
25
26
26
27
26
25
26
26
26
24
25
30
22
22
22
22
20
22
23
23
22
23
23
23
23
23
25
25
27
24
22
22
25
23
22
22
21
23
24
22
21
22
23
22
23
22
23
22
22
21
22
21
22
26
22
22
24
26
26
21
22
22
21
21
21
22
21
23
22
21
20
21
21
22
26
23
24
23
22
23
22
22
22
23
22
23
24
24
26
24
22
22
23
21
21
22
25
23
22
21
23
22
22
23
22
22
22
23
22
22
22
20
22
23
20
23
26
28
25
21
22
22
22
22
22
21
23
22
24
23
21
23
23
22
22
22
22
22
24
23
23
22
23
21
22
23
24
25
23
26
26
26
21
21
23
23
23
23
23
20
25
23
22
22
23
22
22
23
22
23
23
22
22
23
22
26
25
25
20
21
22
24
22
22
21
24
22
23
21
21
22
23
23
21
20
22
21
21
23
22
23
22
25
24
22
28
25
25
22
23
21
22
21
21
22
22
22
23
22
22
22
23
22
21
26
22
22
23
21
21
22
23
22
22
24
25
26
24
22
22
23
22
23
20
23
25
22
22
21
22
21
23
22
21
26
25
24
26
25
25
25
25
25
26
22
25
28
24
26
27
24
25
24
21
24
22
22
22
22
25
26
25
25
29
24
27
26
27
30
25
27
25
29
38
28
27
27
25
24
25
26
24
25
23
23
23
21
21
23
25
21
23
22
21
22
21
22
22
28
27
25
25
23
21
23
21
21
21
23
22
26
21
22
21
22
22
23
23
24
22
22
23
22
22
24
23
23
22
23
23
24
23
27
24
22
22
21
23
23
23
23
25
22
22
23
22
24
23
21
22
23
24
20
24
20
22
22
23
21
24
22
22
23
24
23
21
23
21
23
22
22
21
21
21
26
21
23
22
21
21
22
23
23
22
23
22
23
22
23
21
22
24
24
23
22
24
26
23
23
22
23
23
24
22
23
23
23
24
24
23
24
22
23
22
23
23
23
26
23
24
24
22
23
23
23
22
22
23
21
21
23
23
24
23
23
22
24
23
27
23
22
23
24
22
21
21
23
21
24
23
23
22
23
22
23
21
25
21
22
22
27
25
23
23
23
23
24
23
22
23
24
23
21
24
21
24
23
23
23
23
23
26
23
21
22
23
22
22
23
23
21
23
22
23
23
21
22
21
21
22
23
23
24
24
23
23
24
23
23
23
23
23
24
23
24
23
23
23
23
22
23
22
23
23
27
24
24
23
22
23
24
23
23
24
21
23
23
23
21
22
25
22
22
25
22
25
23
24
21
23
21
22
21
24
21
24
24
22
23
25
24
23
23
23
24
24
25
23
25
23
26
25
23
21
22
25
23
24
22
22
23
21
24
24
23
23
22
23
26
22
24
23
21
23
22
22
22
22
24
23
23
23
24
24
24
22
23
24
22
26
23
23
23
24
23
24
22
24
24
23
25
23
24
24
23
25
22
23
21
25
24
24
21
24
23
24
24
23
24
23
25
23
23
24
22
24
23
22
23
22
23
21
26
22
24
25
23
24
24
25
24
23
23
25
23
22
25
25
23
25
23
24
23
25
25
23
25
23
25
23
23
22
24
25
24
23
23
24
22
23
22
22
23
25
28
22
24
24
23
24
24
24
23
22
24
24
22
24
22
22
24
25
24
23
23
22
26
23
24
24
22
24
25
21
24
25
25
22
24
144
27
24
23
23
22
26
24
28
25
22
23
24
24
24
24
24
24
23
25
25
25
22
23
26
25
44
62
45
47
42
43
41
42
41
42
46
45
42
41
48
46
41
28
25
24
26
26
25
26
24
27
25
26
26
24
25
27
25
26
25
25
27
25
25
25
27
25
27
25
26
26
29
26
26
25
24
25
25
26
21
22
21
24
24
25
26
25
24
25
25
26
24
29
27
25
36
55
38
29
47
56
39
33
27
24
30
25
26
23
23
26
26
23
22
24
22
22
21
22
22
22
21
23
21
22
24
23
23
20
22
21
21
22
22
21
26
22
23
22
20
24
22
21
24
21
21
23
23
23
23
23
22
24
22
22
23
27
23
28
21
25
26
25
26
25
27
25
26
26
24
24
25
26
26
21
25
24
21
23
23
22
21
23
23
22
24
23
22
23
25
22
22
20
23
23
22
22
22
22
26
26
24
22
27
23
22
21
22
23
21
22
21
24
23
21
22
22
24
23
24
26
22
22
21
23
23
21
23
24
22
22
24
23
23
23
23
24
23
23
21
22
22
24
21
22
21
23
22
