862
975
853
998
1017
990
1013
938
1011
1004
1020
850
1187
1009
984
940
1015
924
975
1082
1039
994
920
996
970
923
1099
766
1038
1000
963
864
849
969
949
865
873
992
978
962
860
1196
1552
1218
897
1085
881
975
1025
983
886
996
980
888
1016
873
918
959
937
1468
2040
1885
1904
965
1054
2564
3284
1883
1184
868
982
1562
1372
831
923
948
919
968
1032
985
1174
1579
2538
2274
2219
2272
2245
1931
1072
1015
906
679
1245
2267
2371
2420
2277
2397
993
2459
2397
2427
2134
1948
1755
1854
1830
1251
1005
996
1161
1165
1031
878
1026
916
982
1127
903
934
990
891
982
1101
1044
1057
868
1086
1032
998
1003
1811
1832
1077
977
1000
1033
981
1040
986
905
877
1092
974
1025
723
1056
984
988
988
937
1027
933
1034
922
998
1058
1143
2349
2145
2273
2296
2069
2068
2398
1995
2246
2095
2195
2210
2257
2060
1681
1940
975
1013
952
887
1064
930
989
957
992
875
900
990
896
1088
1087
949
1059
995
1048
1007
1071
981
856
877
911
994
1076
996
928
1011
1096
1009
1034
1052
1001
918
847
1529
2578
2215
1531
2106
2636
2003
3717
2222
2301
2656
2688
2084
2107
1730
2371
2118
2885
2553
1557
2343
2552
2095
1725
2315
1925
2144
2010
2122
1875
2178
1566
2515
2200
2211
2051
2238
2409
1196
1983
2033
2227
2065
2104
2579
1907
2185
1976
2028
2212
2269
4113
3157
1981
2295
1542
3352
3873
4312
3305
2653
2296
2247
3841
4814
4552
3792
3002
2783
2306
2194
2308
2324
2333
2304
2150
2313
2260
2719
2484
1714
3073
2448
1231
730
1289
1061
672
1662
1759
1260
1637
4019
2779
942
970
1149
1077
1258
1082
1111
1208
1081
1010
864
965
884
931
876
975
918
934
910
866
912
995
991
962
925
988
1031
1527
1182
657
982
982
996
864
865
884
977
986
1011
1069
968
993
1096
948
863
953
982
1069
1025
975
1016
874
842
847
899
1063
923
1092
793
992
882
878
1008
1012
959
1056
997
1051
958
971
862
923
866
857
975
858
1399
2137
1922
2060
2133
2122
2184
2175
2252
2235
1882
2215
1286
2249
2204
2093
2271
2005
2187
1883
2177
2182
2220
2318
2070
1963
1849
1970
1963
2235
2217
1905
2296
2214
1945
1968
2474
2235
2203
1634
2850
3010
2850
2968
2452
895
2427
2004
2202
2656
2093
1949
2732
2787
1574
2593
1457
2411
2249
2068
2088
1503
1519
1330
884
947
1044
994
978
1018
1050
962
983
1090
981
1035
1031
1031
856
893
923
986
1001
1002
860
1071
885
853
978
988
984
868
865
1024
825
857
856
897
994
1029
868
969
875
964
964
972
909
979
993
848
879
913
932
894
1707
2295
2309
2039
1501
2070
2216
2283
2402
2851
2674
2564
2336
2608
2569
2443
2231
2446
2178
2275
2313
2393
2250
1436
2353
2104
2007
2219
2319
2084
2285
2301
2401
2485
1958
2546
2313
2789
3140
1653
2623
3323
2681
2111
2381
2501
2312
2108
2098
2234
2328
855
1788
1495
840
1128
1334
1288
1195
1176
912
845
951
1473
880
983
874
1022
872
1066
895
879
1084
995
870
934
1017
1139
763
950
978
886
1091
1037
868
901
994
930
925
922
998
1085
927
707
984
884
1034
875
1001
869
1032
963
967
961
1061
995
857
1035
783
997
1784
2091
2070
2013
2251
2061
2246
2273
2203
2159
1920
2337
1754
635
1595
1553
1938
1856
1716
1330
1582
1449
1007
1038
1234
1226
1216
985
918
996
979
1049
884
912
1555
1915
2235
2287
2320
1846
2222
2606
1242
1746
1983
2189
2097
2188
2004
1357
1692
1532
1769
1159
1407
1497
1185
1090
1109
1066
3196
3136
3149
2663
1653
1863
1618
2189
1889
1895
2881
2246
2087
2081
1879
1719
2252
1211
2448
2375
2089
2060
2374
1169
2039
2442
2424
2587
2411
2043
1173
2328
2208
2471
2323
1860
1889
1774
1713
1636
1628
2526
2012
2329
1868
1333
2500
2382
2364
2162
2266
2138
2264
2266
2003
2231
1839
1815
1052
1441
1273
1379
1177
1063
1093
1119
1088
984
1003
1233
797
765
976
998
932
999
995
870
886
1002
1049
1018
863
1027
1092
822
993
996
972
968
950
844
912
965
994
1016
1007
968
1205
831
2121
1970
2276
2465
2256
2233
1234
1949
2161
2294
2110
2870
3664
2792
2868
2577
3165
2922
1289
2034
2439
3428
2605
2396
2307
2322
2040
1890
2332
2453
2362
2226
2024
2094
2963
1223
703
928
1014
1035
1003
1033
1043
1003
1049
1406
1672
2187
2262
2343
2119
2295
1737
2193
2237
2099
1926
2263
2243
2194
2269
1981
1975
2171
2276
2191
1897
2264
2016
1823
2130
2070
1683
937
842
981
1019
1038
813
947
878
1067
911
985
1008
896
905
915
952
991
972
998
865
978
881
953
996
853
1072
984
991
1659
3628
2511
2090
2125
2217
2313
2269
2520
2345
1992
2262
2511
2106
2376
2081
2206
1905
1825
2294
1827
1183
898
985
1660
2386
2694
1368
2274
2905
2732
2134
1827
1947
2092
1893
2187
1783
2303
1766
743
827
996
1005
942
1019
981
969
1570
2419
1910
1273
751
929
1206
1165
1076
1165
1237
1231
1346
1048
1054
1222
807
2333
2656
2206
2076
2261
1834
1649
781
1639
2005
2197
2225
2346
2114
1501
1863
1894
1686
1590
1576
1678
1365
1111
925
1012
1042
1010
956
897
983
1068
1058
893
1001
1021
1088
1097
775
687
921
892
826
950
1009
1010
983
870
845
955
944
968
1033
975
992
986
852
963
909
935
873
1009
968
972
891
1040
917
1369
1565
1282
