19
15
12
18
10
10
10
10
9
10
15
16
17
32
160
47
18
17
21
17
16
20
16
17
17
17
17
16
17
53
19
18
17
18
20
28
17
17
21
20
18
17
18
36
40
18
15
15
15
14
15
15
16
15
15
15
17
15
15
18
16
16
16
16
16
21
16
16
16
19
15
17
17
17
17
17
17
17
16
15
16
16
16
16
17
18
19
17
17
18
16
17
19
15
16
34
29
16
19
20
18
18
60
21
17
18
18
16
30
17
19
20
20
18
19
22
37
31
25
30
16
16
16
20
19
19
18
20
20
17
22
18
16
18
18
18
17
17
20
23
18
19
17
19
20
17
18
19
16
17
77
19
19
21
18
21
17
19
16
18
20
19
23
19
18
17
18
21
18
19
19
18
18
18
17
18
17
17
18
20
18
18
19
10
12
16
16
15
17
19
16
16
18
17
17
17
17
17
17
14
18
19
17
17
18
18
17
15
20
17
17
17
19
17
16
11
10
10
10
16
10
12
12
11
10
10
13
10
12
11
10
9
12
9
10
18
16
10
9
10
10
10
10
10
10
10
9
9
9
10
9
9
10
10
10
13
10
9
9
10
10
9
9
10
9
10
10
10
10
10
10
10
10
10
10
10
9
9
13
10
10
10
9
9
10
10
10
9
9
10
10
9
10
10
9
10
10
10
10
10
10
13
10
10
10
10
10
10
10
9
9
10
9
9
9
9
9
10
10
10
10
10
10
9
9
12
10
9
10
10
10
10
10
9
10
9
10
10
9
10
10
10
10
10
9
10
9
9
12
9
9
10
10
10
10
9
10
9
9
10
10
10
10
10
10
10
10
10
10
10
10
12
9
10
10
10
10
10
10
14
15
17
10
9
10
10
10
10
10
10
9
10
10
10
10
13
9
10
10
11
9
10
11
10
10
10
10
10
10
10
10
10
10
10
10
10
9
10
13
9
10
10
10
9
10
9
9
10
10
10
9
10
10
10
9
10
9
10
10
10
9
13
9
10
10
10
10
9
10
9
10
9
10
10
10
10
9
10
9
9
10
9
10
9
13
10
10
9
9
10
10
10
10
9
10
9
10
10
10
9
10
9
10
10
9
10
10
10
13
9
10
10
9
10
10
10
9
10
9
10
10
10
10
9
10
10
10
10
9
9
10
13
10
10
9
10
9
9
10
9
10
10
10
10
9
10
9
10
9
10
10
10
9
10
13
9
10
10
10
10
10
10
10
10
9
9
9
9
10
9
9
10
10
9
9
10
10
13
10
10
10
9
10
10
10
10
10
9
10
9
9
9
10
10
10
10
9
9
10
10
10
13
10
10
10
10
10
10
10
10
10
9
10
9
10
10
10
9
10
10
9
9
10
10
13
10
10
9
10
10
10
10
9
10
10
10
9
10
9
10
10
10
10
10
10
10
10
12
10
9
10
10
9
10
10
10
10
9
9
10
10
10
9
9
10
10
10
10
10
10
10
12
10
10
10
10
10
10
10
10
10
10
10
9
10
10
10
10
10
10
10
9
9
10
12
10
10
10
10
10
10
10
9
10
10
10
10
10
9
10
9
10
10
10
9
10
10
13
10
10
10
10
10
10
10
10
10
9
10
10
9
9
11
9
10
9
10
10
10
10
13
10
10
10
9
10
10
10
10
9
10
10
10
10
10
10
10
10
10
10
9
9
10
10
13
10
9
10
10
10
10
10
10
10
9
9
10
10
10
9
10
9
10
9
9
9
9
13
10
10
9
10
10
10
10
10
10
10
9
10
10
10
10
10
9
10
10
10
10
9
13
10
9
9
10
10
9
10
9
9
10
10
10
9
10
10
10
9
9
10
9
10
9
13
9
9
9
10
10
9
10
10
10
10
10
9
9
10
10
9
10
10
9
10
10
10
10
13
10
10
10
9
10
9
9
10
10
10
10
10
10
9
10
10
10
10
10
10
9
10
13
9
10
10
10
9
10
10
10
10
10
10
10
9
10
10
10
9
10
9
10
10
10
12
9
10
10
9
9
10
10
10
10
10
9
9
10
10
10
10
10
11
9
9
10
9
10
13
10
10
10
10
10
10
10
10
9
10
10
10
10
9
10
10
10
15
15
14
15
10
13
10
10
11
10
10
12
10
10
10
10
11
10
11
10
10
10
10
11
10
10
11
10
22
10
10
10
11
10
10
10
10
10
10
10
10
10
10
10
10
10
10
10
10
10
10
16
10
11
11
11
10
10
14
15
17
16
16
16
15
10
9
9
10
10
10
10
9
10
10
