739
1792
1849
1850
1347
1580
1645
1701
3843
2164
2326
1928
2243
2482
1905
1106
1465
1424
1407
1536
1400
778
1556
2160
2710
2370
2569
2809
3731
2664
2310
2445
2354
2610
2267
2005
2046
2431
2399
2292
1769
1946
2181
1599
1071
918
1065
1178
1160
1509
1864
2762
2497
2126
2464
2411
1595
2069
1376
1941
2281
1030
2016
2040
1303
2473
3670
2391
2007
3324
2087
996
858
1331
1720
1625
1085
795
1141
1109
953
1045
1120
963
1059
1111
966
1020
926
1371
938
735
959
931
1055
1023
1066
1092
910
1001
937
985
984
1151
1803
949
1169
1128
1139
1047
960
1173
1080
1113
1107
895
975
1642
925
1122
1062
1033
1105
1086
1098
1062
1053
1078
1034
1024
1129
1109
1147
1052
1108
989
1067
1105
1100
1013
1168
1048
934
1186
924
1144
963
1142
985
1078
1087
1065
1085
1064
1091
1120
969
1035
1063
1072
1028
971
1110
917
1057
1034
1029
942
970
1049
1665
2017
967
1070
1133
1117
1050
1071
1023
1038
1033
1122
2204
1963
2312
2171
2001
2272
2540
2430
2330
2723
3752
3100
2747
2197
2252
2480
1972
1783
1072
1530
1468
1146
1133
1129
1184
1134
1089
947
1127
1223
1530
1397
1440
1366
1780
2925
1113
1028
1087
996
956
1044
999
1077
1024
946
1061
1016
1277
1832
1240
938
945
1059
1050
1079
1023
964
1143
1162
1265
1388
1510
924
1943
810
2000
2247
2131
2035
1776
782
1324
1472
1442
1319
1135
1183
1166
1057
1035
893
903
1463
2442
2126
2133
2384
2052
3215
858
2198
2260
2137
2079
2277
3364
4110
2207
2140
2218
2667
2389
2490
2542
2411
2361
2238
1792
1744
1510
1349
1570
1500
1378
2372
2460
2480
2080
2206
2644
2403
3807
2676
2039
2547
1934
2473
2307
1977
1905
1931
2101
2501
1298
1574
1320
915
1366
1063
1528
1554
1124
1031
1206
1393
1172
1424
1376
1098
1138
1186
1297
1820
2240
2542
2434
2356
1319
755
2429
2587
2454
2591
2119
1409
962
1749
2353
1998
1597
1819
1742
1534
1414
1078
998
1175
1158
1023
1233
937
1120
1035
900
1141
1354
1514
1127
1016
1068
902
1101
1027
1061
1105
1068
1068
1095
874
852
1009
1135
1064
1027
1136
915
1109
1041
932
1056
905
1138
1444
2424
2306
2210
2225
2507
2114
1372
2208
2081
2169
2573
2229
2933
3509
2044
1948
1799
1365
1638
1542
1048
927
1028
955
1028
1017
987
900
962
929
1076
1085
962
953
1041
993
967
1076
1019
1109
1125
1117
1077
1050
1068
1039
819
1051
1068
905
911
1024
902
1008
1084
1028
1110
1032
1016
1687
1404
1799
1424
1673
2159
1290
1028
1365
1167
758
1060
1225
1275
1098
1273
1223
1087
1077
1083
824
887
1150
1073
1041
901
941
1096
999
1050
995
1062
1068
1013
1023
1034
1003
1008
1012
1044
983
1047
1121
1081
908
1089
906
1390
911
2192
2203
2039
2308
2319
2454
2257
2385
1969
2325
2009
2394
2418
2313
2342
1973
1686
1793
1899
1374
1481
1394
1282
1154
964
1139
1116
1036
1050
1113
908
952
887
911
1144
1045
1063
1059
924
1051
1058
966
913
932
967
1239
1641
1111
1110
1052
977
1082
1079
1065
1069
1057
1050
1029
1076
1072
1013
1061
1023
1029
928
966
1009
959
1033
963
1092
1052
996
899
1034
1089
1037
1080
1147
914
970
1163
1025
1031
1087
1127
958
898
1026
1113
995
1090
1085
1096
1081
1076
1073
1075
1153
823
1095
1041
913
755
1087
1041
1021
924
893
800
916
1024
2127
1591
3314
2548
1255
3062
1898
4020
3849
3013
1688
2227
2397
2584
2508
2195
1113
3037
3404
3066
2972
1914
1308
919
862
1053
1046
1074
1061
1037
958
1021
933
1482
1341
924
1448
1333
1356
1043
1218
1301
1734
1379
1657
903
924
992
977
1075
1113
947
1037
959
1097
930
941
1570
1534
1068
1600
1583
1378
2536
2600
2145
2498
1978
1883
1851
1812
1686
1831
1884
1720
1757
1862
1851
1906
1864
1907
1655
1683
1799
1701
1807
1677
1846
1839
1822
1767
1817
1787
1771
1789
1799
1733
2061
3738
1276
952
885
1089
1071
1080
1264
891
1310
1041
1052
3441
4016
3644
1225
1711
1721
1934
1152
1311
1535
1371
1018
1110
1126
936
1180
1109
931
983
1116
1179
935
1469
1502
1666
1803
1889
1923
1836
1847
1856
1157
930
1166
1194
1195
1118
1048
832
1083
1041
911
1144
1202
2546
2091
970
1026
1041
1045
1534
2138
1106
1092
1711
871
2058
2001
1714
1878
2283
2066
2324
1847
1914
1762
1962
1765
1897
2014
2477
983
908
1145
1132
951
961
1029
1068
997
1241
2537
2068
1937
2606
1841
1895
1832
1676
1944
1807
1915
1504
1648
1814
1770
1713
1657
1710
1595
2008
2035
1700
1806
2057
3873
4175
4247
3688
2659
2936
2475
3722
1928
1778
1251
1566
2451
3422
2477
1429
1456
1604
1916
1970
1521
1788
1922
1955
1930
1836
1844
1095
715
1088
1520
1521
1299
1487
1549
1264
1033
993
1239
2056
2303
1821
1779
1585
1404
1592
1336
1178
1087
1032
1275
1062
1038
1001
1304
1046
1021
1054
911
899
1063
982
1119
741
1039
923
893
1049
1019
986
970
1073
904
1077
952
1088
1274
1645
1069
954
1030
1329
776
1083
948
1034
975
1064
1070
952
778
995
965
1015
1031
1029
917
1048
893
1169
1155
1941
1741
4192
3817
4309
1575
1227
2151
938
829
937
1267
922
811
786
881
1054
1337
1069
1093
970
891
1146
1043
785
866
1166
937
891
975
1078
1101
1643
1649
1078
908
1338
1332
863
943
894
1076
915
1015
1083
1541
2301
2182
1974
1960
2005
1860
2272
1557
1197
1652
2562
2502
2230
1513
1344
1615
2194
2507
1596
2731
2647
2379
