1009
2430
2422
2336
2144
1831
1245
2223
2184
2464
2125
1764
1611
1477
1374
1436
1284
1304
1283
1210
1115
1255
1206
1224
1331
1775
3965
1919
1270
2501
2577
2429
2679
2562
2883
2733
2177
2393
2432
2427
2870
3075
2819
2861
3305
2977
3065
1386
1598
1974
1866
1386
1270
1413
1260
1187
1071
1237
1061
1210
1062
1200
1256
1259
1285
1067
1261
1207
1189
909
873
1205
1156
1092
1114
925
1029
1212
981
1173
1329
1683
1058
1518
1580
1454
2007
1168
1122
1224
1205
1159
1089
1103
1092
1263
928
1166
1220
1370
996
1118
1061
1106
1598
1279
1314
1447
1316
1107
1506
1017
2195
2576
2409
2334
2006
2181
1909
1614
1742
1561
1447
1321
1140
1306
1081
1267
1155
1209
1223
1043
1290
1217
1206
1241
1235
1152
1232
1118
1020
1086
1144
847
1201
1178
1235
1255
1242
1256
1059
1123
1362
933
1281
1282
1121
1238
1277
1336
839
1140
930
1103
1258
1163
1145
1221
1053
1174
1283
1115
2531
2420
2848
2317
2658
2378
2710
2644
1275
2436
2431
3018
2411
2706
2671
2712
2378
2697
2684
2845
2268
2682
2253
2590
2553
1607
1861
1174
989
1870
1156
1036
1004
1547
1795
1647
1345
1196
1186
1148
1213
1131
1896
2009
2952
2831
2635
2976
1057
2641
2766
2863
3030
2223
1330
1592
1938
2020
1418
1286
1364
1299
1199
1221
1074
796
1121
1203
1329
1236
1063
1220
1031
1052
1229
1117
1282
2161
1320
1202
1204
1027
1153
1102
1243
1279
1063
1267
1083
1155
1222
1092
1210
1225
1211
1076
1222
1188
2429
4965
1250
1030
1203
1031
1663
1438
1457
3300
2591
2131
2000
2249
2702
2189
2155
2218
2008
1695
1577
1908
1478
1186
1260
1133
1347
1056
1104
1056
1164
1247
1286
1234
1128
1057
1043
1055
1181
1170
1197
1185
1209
1149
2219
2810
2804
2372
2908
2345
3427
3068
3008
2811
3509
3542
2058
2508
2134
2820
3098
3222
2928
2953
2044
2078
2494
1837
1986
1726
1297
1245
1198
1137
1227
1222
1042
1168
1214
1206
1051
1253
1278
1351
1078
1339
1198
1161
1235
1195
1256
1178
1285
1062
1108
1231
1194
1105
1018
1199
1168
1185
1191
1261
1229
1057
1092
1261
1209
1095
1166
1092
1093
1347
1180
1058
1064
1124
1228
1244
1042
1187
1220
1207
1180
1181
1222
1197
1193
1065
1085
1262
2030
2014
1656
1226
1152
1099
1189
1212
1052
1136
1754
2744
2635
2892
2432
2829
1405
2392
2793
2927
2496
2963
2640
2651
2554
2344
2256
2829
2571
2725
2601
2306
2556
2735
2087
2929
3359
2290
2271
1536
2145
1541
1432
1664
1233
1127
1158
1039
1211
1182
1189
1193
1269
1088
1357
1095
975
1254
1273
1225
1151
1200
1235
1192
1119
1206
1277
1457
1172
1219
1235
1059
1032
1203
1316
1048
1217
1243
1187
1196
912
1176
1261
1104
1113
1269
1135
1060
1222
1156
1254
1058
1073
1408
2270
2451
2810
2437
2461
1872
2897
2856
2850
2752
2077
2112
2692
2486
2497
2798
2057
2983
2193
1031
1306
1494
1412
1504
1275
1238
1266
1079
1250
1114
1311
1197
1294
1195
1162
1372
1712
1324
1107
1217
1045
1269
1252
1249
1340
1181
1334
2051
1570
1257
1050
1228
1267
1173
1029
1220
1289
1182
1312
1075
1078
1285
1173
1114
1207
1139
1164
1310
1296
1191
1513
1465
1585
1855
1658
1265
1646
1200
1277
1341
1586
936
1214
1172
1041
1126
1291
1518
1914
2565
2492
2456
2648
2436
2172
2543
2790
3074
2313
3061
2504
2539
2562
2563
2760
2997
2602
2514
2703
2710
4689
4592
2488
2367
2669
3002
2527
2069
1643
1351
856
1439
825
1220
1638
1637
2052
2042
2104
2242
1885
1762
1268
1452
2525
2851
3137
1849
2603
2312
2574
1910
1530
833
1701
2013
1400
2639
2243
1911
2186
1790
1847
1721
1689
1250
1003
1043
1061
1377
1376
1140
1221
867
1047
1037
1262
1128
1095
1136
1229
1156
1068
1213
1450
1318
2771
1852
2038
1314
1275
1269
1025
1541
1079
1281
1205
1177
1266
1252
1550
877
1884
2502
2969
2748
2702
1894
2311
2621
2042
2116
1798
1792
3035
1595
1281
1274
1261
1190
1147
1034
1075
1059
1173
1084
1245
1084
1075
1044
1031
1170
1220
1091
1135
1063
1193
1078
1089
1260
1166
1130
1028
1174
1186
1078
1110
1058
1240
1791
2441
2779
1714
2767
2629
2934
2935
2687
2714
2318
2777
939
2188
2513
2841
2381
2501
2598
2380
2419
2694
2787
2805
2797
2413
2303
2628
2328
2569
2362
2669
2437
2194
2743
2758
2372
2683
2289
2654
2523
2918
2013
3270
3582
1865
2200
1920
3670
2048
1198
2557
1631
2077
1377
1516
1432
2186
2101
3327
1849
1799
1649
1238
1228
1362
1644
1284
1039
1166
1251
1278
1143
1093
1294
1217
1204
1152
1843
2905
2758
2566
2519
2820
4129
2252
2364
2578
2766
2695
2441
2233
2289
1864
1465
1757
1060
1146
1274
1280
1252
1187
1065
1203
1227
1163
1193
1339
1049
2879
2459
2740
2933
2627
2763
2556
2746
2834
2757
2463
2493
3104
2062
2759
2109
2088
2075
1538
1441
1505
1508
1209
1073
2330
4036
2258
1517
2818
1994
1578
2765
2322
3448
2793
3091
3125
2512
2259
903
2882
2799
3069
2386
2196
1718
2864
2824
2328
2670
3167
2947
2829
2286
2761
2546
2042
1614
1806
1402
1422
1397
1371
1252
1194
3395
3214
1132
1082
1204
1209
1578
1841
2264
2461
2461
2735
2680
2830
2917
3115
3003
1308
1322
1085
1225
992
1251
1098
1131
1277
1377
1320
1305
1386
1254
1344
1361
1295
1305
1300
1228
1214
1142
1115
1098
1155
1297
1077
1058
1248
1097
1197
1107
1294
1205
1194
1115
1188
1087
1605
1034
2349
1920
1097
1189
1060
1158
1404
1436
1299
2440
1844
3922
3556
3409
2555
2311
1489
1658
1308
1357
1340
1423
1499
1191
1240
1116
1206
1171
1297
1411
1209
1114
1227
1269
