231
224
239
294
252
306
258
287
237
224
220
252
254
255
252
227
251
261
241
275
267
257
254
268
263
225
255
276
237
262
228
259
250
255
232
256
255
244
230
238
271
279
261
235
247
260
261
234
261
263
280
266
230
260
249
233
292
270
260
274
289
277
264
242
258
271
255
243
247
258
229
263
280
251
253
255
249
246
260
236
255
268
229
279
283
278
281
247
260
268
260
266
278
264
263
294
265
270
296
259
259
274
232
267
268
343
340
270
270
261
300
287
257
306
397
256
270
331
299
260
311
271
325
283
286
316
277
319
295
319
267
273
288
270
360
303
268
266
283
269
271
264
254
253
284
245
279
261
256
244
255
237
268
277
281
258
264
264
232
247
227
264
256
273
257
259
257
247
272
249
258
245
267
245
247
258
225
228
231
226
267
255
254
262
262
282
250
283
245
231
418
502
473
536
463
464
270
259
267
254
228
242
255
219
237
247
239
283
244
231
227
252
249
257
218
267
251
250
229
252
259
252
254
242
251
253
254
263
247
228
277
290
444
533
506
449
430
237
247
243
252
239
206
230
254
248
262
233
205
222
217
202
219
256
244
249
244
231
213
243
242
259
258
243
249
258
269
231
249
244
257
233
244
258
241
214
244
235
256
254
253
269
286
506
515
481
412
213
237
270
246
227
256
251
257
244
252
221
215
232
236
231
213
209
253
258
212
255
253
245
219
249
253
269
268
228
270
268
223
245
248
263
242
245
266
253
272
251
236
265
223
305
308
254
268
247
264
255
245
256
246
281
269
279
232
257
224
261
277
272
268
271
250
231
282
235
260
265
262
287
268
261
251
256
286
254
282
243
261
271
292
266
277
235
281
279
267
264
276
227
269
277
264
251
265
276
262
271
258
270
260
256
257
247
228
262
241
233
240
234
266
258
258
230
274
230
255
252
245
260
260
254
251
271
255
231
231
237
248
274
242
260
261
266
260
260
227
226
254
259
235
250
263
284
281
232
287
256
263
233
279
246
270
232
271
302
283
238
250
248
264
261
283
263
259
288
283
238
275
247
249
257
243
290
273
263
240
249
232
271
282
256
282
288
246
262
293
236
260
268
297
295
279
268
237
256
270
256
260
269
273
229
257
254
237
337
254
302
270
269
263
235
251
249
247
257
262
269
269
259
232
234
236
252
278
230
262
277
268
282
255
254
233
263
252
243
236
283
244
255
282
265
265
253
264
264
246
262
268
231
276
273
266
259
233
260
230
226
499
495
500
474
534
330
261
279
232
264
238
282
264
262
229
248
260
262
267
280
264
253
257
270
249
262
263
274
243
234
245
276
231
264
280
271
256
240
264
261
268
251
243
238
251
273
292
246
270
230
254
230
257
284
259
270
277
241
262
253
258
237
230
230
239
257
282
269
257
244
229
261
237
257
235
267
261
261
246
274
251
239
261
265
280
261
245
252
260
251
244
268
240
274
230
261
239
267
293
235
240
272
226
229
281
266
284
269
284
264
242
270
238
287
230
241
277
231
237
247
289
282
260
237
269
272
231
235
269
260
278
262
230
290
274
238
263
261
276
272
237
257
277
262
255
273
280
250
271
310
283
258
254
266
284
262
285
265
233
258
282
242
237
235
257
253
263
254
267
279
252
233
238
263
251
262
261
246
237
260
264
236
262
236
278
267
265
264
231
235
272
265
247
277
255
271
238
240
263
338
240
274
278
271
231
233
265
277
260
265
268
258
261
278
259
284
260
272
240
255
240
258
270
268
245
258
272
229
264
257
253
276
250
237
252
285
265
236
282
236
270
239
232
245
263
234
253
257
266
272
240
502
263
248
268
284
276
230
247
366
436
249
300
276
295
323
452
495
389
392
359
342
264
504
417
387
372
289
274
236
246
266
273
268
251
240
238
247
241
234
247
218
245
241
251
231
210
241
229
206
246
210
244
215
234
239
226
239
226
212
215
246
246
215
244
244
250
231
250
427
254
281
265
274
243
299
267
278
247
259
216
259
235
244
234
239
223
244
245
260
250
250
245
232
226
231
239
258
266
235
272
243
247
269
248
247
249
257
251
237
274
252
256
254
253
249
260
251
254
252
247
264
232
275
231
269
269
252
231
236
269
236
258
276
268
272
265
256
243
250
252
233
254
225
254
229
274
245
242
244
252
252
258
265
274
245
251
233
260
260
250
268
263
231
256
259
262
260
231
268
273
263
261
235
252
260
256
371
262
225
249
263
250
275
290
244
269
266
272
280
286
245
259
250
234
260
267
257
254
254
253
251
