167
181
160
180
185
167
182
158
163
203
190
188
192
191
177
189
165
178
184
195
191
290
299
217
200
195
187
181
175
179
168
170
192
187
181
166
183
170
174
169
180
186
186
186
194
170
190
197
195
186
169
181
189
184
175
183
185
185
179
189
197
196
182
180
188
183
176
190
185
202
174
182
190
171
188
195
178
174
183
171
165
168
198
175
186
197
186
168
211
185
200
197
196
166
188
177
169
192
170
186
188
175
192
195
205
208
188
173
207
205
176
199
193
193
205
189
184
176
189
191
198
169
183
184
185
184
208
206
205
199
194
209
201
213
194
204
194
194
198
188
197
189
178
208
198
189
173
205
180
207
197
201
180
198
193
192
198
194
189
198
249
196
193
199
171
192
199
194
205
186
187
182
194
195
165
161
184
181
189
155
182
176
178
164
181
168
174
178
173
166
176
168
169
167
166
172
175
151
170
175
156
176
186
158
160
157
178
183
157
191
161
180
165
182
178
175
175
181
186
180
174
189
179
168
167
179
176
188
161
170
179
190
168
230
182
174
183
177
168
190
180
183
187
180
160
177
179
160
174
171
181
164
198
201
181
180
172
183
189
175
185
192
179
183
185
169
197
186
187
191
197
190
176
184
182
193
178
202
200
200
191
193
193
171
189
176
174
182
182
178
182
188
175
180
185
168
197
191
203
170
191
185
200
179
180
208
196
164
200
166
191
184
181
185
170
200
189
185
203
188
188
206
191
185
210
197
196
180
194
200
172
182
166
196
190
180
199
182
199
184
192
181
200
198
183
180
203
199
193
202
199
198
164
194
186
200
196
202
192
189
166
171
176
194
181
199
179
186
180
192
195
191
175
260
234
183
181
188
197
202
188
191
177
178
204
203
188
225
183
195
196
203
199
236
186
222
207
187
191
197
197
198
196
179
193
169
191
196
193
195
188
192
180
187
177
173
187
203
173
193
169
169
182
175
191
195
198
166
200
194
190
206
183
178
174
193
183
178
186
311
193
198
196
207
184
194
184
185
193
181
188
189
175
183
179
191
196
195
200
184
193
175
184
194
190
196
191
188
190
189
201
189
177
190
171
182
187
184
182
186
202
170
186
174
193
169
194
195
201
215
212
172
179
206
184
194
186
174
197
186
198
169
202
186
188
172
172
300
285
212
187
173
198
168
212
173
178
184
201
189
175
186
207
199
201
202
193
171
204
173
187
197
178
171
197
197
195
195
185
200
192
182
172
202
205
197
195
212
207
190
183
173
202
184
188
200
197
196
171
190
198
198
210
193
192
193
207
207
217
170
217
207
197
188
202
320
207
182
218
191
193
191
205
212
202
167
192
217
311
289
193
174
199
243
191
269
216
219
200
243
249
331
481
340
210
233
175
315
386
309
192
209
202
186
198
192
198
183
199
214
196
198
213
206
179
174
160
177
190
190
177
183
183
176
179
174
159
185
164
171
180
176
181
181
185
176
182
171
190
163
176
176
173
177
183
192
182
178
162
169
180
178
389
224
216
301
362
263
171
195
208
225
183
364
338
283
159
169
172
176
162
179
184
175
163
181
182
176
183
175
170
175
175
187
187
183
178
175
174
175
168
171
183
184
181
170
191
199
193
178
197
190
182
170
198
180
171
183
190
190
173
162
167
184
167
186
175
171
178
171
185
196
170
182
181
170
168
202
189
191
192
266
205
230
208
190
195
210
188
189
167
204
179
182
173
189
173
176
180
205
192
202
197
192
184
178
172
200
181
179
176
188
205
197
166
190
169
190
196
166
196
166
191
177
174
171
199
192
179
193
193
175
186
189
199
171
179
203
186
190
187
176
179
174
188
200
185
172
337
207
171
193
202
190
195
247
194
203
198
203
200
179
196
190
179
208
196
205
171
170
187
191
190
203
173
171
178
177
179
173
201
201
191
193
196
199
175
188
208
196
187
200
168
200
168
171
211
196
170
201
172
185
197
208
194
204
203
174
213
180
180
188
176
196
282
361
348
365
362
349
208
171
172
196
175
170
184
179
190
193
188
197
195
191
187
171
194
170
180
188
192
198
192
187
205
174
188
188
203
197
193
194
186
201
193
192
188
204
203
201
201
207
178
190
173
203
193
182
178
201
200
170
194
198
197
202
179
193
187
170
172
190
196
176
190
173
171
190
180
187
193
200
200
222
210
209
193
195
177
178
196
190
203
177
201
202
196
190
178
169
203
198
194
193
190
206
219
181
196
180
181
200
192
179
213
181
172
215
201
197
188
215
205
200
172
173
218
174
197
170
