422
472
596
604
579
1062
1282
1670
1187
888
794
804
915
906
765
705
733
782
882
892
1011
918
676
470
575
642
539
569
492
615
573
538
614
583
577
615
589
570
607
557
569
603
671
576
504
596
498
562
583
574
526
595
532
573
539
588
573
500
555
598
738
726
759
695
749
740
716
903
972
963
939
973
1169
1181
1057
1011
1005
1158
1030
937
849
883
893
938
847
747
638
732
653
627
719
747
567
576
512
570
571
611
698
697
648
949
752
1440
1560
2012
1949
1546
737
667
752
763
747
784
773
828
1001
1298
497
1197
1364
1306
1258
1179
1224
1183
1202
1200
1389
2155
2491
1492
1100
1128
1258
1167
1333
1361
1287
1262
580
698
953
845
818
742
684
774
779
745
700
802
725
664
539
559
580
512
666
483
588
568
715
776
628
525
550
495
548
1090
1370
1356
1546
1396
1369
1751
745
411
1187
1421
1442
1228
1381
1186
1361
1363
1268
1253
1424
1226
1115
1221
1162
1160
1035
1161
969
939
1019
1000
866
899
726
736
812
750
786
759
487
505
585
578
555
560
487
560
534
533
534
556
569
586
539
516
568
536
492
578
597
485
565
582
555
490
562
588
589
552
527
551
580
513
565
597
503
356
493
596
521
572
504
579
489
531
593
585
552
569
532
561
505
550
479
499
478
489
532
520
427
559
556
513
561
482
561
565
549
557
569
565
537
585
572
504
536
546
555
571
621
564
586
572
623
589
589
471
525
526
484
545
550
509
566
498
592
584
500
580
558
556
569
574
572
563
569
491
574
586
518
967
653
545
594
555
526
570
524
508
604
569
573
584
540
566
547
564
516
579
575
567
580
558
697
508
407
608
439
615
562
683
645
676
823
831
1410
1659
1329
1413
957
570
521
539
543
565
590
502
502
538
568
519
699
707
848
962
1200
1285
1242
1181
1249
1272
1287
1245
1372
1140
1379
1069
760
413
1089
1174
1099
994
882
1089
1022
788
798
707
721
727
866
1382
938
456
434
1091
1335
1244
1363
1238
1067
1218
1229
1281
993
1278
1314
1299
1132
1306
1119
1289
1284
1371
701
959
1094
511
467
590
706
751
785
729
667
683
721
561
609
649
598
531
590
591
583
529
597
825
419
575
663
472
467
493
542
675
579
684
488
623
869
825
841
863
859
808
732
851
753
740
764
886
740
789
819
776
885
424
407
451
381
1174
1193
1240
1069
942
419
606
729
835
735
747
758
801
803
812
846
828
726
665
673
605
708
581
555
897
1106
1114
1040
1041
1080
1154
1218
1221
1186
1154
1541
2281
2067
1326
1259
1217
1195
1158
1143
1200
703
511
877
1052
1093
994
1032
856
702
834
793
779
794
717
685
585
565
1139
1267
1129
1219
1162
1227
1170
1202
1046
1084
1131
1254
1712
1568
1862
1234
1418
1115
1180
864
1506
1977
1256
1075
1090
1090
1199
620
1113
1678
1152
1120
1155
1279
1190
1207
1072
1037
1164
1308
1255
2039
1243
1186
1174
1244
1201
1143
1034
1121
949
860
917
1131
401
663
608
673
648
717
659
658
657
564
577
505
577
563
496
565
534
559
554
568
531
619
1093
1938
1450
707
819
571
667
598
612
552
676
606
661
1055
1027
880
1456
2163
2166
1200
1139
1299
1033
1115
1038
1110
1644
814
754
777
789
742
701
729
677
732
768
757
772
734
726
765
747
1365
587
959
1293
1142
1307
1362
1273
1216
1254
1214
1239
1174
1359
1288
1285
1191
1375
1263
1035
1186
1201
1207
967
492
712
1254
1057
1286
1172
1063
1094
978
957
1096
854
781
895
728
620
500
478
489
524
454
544
528
1301
899
879
912
491
482
1294
1192
1305
615
450
442
500
526
496
481
558
473
554
517
573
589
551
556
554
524
563
552
511
553
505
489
540
533
560
529
575
564
581
558
548
588
602
554
552
584
583
596
546
537
527
550
557
574
557
519
514
565
507
539
696
684
773
631
1428
806
851
702
1462
1723
1445
1649
1498
1305
1234
1279
1348
1122
865
680
862
1637
539
516
530
485
492
503
529
671
805
520
495
550
573
455
565
786
543
505
468
536
706
837
628
485
535
422
588
502
519
434
463
543
643
608
575
696
439
697
831
859
476
529
466
471
495
649
918
775
836
547
587
514
604
500
514
522
661
634
553
524
614
797
857
568
477
461
456
454
689
535
494
496
645
642
623
568
645
630
571
613
677
663
620
525
567
577
575
587
576
494
535
622
746
724
652
680
556
548
563
521
718
489
475
618
561
568
511
584
588
504
528
569
553
575
565
674
579
521
574
545
502
497
555
561
599
568
564
486
577
515
603
577
563
574
530
533
567
503
520
600
606
432
576
575
581
527
550
489
560
594
492
581
651
595
606
532
541
532
517
615
601
585
613
604
755
1700
2428
2376
2055
2452
1184
1171
2006
1662
1573
1100
636
1087
1080
1067
1053
983
1005
834
718
395
664
709
635
559
462
534
574
603
582
549
605
597
600
671
524
574
612
506
563
568
575
528
529
