115
126
117
110
115
119
118
117
101
106
117
114
108
112
103
120
121
115
104
117
115
115
108
100
98
99
92
107
94
101
101
97
93
103
104
104
102
106
104
99
104
106
96
105
109
108
104
111
97
91
97
99
108
94
94
107
107
99
98
109
108
102
102
110
112
96
111
98
109
114
114
105
105
110
111
103
97
95
105
103
112
104
116
101
100
98
108
112
107
117
98
113
109
112
104
97
107
108
135
126
113
103
138
131
120
117
116
125
106
100
119
114
97
98
114
108
107
106
117
107
107
100
103
117
112
114
116
96
109
107
107
112
103
110
98
103
97
101
109
101
104
120
119
105
105
107
109
113
98
110
112
112
99
106
98
108
109
107
109
110
113
107
114
107
108
117
101
111
127
103
114
105
110
105
106
109
108
98
117
112
120
112
105
113
112
108
97
113
105
99
110
102
110
108
106
106
114
111
118
100
103
102
113
102
109
108
114
113
110
108
112
103
112
160
131
128
108
116
110
110
109
106
129
120
181
204
197
205
195
107
123
103
105
120
101
117
111
99
107
114
108
109
107
106
109
110
99
116
107
98
103
106
89
109
100
107
100
92
98
107
110
107
106
92
109
93
101
94
108
99
99
105
102
107
108
96
100
109
106
116
110
98
103
105
97
105
117
103
97
103
103
101
108
95
110
112
108
98
110
101
111
116
108
95
110
119
120
114
120
112
106
111
99
102
102
109
114
111
99
103
112
109
108
106
95
108
115
95
110
112
100
115
114
100
95
109
95
112
107
225
110
114
113
98
104
103
117
107
96
112
115
108
106
113
120
113
109
101
110
103
103
101
110
105
108
110
103
101
102
105
110
100
116
98
103
97
100
102
119
110
109
110
110
112
116
102
109
105
108
101
112
100
98
99
114
110
105
111
101
113
113
111
100
108
106
101
101
112
106
109
115
110
111
116
112
116
115
120
124
102
111
117
110
120
103
111
108
116
113
109
110
103
112
108
99
118
115
108
104
111
114
107
111
103
119
98
102
100
104
109
118
107
126
101
121
121
116
106
104
119
122
116
118
114
117
106
114
109
109
121
118
112
100
101
111
103
101
115
112
114
110
104
117
112
120
107
120
119
116
122
121
116
121
119
119
110
106
104
129
116
102
111
111
117
117
107
117
113
115
104
115
112
118
121
120
117
115
110
114
116
114
114
102
115
115
108
114
124
110
103
127
122
121
115
122
125
125
119
118
104
116
106
123
120
104
125
121
122
118
120
116
100
111
111
114
109
103
122
126
115
123
113
105
115
109
105
102
112
111
110
107
110
117
108
110
112
142
128
108
111
110
108
102
107
96
105
108
106
113
113
105
111
107
111
111
98
113
113
117
113
117
118
112
107
114
115
113
117
114
107
120
108
101
114
107
106
114
106
106
117
107
106
109
114
106
115
104
117
112
108
108
109
114
110
110
115
108
114
119
108
116
112
109
108
112
102
111
108
106
108
109
106
108
108
116
105
113
117
110
115
108
111
106
112
111
112
106
108
108
107
108
100
110
117
113
106
104
111
107
109
109
113
102
112
108
108
100
107
115
167
118
109
113
110
102
111
98
102
115
102
97
114
112
110
112
104
108
111
103
107
100
108
111
107
113
109
102
110
114
114
107
110
114
108
105
103
120
102
102
120
118
114
115
117
119
109
110
107
120
128
98
112
112
123
119
116
115
119
95
117
105
109
109
104
99
116
118
102
106
111
109
108
110
101
108
106
119
110
112
104
107
109
111
105
114
114
120
110
103
115
129
111
116
106
103
111
107
109
101
98
106
113
97
108
110
104
111
107
103
115
154
120
115
102
114
98
115
108
103
111
109
103
114
111
109
113
100
120
105
101
122
120
108
107
113
105
119
111
116
114
116
113
120
104
106
112
111
101
119
113
97
113
104
99
105
104
110
103
112
109
114
110
111
109
104
115
106
110
116
115
115
100
113
112
104
98
116
109
112
106
108
115
109
111
97
115
103
119
116
104
109
109
113
111
116
108
114
103
116
113
120
105
113
117
100
111
113
117
107
110
116
102
109
101
112
105
102
110
99
105
109
111
183
114
106
113
118
112
115
119
105
117
116
113
121
111
115
101
120
114
105
102
119
103
105
117
97
98
109
103
114
109
109
98
107
107
99
96
113
98
99
109
108
113
109
104
116
111
109
110
99
109
100
110
112
97
114
99
104
100
114
101
109
111
111
111
109
112
111
116
105
99
110
115
101
121
101
117
109
123
105
105
114
98
103
110
99
112
116
112
