130
136
88
86
60
74
60
64
67
56
59
57
57
64
57
61
56
68
83
72
76
63
62
76
65
57
81
57
62
60
61
59
61
76
81
88
120
71
79
100
112
78
60
63
60
60
60
57
71
79
66
60
59
63
65
109
62
67
61
67
68
77
62
63
82
79
105
89
62
78
68
69
60
61
56
58
63
62
78
111
82
67
62
62
75
58
64
59
58
60
64
63
61
67
64
63
64
63
61
64
61
55
62
63
62
56
63
59
70
55
56
64
55
56
64
63
61
63
64
61
64
64
62
55
62
58
61
70
64
62
67
58
64
62
60
60
66
62
55
58
64
63
62
62
58
66
63
61
57
63
65
50
55
51
55
54
54
54
54
49
52
56
53
51
55
49
52
48
55
54
53
53
56
55
53
54
54
53
53
52
55
51
55
55
58
53
54
54
53
50
55
57
52
55
52
54
54
55
49
54
59
50
57
53
50
48
53
48
53
52
57
54
49
56
54
54
51
53
54
49
54
55
49
49
48
52
53
53
52
53
49
52
53
54
53
52
55
52
48
53
52
54
54
49
58
60
56
60
73
66
55
48
56
52
53
56
65
63
76
68
63
61
60
80
106
75
69
66
65
66
52
54
63
57
55
54
51
52
53
62
54
54
49
50
55
53
52
52
51
52
56
58
53
54
54
54
53
57
49
51
54
49
52
50
57
59
55
51
49
54
54
53
53
57
56
55
54
56
52
55
57
57
53
53
55
52
53
53
53
53
55
53
53
59
58
54
55
55
55
50
53
55
58
56
57
57
57
51
56
54
56
53
54
58
55
58
53
56
56
56
56
58
54
50
53
57
59
55
50
56
53
51
51
57
54
54
55
53
51
55
56
56
55
55
55
58
58
50
57
50
58
59
49
57
55
56
52
50
51
55
57
54
57
59
55
55
50
56
55
50
54
52
53
54
53
55
55
55
55
63
55
60
59
56
52
51
50
55
55
56
56
56
55
50
58
54
53
56
55
56
56
52
52
57
51
49
52
53
60
54
59
55
58
56
55
56
61
53
57
57
55
59
57
56
56
61
118
97
73
62
63
57
63
62
60
67
90
72
60
64
65
58
63
62
63
56
56
57
55
58
63
55
59
55
52
58
58
55
55
52
56
51
55
56
59
56
53
54
52
57
57
60
57
59
54
56
59
61
52
58
54
58
57
57
59
52
60
53
60
60
55
52
59
57
57
58
52
59
58
57
54
59
58
61
57
59
54
60
54
59
57
54
61
58
55
53
59
60
56
60
57
53
62
58
58
59
61
58
55
60
51
61
52
61
55
54
52
56
58
56
60
57
54
54
63
51
58
56
52
54
58
59
60
58
57
57
57
59
53
56
51
53
55
51
55
52
55
56
57
60
60
53
61
60
59
57
60
62
54
55
57
59
60
59
60
59
59
57
59
59
60
55
61
57
60
58
52
56
58
58
61
57
58
64
59
55
62
57
60
57
52
60
53
56
54
61
61
64
58
57
86
60
70
60
64
62
59
57
54
53
59
54
52
53
53
60
60
59
63
63
69
63
87
63
61
56
58
57
58
59
56
51
58
55
56
56
53
62
54
58
54
52
53
58
57
57
60
54
56
57
57
58
55
57
58
58
56
57
58
55
56
58
57
57
58
53
59
58
59
52
55
58
57
58
55
52
56
51
52
58
54
52
52
55
53
52
56
53
59
57
61
52
57
56
57
54
60
54
57
59
59
53
58
57
53
52
52
62
55
55
57
54
53
52
60
57
56
53
56
56
58
57
57
59
52
57
53
58
57
54
57
60
58
57
52
56
56
55
56
52
57
55
56
59
57
56
53
57
59
53
57
58
56
56
58
55
76
56
55
53
58
56
58
54
54
60
58
59
60
61
56
57
59
57
54
56
57
57
53
55
55
56
60
53
53
52
59
53
56
56
54
57
57
56
56
59
58
57
62
54
56
60
54
53
56
59
56
57
55
66
63
60
55
60
56
53
61
56
52
55
55
53
54
56
56
53
56
57
59
54
57
58
54
56
53
58
55
58
53
60
55
53
58
55
54
55
56
57
52
57
57
57
61
63
53
57
59
61
59
57
55
56
52
54
54
58
55
58
55
58
61
60
59
60
55
59
56
55
58
53
54
57
62
58
54
57
57
60
56
56
60
59
58
51
58
56
58
51
57
57
53
62
60
52
59
57
56
56
58
58
52
60
58
51
60
58
55
57
58
59
57
53
56
55
56
55
62
53
55
55
58
52
54
56
58
52
59
53
52
59
