1240
1281
1376
1090
1047
1200
1032
1079
1127
1172
1188
1224
1101
1113
1309
1212
1075
1128
1093
1191
1280
1119
1224
1058
1339
1366
1193
1252
1295
1299
958
1206
1208
1205
1066
1182
1111
1197
2052
2554
2835
2770
2643
2610
2618
2809
2523
2630
2498
2896
2962
5008
2254
2050
2807
2506
2623
2940
2847
2838
2447
2036
1767
1954
1593
1624
1632
1080
1195
1423
2145
1071
1220
1092
1234
1070
1028
1275
1317
1241
1081
2033
1899
1392
1548
1590
2746
1488
2159
1929
1278
1296
1211
1101
1095
1245
896
1200
1194
1220
1229
1251
1053
1140
1068
1282
1076
1356
2295
2502
2402
1219
1215
1208
1190
1152
1292
1677
3126
1824
2016
2216
2537
3085
2944
2809
2509
2856
2577
2618
2219
2285
1786
2127
1801
1619
1500
1425
1239
1164
1221
1199
1156
1306
1116
1208
1269
1353
1180
1211
1053
1207
1176
1197
1197
1089
1249
1182
1186
1248
1183
1252
1183
1196
1234
1137
1186
1215
1219
1267
1125
1109
1229
1110
1278
1244
1299
1258
1199
1107
1270
1090
1460
1187
1227
1250
1230
1032
1189
1245
1257
1221
1194
1241
1041
1198
1079
1135
1147
1216
1052
1209
1132
1253
1213
1164
1903
1470
1095
1108
1042
1240
1314
1112
1252
1081
1332
1404
1402
1261
1491
3570
1853
2177
1433
1575
1033
1188
1292
1287
1074
1256
1657
4737
2719
2752
2676
2641
2817
2444
2618
2362
2534
2729
2985
2468
2539
2387
2689
2693
2401
2772
2311
1915
1985
1673
1515
1471
1379
1216
1226
1200
1090
1229
1204
1224
1070
1200
1186
1076
1080
1290
1115
1230
1196
1036
1212
1278
1139
1236
1235
1100
1066
1169
1066
1282
1083
1232
1083
1159
1159
1199
1290
1273
1207
1103
1114
1173
1167
1188
1195
1280
1024
1245
1153
1243
1071
1299
1180
1044
1199
1233
1162
1277
2432
2865
2730
2690
2986
2583
2689
2192
2817
2570
2338
1987
2422
2242
2453
2137
1892
1869
1429
1601
1004
2207
1539
2387
1569
947
2179
2341
2528
3159
2191
1194
1514
1521
1520
1564
1678
1494
1668
2946
3051
2453
2767
2662
2951
1720
2720
2245
2311
2552
2083
1619
1782
1891
1666
1261
1477
1419
1280
1199
2232
2702
2595
2568
2643
2774
2494
2757
2363
2880
2840
2957
2534
2443
2684
2189
2082
2092
1830
1289
1370
1507
1325
1291
1314
1242
1204
1282
1266
1068
1271
1260
1230
1218
1243
1309
1066
1059
1164
1277
1207
1100
1307
1324
1122
1264
1247
1042
1286
1245
1150
1208
1223
1065
1139
1284
1201
1192
1089
1191
1181
1279
1543
1129
1518
1386
1808
3075
1444
1734
1423
2206
1267
1172
1263
1522
1034
1034
1886
2501
2380
2719
2853
1009
2456
2845
2852
2790
2758
1789
2379
2736
2535
2768
2565
2480
1908
2034
2151
1539
1509
1558
1956
1887
1118
1104
1053
1197
1130
1269
1075
1222
1263
1364
1117
1057
1064
1267
1053
1304
1209
1330
1194
1175
1230
1474
2469
2769
2820
2983
3073
4987
2349
2556
2373
3341
4500
1640
1693
1528
1428
1646
1211
1230
1779
1613
1426
1039
1206
1229
1246
885
1183
1191
1074
1200
1180
1104
1124
1216
1163
1036
1196
1137
1234
1300
1299
1066
2317
2956
2967
3310
1018
1832
3111
1503
1709
3137
2455
2274
1620
1568
1332
1365
1730
1630
2655
2422
2768
2731
2405
1939
2686
2473
2796
3245
3194
2397
2844
2895
2587
2899
2945
2406
2221
2067
1803
1679
1404
1209
1418
1608
1034
1160
1170
1220
1135
1207
1223
1340
1059
1142
1090
1214
1236
1047
1071
1243
1169
1076
1219
1172
1059
1263
1258
1232
1214
1134
1056
1195
1264
1349
1386
1424
1210
1195
1147
1272
1244
1283
1211
1224
1175
1235
1164
2203
2325
2400
2790
2870
2928
2673
2600
2968
2705
2382
2852
2295
2495
1437
1651
1902
1541
1951
1594
1134
1195
1213
1285
1212
1065
943
1167
1292
1345
2637
3657
2717
1022
2477
2042
1862
2128
2768
2638
3010
2581
2853
2501
3079
1553
2531
2552
2663
2473
2541
2706
2396
2331
2336
2041
2098
1757
1378
1567
1429
1243
1186
1069
1108
1111
1065
1233
1764
1165
2776
2473
2424
2979
2667
1061
2403
2527
2940
2765
2867
2838
1785
1786
1496
1471
2259
2014
1410
963
1347
2316
1268
1323
1604
1656
1187
1289
1053
1362
1236
1179
1180
1229
1237
1213
1112
1064
1252
1119
1006
1105
1179
1166
1038
1168
1123
1058
1279
1123
1217
1293
1521
2034
2520
2580
1564
1192
1363
2655
1325
1799
1488
2686
1711
1868
1131
1218
1309
1209
1224
1226
1193
1495
1931
1048
1710
1244
1263
1064
1226
1191
1053
1054
1298
1512
1082
1222
1274
1052
1161
1152
1139
1189
1346
1258
1619
1789
1147
1006
1107
1087
1099
1131
1245
1144
1313
2066
1237
1330
952
1142
1146
1287
1286
1225
1247
1113
1049
1033
1317
1107
1127
1076
1149
1237
994
1120
1192
982
1150
1078
1054
1092
1114
1050
1008
1211
1143
1027
1064
1305
1199
1036
1274
1192
1183
1325
1100
1001
1225
1055
1178
1046
1213
1104
1247
1047
1134
1048
1009
1263
1089
1242
1199
1053
948
1215
1231
1210
1162
1413
1022
1177
1143
1114
1228
1142
1158
1200
1259
1266
1095
1280
868
961
1164
1194
1227
1275
1184
1280
1206
1290
1122
1245
950
1162
1289
1031
1263
1210
1038
1176
1193
1092
1152
1085
1126
1030
1243
1300
1202
1211
1264
1219
1205
1110
1185
1319
1748
1617
1322
1598
3781
3586
2192
1393
1737
2400
2879
2733
2722
2810
2378
2105
1941
1755
1834
1456
1304
1310
1296
1343
1271
1201
1267
3684
4992
4714
4044
4750
3653
1177
1881
2690
1068
1103
1486
2677
2879
2091
2299
1429
2048
1387
1609
1624
1589
1453
1360
1290
1244
843
1011
1201
1286
1203
1231
1107
1110
1105
1122
1113
1247
882
938
1211
1115
1280
1156
1256
1223
1045
1204
1258
1210
1214
1066
1317
1028
