79
73
79
67
71
66
70
66
73
65
69
67
70
66
73
64
61
68
69
65
62
66
64
68
68
67
65
69
68
67
64
70
67
66
72
74
63
62
73
64
66
71
68
66
62
68
71
71
68
66
64
67
69
67
75
69
75
73
70
67
65
67
73
69
68
74
70
68
64
72
69
71
67
71
64
71
108
138
119
62
67
71
62
73
69
71
70
74
75
69
64
73
77
66
76
71
74
71
67
70
70
77
73
73
74
74
70
71
71
68
68
70
72
64
69
76
70
66
72
65
74
70
71
69
66
71
69
64
70
71
70
71
73
65
68
76
69
73
70
75
73
70
72
65
76
66
70
64
76
71
75
68
69
71
72
74
72
68
77
68
69
68
72
71
72
71
72
77
66
71
72
75
69
71
71
73
66
71
69
71
75
74
67
70
72
74
66
65
72
72
72
70
68
78
66
73
69
74
74
72
70
65
67
71
77
65
68
71
73
74
70
75
69
73
75
71
69
72
73
66
71
73
78
74
70
67
72
64
70
65
79
73
71
70
70
69
73
74
77
75
65
65
86
76
73
68
67
77
79
78
76
74
74
79
80
67
74
76
76
77
78
75
72
75
74
72
70
72
75
69
78
66
67
70
76
68
72
69
68
66
65
66
65
70
73
77
73
74
79
74
73
74
73
74
73
70
75
66
76
72
72
75
71
70
74
74
76
75
72
74
75
68
78
74
78
77
74
68
78
79
73
80
75
67
74
76
72
76
67
77
68
72
78
70
79
74
74
73
73
70
73
73
74
69
75
73
72
77
74
70
76
70
69
75
73
78
74
78
71
75
71
75
67
69
78
77
79
70
75
69
76
71
79
77
74
73
79
75
74
74
79
77
71
75
71
71
72
67
75
81
76
79
77
70
75
71
74
76
79
68
78
76
79
128
81
76
68
78
78
76
72
78
81
74
78
68
79
72
75
72
74
81
71
79
73
80
76
74
76
77
73
74
69
78
82
70
80
74
72
65
71
67
75
72
66
66
74
65
73
75
78
68
66
66
71
75
74
74
76
66
73
78
75
75
68
77
73
75
77
68
73
78
81
73
81
77
75
75
79
78
66
71
73
76
75
73
74
79
77
67
78
75
68
73
80
73
75
80
78
77
75
76
68
69
79
76
74
66
70
72
72
78
78
77
81
67
77
75
74
76
70
80
79
74
66
76
74
71
68
67
69
68
73
73
72
73
75
77
74
78
80
76
74
68
79
72
72
76
71
76
75
73
73
74
71
68
72
73
67
74
72
74
70
73
66
78
72
74
67
112
115
77
78
76
83
74
86
75
75
80
81
71
74
70
85
81
126
129
82
75
83
67
75
74
66
79
74
72
81
79
89
99
79
80
76
101
87
84
81
98
70
81
75
85
85
89
78
76
76
129
154
108
94
129
114
89
115
90
82
77
127
91
76
66
75
83
77
81
95
86
79
65
76
80
69
79
72
111
72
79
81
72
81
74
83
72
95
96
90
82
100
84
101
83
89
73
83
76
77
71
82
79
73
111
82
78
72
77
74
71
78
78
80
78
80
74
78
73
81
84
79
81
70
81
84
71
81
78
82
76
78
71
80
76
73
85
76
78
69
71
84
82
80
78
82
79
75
75
82
74
79
82
78
81
78
78
77
76
73
72
80
82
72
77
81
73
80
74
77
74
69
63
68
68
72
66
75
71
71
69
69
62
69
66
68
69
68
61
67
70
68
64
71
72
67
72
75
70
73
71
67
69
69
68
73
65
69
69
72
63
71
77
73
71
76
67
85
95
82
89
70
76
71
80
67
77
86
79
63
73
71
76
74
71
75
69
75
71
70
89
69
66
76
72
68
69
75
66
77
75
73
72
78
73
67
73
78
66
76
78
76
81
79
79
67
75
76
73
71
73
72
72
72
68
70
76
75
69
76
70
70
81
66
77
79
75
71
70
72
76
72
73
75
73
71
66
75
72
66
75
74
72
75
76
74
74
70
76
77
68
73
73
65
77
76
72
75
76
73
72
77
73
74
65
76
74
76
75
72
75
65
74
76
76
78
73
76
77
73
70
76
78
78
77
76
71
76
76
68
78
71
73
76
74
73
76
73
71
75
75
74
78
69
76
78
73
74
78
74
67
71
79
73
76
70
75
77
73
75
71
79
70
76
74
75
76
75
69
76
81
80
119
83
95
79
72
85
83
82
82
79
74
82
81
79
78
77
81
80
77
75
83
83
85
80
86
83
74
109
140
101
111
74
78
71
75
70
74
76
74
