904
948
969
1008
974
965
956
970
949
601
502
429
536
539
512
511
463
500
489
553
472
517
537
468
380
349
461
569
512
461
543
574
520
478
515
482
344
509
449
575
369
430
526
501
482
540
534
521
528
499
554
503
418
343
426
547
508
514
475
472
475
487
495
598
424
528
447
454
601
580
533
653
647
748
592
424
390
542
666
400
446
521
484
513
568
527
541
540
490
494
436
526
457
470
539
466
527
533
477
540
503
453
466
444
423
536
517
570
485
507
462
494
546
544
468
491
539
567
582
462
508
460
479
530
523
529
458
538
534
547
568
550
569
537
528
536
540
472
570
456
547
461
537
719
704
568
569
1242
1088
825
385
542
647
1150
454
538
946
540
831
1654
1432
1179
1152
1132
997
1136
1141
1229
1107
2126
1590
1023
1134
1030
1049
1215
1388
575
576
1005
730
540
453
570
489
431
385
463
427
498
616
795
466
838
471
425
382
718
811
611
707
448
456
428
890
1148
821
550
471
502
426
423
1095
744
453
589
678
691
658
412
643
794
925
611
454
479
519
642
461
672
521
521
513
499
438
436
840
889
711
501
590
408
393
522
592
617
435
459
423
734
757
998
498
396
379
468
504
617
440
466
443
449
507
559
583
597
564
658
679
683
622
627
656
645
645
612
456
474
623
432
395
495
512
502
521
547
539
540
586
493
624
491
504
437
465
462
470
531
454
542
458
585
689
513
479
431
543
446
668
474
496
513
537
545
550
548
552
461
498
536
512
795
553
1308
1207
441
528
1208
1090
1163
992
1129
1023
1032
1145
1071
1224
1112
2016
1908
1859
1367
1328
982
727
661
674
742
577
548
620
463
383
492
515
793
595
1137
793
881
433
825
457
998
387
676
1039
1200
1211
1639
2132
1941
1744
1361
1406
953
955
846
422
1056
732
685
838
770
779
836
1250
928
680
637
841
727
504
437
532
502
539
563
1214
487
552
1295
454
476
603
780
1039
496
1642
1611
492
571
446
450
1284
1734
1122
1145
1173
1188
1105
1036
1290
1319
469
394
372
405
888
1140
1259
530
397
335
1110
1086
1203
1211
1178
457
1098
832
1102
980
1351
714
1292
559
924
788
647
544
461
516
512
494
488
498
528
546
532
543
554
524
543
584
553
557
548
532
513
517
543
532
513
486
524
505
548
532
517
519
555
459
512
531
482
907
798
872
749
526
509
707
987
747
492
411
505
508
462
554
458
475
513
542
584
511
563
886
1782
2186
1260
1164
1197
1278
1527
2070
924
952
1235
1140
890
616
751
890
809
768
712
682
825
811
772
680
764
569
660
646
678
639
587
560
383
358
366
532
562
530
515
527
381
515
511
467
539
520
417
468
516
486
512
499
477
411
573
602
453
576
468
463
406
454
385
550
489
529
503
410
407
428
442
527
551
479
539
469
509
532
517
523
386
489
545
516
491
531
555
491
554
506
420
489
461
525
567
532
563
463
523
502
568
574
552
490
485
502
482
553
603
480
479
488
542
533
629
485
517
411
495
533
565
467
360
502
535
523
336
552
519
492
522
520
489
530
899
615
553
510
470
524
499
867
725
777
660
874
861
615
430
507
527
532
548
959
821
1199
2192
1209
469
527
550
551
1071
1097
974
1019
1611
1981
1058
721
543
1539
2181
1846
529
492
677
514
495
497
494
476
514
487
495
670
922
2813
785
626
512
498
569
1002
686
1030
735
755
763
839
838
1491
574
453
753
1253
1250
791
620
1069
1086
664
391
442
1134
1208
1055
761
1118
1060
1203
1239
771
922
1030
1130
555
410
840
779
978
1073
463
899
799
606
1095
509
787
727
837
677
477
845
608
392
813
1036
1286
764
1237
1190
1298
1286
1329
1200
1586
670
677
664
1261
830
707
479
546
1264
1190
1075
1302
1456
1090
2251
2338
2362
1294
1297
1207
1112
1133
1000
886
1163
1166
1119
1067
1128
787
961
927
899
870
874
449
804
1704
2287
2047
1197
1597
1441
803
1249
1572
471
435
487
920
1174
1017
1105
1003
1063
1031
986
929
770
880
953
792
660
668
716
761
777
641
712
617
560
521
533
562
538
560
551
521
479
570
538
545
485
496
464
549
498
660
851
1504
1512
1429
1780
834
649
888
527
407
1017
1323
1175
719
520
466
528
572
717
579
866
999
625
858
780
656
697
608
499
852
836
695
559
630
629
658
644
651
1072
1071
1238
421
386
391
868
912
807
879
937
845
637
653
690
669
693
635
642
583
555
716
766
473
410
452
640
765
890
806
812
999
866
946
941
987
875
784
456
695
952
988
1002
567
531
489
522
505
545
463
528
475
492
516
496
522
542
523
498
461
490
534
478
514
543
694
367
389
429
478
516
515
535
483
512
520
536
504
521
510
525
499
505
525
471
513
523
543
540
523
462
497
585
457
464
519
526
551
548
516
528
520
456
481
476
571
484
