105
108
94
89
92
88
100
95
100
99
97
90
98
100
96
106
102
98
104
103
113
100
105
112
103
108
108
100
113
102
104
111
113
121
104
111
115
106
100
115
112
99
113
110
105
106
112
95
92
92
108
111
100
106
106
99
108
94
93
111
104
98
107
99
94
99
110
109
95
103
111
99
103
115
113
106
109
99
99
93
108
106
109
104
107
102
94
95
112
104
102
112
94
109
108
103
105
102
106
94
104
104
108
99
100
106
111
141
111
116
103
103
98
104
108
100
107
109
100
107
119
105
105
111
101
109
99
107
109
109
111
104
98
108
113
104
115
103
105
109
115
98
109
113
109
108
106
110
113
98
109
106
107
111
100
104
111
104
98
110
113
113
111
110
99
100
106
107
115
106
106
99
107
109
111
113
107
107
114
108
104
101
111
103
106
108
108
105
111
95
112
96
109
103
105
109
104
99
111
98
104
101
108
106
115
103
104
116
101
98
106
108
111
110
115
112
109
112
109
106
105
108
148
113
120
100
107
117
106
118
114
111
114
105
114
110
103
117
113
111
98
111
100
111
109
113
116
111
101
110
106
108
100
109
113
110
98
109
97
114
108
100
100
110
107
100
106
100
107
103
101
100
109
108
110
99
107
107
103
107
104
110
108
102
108
101
110
114
98
105
103
104
111
105
95
107
102
110
108
103
109
97
98
100
108
95
107
113
104
99
112
97
110
105
104
104
110
105
121
104
114
109
118
101
110
111
105
103
104
105
96
101
97
114
102
105
112
107
200
129
118
108
112
124
109
113
98
113
116
106
116
121
109
107
120
117
99
108
112
112
117
119
122
113
101
110
98
113
106
115
111
113
111
107
116
108
110
101
99
113
109
99
119
110
107
106
113
103
112
102
108
101
111
103
103
107
117
117
114
114
110
104
102
114
117
111
100
100
112
110
113
111
98
108
106
112
109
97
108
111
112
117
109
114
105
108
118
103
105
111
108
112
112
110
102
109
115
111
99
106
114
112
114
112
102
109
114
102
143
208
115
117
114
117
113
115
113
125
109
118
116
113
107
95
111
98
104
109
111
104
100
96
117
104
99
114
118
100
117
115
118
111
113
107
112
111
98
103
114
120
113
110
104
97
97
114
117
110
119
116
112
114
107
99
102
111
107
97
106
104
109
101
108
112
104
118
99
117
119
113
110
115
113
103
112
110
105
101
110
94
109
117
111
100
113
108
108
106
108
108
98
116
108
112
111
97
101
115
102
107
101
107
112
100
98
116
117
103
119
115
110
106
124
169
100
104
116
107
109
113
98
102
107
105
111
111
97
101
115
105
115
101
109
109
105
106
109
110
116
105
108
111
111
106
103
99
99
114
96
111
107
98
104
102
107
108
106
107
100
105
101
105
112
114
101
102
108
100
112
99
107
115
107
116
111
101
96
116
100
109
108
109
114
109
101
110
108
97
106
104
110
107
112
114
108
111
107
106
110
100
111
108
95
107
104
105
113
112
97
107
102
107
97
101
98
103
100
111
106
110
117
110
105
127
116
107
100
107
106
108
111
97
116
106
98
98
99
103
116
110
108
108
102
108
110
113
115
104
117
98
111
110
108
106
112
95
97
112
118
112
108
98
103
108
113
108
104
100
110
95
107
105
109
112
96
105
100
103
111
107
98
106
96
108
107
112
111
107
108
105
110
102
107
98
116
98
107
103
112
116
113
116
107
99
105
100
106
98
105
108
97
115
106
101
103
109
103
111
109
108
99
94
107
111
110
102
117
113
108
104
115
96
108
111
105
106
113
107
106
109
107
107
100
112
108
105
111
124
141
100
119
110
111
111
115
110
118
109
111
106
112
126
126
114
108
110
112
115
181
129
116
107
118
145
121
114
108
112
113
116
123
109
116
130
111
111
128
117
129
103
114
140
142
190
189
110
116
109
114
128
127
176
127
122
121
110
148
245
117
185
179
118
128
126
111
103
127
125
158
119
104
120
118
101
117
117
123
115
122
123
119
114
114
122
106
116
113
107
106
106
105
108
124
105
108
101
103
101
106
99
90
107
97
110
100
109
92
110
104
104
106
106
104
96
103
106
110
104
108
106
102
109
108
101
113
108
109
104
114
107
113
109
105
111
92
92
109
112
105
99
117
110
107
99
113
107
111
108
105
97
110
102
112
105
99
110
117
102
108
111
153
123
109
106
101
104
111
114
119
100
100
119
111
107
109
113
112
105
107
109
111
110
100
208
121
119
134
112
115
122
108
120
129
171
161
117
148
114
104
101
