1638
1366
1642
1483
2558
2544
2049
1863
731
751
1518
1828
1466
1528
1445
1293
1451
1602
712
758
1025
2317
2051
2088
2330
2472
1997
1754
2055
2312
2310
2269
2151
1917
714
1081
1585
2280
2282
2217
2503
854
780
1288
2267
2281
2180
2401
2339
1923
1895
1973
2060
1775
1567
1602
1532
889
1028
1133
1115
971
1091
1007
950
910
881
940
1005
907
1036
1364
1683
1024
990
942
1048
932
884
1013
955
843
840
955
943
1064
901
952
853
966
958
819
1012
896
887
820
958
1009
869
878
1113
972
998
946
845
909
939
881
996
980
899
1023
1004
875
1244
2018
2180
2207
1907
2182
2251
1661
1324
2271
1895
2106
2235
1869
2175
1317
1339
1222
947
899
1134
1028
1089
813
910
754
769
1383
1581
1969
2036
1850
1435
981
1542
882
954
1963
1954
2018
1663
1336
1945
1148
824
1930
2082
1737
2163
1856
1619
2092
951
1038
1155
1124
1000
1005
1145
1206
961
925
874
1077
838
902
863
732
868
934
854
1013
944
1085
981
911
982
932
1242
1085
969
1041
949
869
1075
726
1026
1028
985
928
1026
883
974
998
965
1031
1225
1382
1269
1887
1890
1523
1842
729
2413
1919
2000
1155
2073
2455
2166
2264
2260
2282
2284
2620
2341
2069
1884
1805
1565
1493
1614
1368
1215
1128
1175
1099
1141
995
949
1003
979
923
865
985
899
825
938
1002
843
978
858
954
906
764
971
959
873
923
968
820
944
969
863
1041
924
1024
1016
761
895
900
908
1168
1148
1134
1162
773
732
1371
1508
2189
2129
2336
2240
1393
741
1565
1482
1329
1489
1316
1318
1173
1213
1376
869
744
1984
2128
2382
2149
2053
2078
1852
759
1632
2453
2077
1172
1221
1788
1680
1699
1548
1638
1451
1506
1373
1750
1169
1647
1095
981
828
1078
980
986
952
846
962
969
831
889
853
996
971
994
1061
1379
1450
1281
934
969
1008
990
991
957
966
871
876
1020
874
1029
852
649
730
848
940
960
975
953
905
995
826
915
969
898
1118
849
812
859
939
950
828
930
990
951
1028
884
988
843
1070
990
992
950
1324
2387
2205
1905
2194
2488
1099
779
1801
2151
1822
2126
2263
2688
2297
1506
1487
1336
1354
1361
1046
939
1066
1018
839
981
1014
991
961
1025
960
959
951
943
927
987
926
967
1141
1008
725
894
776
995
1217
932
916
793
919
862
980
914
874
954
937
912
902
951
816
994
951
773
1419
738
1065
988
1513
839
756
1190
1328
1106
1205
2024
965
691
1229
1198
1249
854
1113
1077
1059
1041
1068
955
894
1213
1045
679
1818
2232
2133
1892
2342
2200
1253
710
2031
1999
2121
2000
1904
2879
3059
2202
2117
2398
1988
2508
2056
2179
1748
1496
1642
1645
1584
1121
1119
1043
1329
986
734
835
944
827
841
1044
991
818
1017
1040
1004
935
964
937
838
1072
871
884
968
967
950
956
1041
1095
989
978
819
979
999
742
875
961
1071
1012
994
1106
936
1010
1023
984
849
949
1133
2654
1500
2022
2129
2099
2383
1817
995
2170
2127
2110
2318
2294
2285
1350
1023
730
1003
718
968
1571
887
803
797
924
919
927
922
890
935
1014
846
949
1114
880
793
962
949
785
791
1569
2160
2092
2130
1551
1060
705
880
1183
1076
1188
1034
1178
1071
1165
1044
850
924
1127
931
1458
978
913
896
984
1111
988
973
850
972
976
900
770
1012
826
613
836
922
849
945
861
961
907
953
999
1007
900
873
1019
945
1500
1214
940
925
1122
1020
1012
975
832
1067
895
1081
998
1046
991
692
823
842
833
983
820
831
970
934
875
972
965
821
883
955
855
891
1041
936
1011
823
881
879
922
1011
968
908
899
932
1062
1079
785
868
742
879
917
770
1005
961
957
851
977
951
979
908
974
856
923
946
801
787
1010
1022
993
957
905
997
859
960
895
875
1005
2067
2318
1956
2208
2168
1873
2144
1466
2125
943
972
2085
2344
1991
2003
1025
1580
1171
1071
1157
799
713
993
949
825
963
985
854
1364
1297
703
1032
994
1101
1334
989
783
861
943
1001
949
988
956
988
864
955
1210
1106
1213
1216
873
862
1039
1019
1000
1106
737
714
1308
2326
2304
936
754
929
822
932
939
870
859
936
918
912
980
923
903
997
1172
778
858
902
807
807
866
780
890
1030
960
895
976
856
1005
859
953
891
792
796
925
919
911
952
856
847
822
920
953
990
828
833
992
1626
788
865
1017
990
855
954
952
848
986
845
817
1013
968
889
971
993
801
876
878
875
921
901
1010
851
1045
972
880
1021
978
917
1391
804
689
900
965
1024
959
974
955
1020
956
991
879
829
922
995
1463
927
984
865
972
942
832
836
955
996
865
948
851
914
836
895
1013
844
973
936
996
911
937
978
937
953
845
928
881
945
687
865
961
990
983
1026
857
1026
970
890
956
884
881
1011
1621
1378
2154
1994
1817
1769
2005
2137
876
1132
1779
1948
1741
2066
1795
1493
1955
1441
1601
692
832
873
909
1287
948
699
1294
1287
1606
1462
1496
1415
1042
1063
1158
870
2054
2430
2025
2078
2385
2446
2995
2321
2815
2720
2278
2834
1461
729
2125
2177
2296
2362
1049
1835
1275
979
653
1167
1388
1387
1355
1185
943
931
1105
1127
1017
1088
669
981
1272
990
1025
894
895
1031
