189
173
158
177
166
211
178
174
172
172
156
177
173
169
171
181
176
160
169
187
164
169
186
172
179
188
158
171
151
186
151
151
177
179
182
188
176
160
175
177
180
183
189
175
180
178
173
178
177
181
190
199
191
173
161
174
199
177
194
181
186
189
177
167
179
195
179
185
178
185
181
165
161
193
183
189
177
165
161
164
186
173
166
162
184
188
172
188
189
163
174
180
159
185
183
180
177
185
194
186
189
182
187
198
200
185
200
190
177
192
196
195
179
193
194
178
205
180
181
182
184
193
178
195
198
176
185
197
188
186
190
174
188
183
165
199
189
193
176
168
194
192
192
181
195
205
235
272
182
176
179
203
166
204
179
174
212
176
173
209
177
198
200
203
187
169
194
182
186
194
162
199
189
185
177
178
166
178
198
181
184
204
190
189
200
209
194
177
204
199
176
194
195
171
195
177
183
205
173
211
170
169
194
208
198
172
213
169
177
188
181
190
195
196
230
216
198
211
203
179
196
201
177
174
163
191
183
185
187
174
183
203
198
201
180
178
199
198
198
191
174
179
199
212
206
190
189
191
199
193
177
194
203
194
175
196
193
204
180
171
202
170
170
199
165
194
190
192
195
181
202
168
216
175
201
187
189
185
189
190
175
190
216
203
190
178
189
196
175
200
197
197
170
181
184
199
192
171
197
171
202
171
180
199
195
211
185
212
195
213
189
191
198
199
204
183
200
193
203
208
169
167
172
182
164
182
199
192
202
176
206
202
207
173
190
205
198
198
174
201
169
209
198
188
210
212
194
173
197
188
198
181
324
216
207
205
197
183
168
187
193
183
181
170
189
204
209
177
197
174
173
174
177
176
165
166
168
173
169
168
179
179
173
169
175
171
159
165
178
149
172
167
151
167
171
161
164
178
151
178
161
156
154
165
171
152
160
175
153
177
174
178
172
163
191
165
165
174
162
172
187
169
176
185
189
181
240
197
178
184
193
188
186
195
183
189
190
181
164
188
193
169
179
181
161
180
193
190
170
186
180
187
195
182
187
193
184
182
185
184
180
178
195
186
190
161
175
178
180
171
186
176
185
196
171
169
163
181
206
183
183
180
182
202
181
188
184
164
205
175
196
186
190
167
190
169
222
207
200
196
181
179
189
188
195
204
204
208
191
190
174
215
198
199
197
195
191
188
205
197
194
198
211
196
186
187
217
209
202
176
176
209
192
158
184
193
161
186
183
181
192
186
165
181
194
173
182
161
195
195
168
173
181
199
174
190
171
177
180
193
187
180
196
191
218
187
171
181
206
174
174
179
196
195
197
166
166
187
196
190
169
175
170
203
191
165
168
187
184
193
182
171
190
174
180
186
180
195
175
166
179
189
190
186
179
181
189
192
190
179
197
191
191
166
192
183
179
185
183
173
184
194
196
200
170
199
199
197
169
202
176
172
200
222
351
386
362
327
356
361
397
212
199
207
205
192
190
198
193
170
196
197
188
197
201
198
173
198
183
195
171
196
186
210
189
173
218
192
177
200
230
195
273
217
200
194
244
313
206
185
175
196
188
176
183
202
201
196
215
204
199
206
197
311
190
204
217
241
203
207
303
212
206
210
255
240
288
364
434
360
388
264
382
233
298
291
306
289
287
212
198
202
220
240
322
251
215
155
164
207
170
151
156
178
186
177
167
169
180
195
190
190
185
188
172
175
188
182
185
186
189
166
190
194
186
192
179
181
168
182
183
177
191
191
173
183
166
187
182
172
186
190
177
173
197
179
194
187
190
172
168
170
175
190
188
193
166
195
216
211
207
217
266
445
269
183
194
187
208
180
187
191
176
196
185
175
188
168
186
189
182
191
181
167
158
177
174
158
173
172
168
177
179
158
199
189
189
192
162
200
208
172
192
186
176
169
157
186
186
180
183
167
181
190
194
181
172
178
162
187
175
162
167
182
184
186
195
187
189
196
169
692
193
169
204
172
196
198
183
184
194
169
160
168
178
187
187
166
171
182
172
182
160
187
167
186
182
178
168
168
190
185
196
178
197
170
177
182
165
181
161
177
191
165
195
186
186
182
215
201
188
167
186
192
195
172
200
173
193
179
198
189
166
177
186
186
192
197
187
204
240
180
189
167
213
191
186
235
210
187
198
196
187
170
191
185
202
193
196
193
205
166
190
186
164
186
192
165
190
187
190
186
182
193
178
180
166
166
165
194
188
197
203
172
181
189
196
195
170
199
166
178
174
186
198
179
196
173
189
183
170
200
188
197
182
191
202
191
170
197
