5274
3721
2194
2676
3094
2803
1919
1729
1585
1564
1185
1086
1011
854
921
989
1048
995
975
1050
868
1074
1124
2822
2283
2064
1766
1328
1141
1001
981
1218
927
987
1094
1008
1064
976
1033
973
909
925
909
1056
1069
1836
3233
2854
2609
1818
1716
1643
1770
1121
1256
1445
1087
1576
2010
1230
1124
1003
977
968
969
976
986
965
939
981
886
1061
1176
1353
992
889
1004
1057
966
939
1023
891
1015
876
907
943
1504
1768
2000
957
1017
915
993
980
961
890
1029
867
1027
1071
1169
1609
2107
2964
2567
2101
1650
1420
1438
1684
1150
1033
1051
1062
1301
1263
1321
889
974
1103
956
1235
1271
1596
1037
1161
1114
861
955
960
886
971
896
970
823
1037
1066
1046
1022
1061
1005
925
863
988
1093
1058
873
2058
2634
2804
2930
2962
2332
1813
2092
2549
2737
2966
3023
2301
1920
1356
1307
1100
994
966
843
1053
1021
982
1075
966
1000
862
872
1051
890
918
963
872
1016
896
1081
887
1051
995
1331
1683
1102
894
1048
924
1018
1040
874
1003
1052
1028
1077
1169
1184
1450
1180
1298
1224
1393
1168
2524
1714
1617
1951
1631
1334
1407
1210
1016
1218
881
957
903
1038
1049
998
972
998
849
1052
1409
1119
2483
2937
2307
1873
1888
1397
1136
858
3173
3179
2635
2043
1833
1462
1040
953
1161
959
1004
921
1029
1066
870
975
914
913
1002
1006
970
979
972
1003
993
1021
997
898
1032
975
1022
1023
981
1178
1043
1013
943
1031
990
1007
1062
853
1014
1067
968
989
1052
1107
1212
877
1035
1051
888
885
938
1143
1081
1045
1031
1139
1090
933
1587
3421
3172
2968
2824
1947
1621
1381
1860
1998
1897
1842
1655
2042
1706
1817
1856
1716
1600
1744
1652
1952
1781
1800
1870
1554
917
1134
1647
1880
1458
1434
1226
1205
1325
1588
1347
1250
1501
1450
1173
1960
2064
2113
1470
1740
2230
1503
1479
1217
973
1095
1379
1382
1822
1131
2045
1074
1392
1347
1322
1300
1191
1310
1148
1169
1058
1474
1195
1174
1060
1138
1030
1076
1119
988
1109
1049
1197
1301
965
1240
1015
1051
1114
1113
1111
1085
1106
1159
1006
1348
1169
1125
1026
1022
1034
1179
1130
1150
1092
1064
1107
1161
1075
1116
1206
1214
1211
1059
1152
1233
1103
1144
1147
1056
977
1083
1222
1025
839
2818
2261
1999
1525
1418
1085
1013
905
979
916
951
1009
952
834
970
1037
974
1043
988
984
931
1003
1041
990
953
1308
1003
1014
1005
918
1061
860
1033
983
1032
1062
1043
1038
916
1905
982
1025
927
915
1000
1016
889
1032
1075
1112
1065
1066
1571
1778
1151
1067
1010
1122
1031
1084
911
1028
1052
1025
1043
1087
1074
894
1068
936
1035
1018
1018
979
1107
1141
1115
1054
1323
1793
1170
1514
1415
1244
1510
1162
1100
935
890
987
970
904
1099
891
1004
1993
1849
948
909
968
1035
998
1031
1055
1039
964
990
884
956
1022
1057
1032
1020
1046
1064
1047
1078
984
1076
1044
945
895
1050
939
1194
1063
1029
1023
1046
1147
925
884
913
1133
977
897
1045
1087
1150
1660
2237
2889
2646
2473
2331
1932
1075
1122
1223
910
1069
1005
857
843
1011
984
977
1036
1557
3471
1583
1626
1371
1123
1026
1117
966
914
853
1218
2995
3099
2502
2703
2416
2121
1324
1362
839
895
900
1023
937
915
982
1005
866
955
998
1002
963
1075
910
1005
953
946
990
1116
1021
1022
1005
1052
1006
1040
910
1053
1084
988
1142
1031
939
946
985
1025
1098
950
4625
4628
4874
1206
982
1028
962
983
901
993
875
1161
872
1040
1064
844
1061
3435
1344
1461
2112
1959
1101
1297
1264
1090
844
960
1049
1055
1005
907
985
1033
1176
1154
1059
1492
1402
1321
1327
995
867
976
840
930
965
913
937
948
886
871
848
1065
909
1042
958
975
1032
1071
1091
1035
1104
1128
1048
956
993
1038
931
1067
933
947
1056
1101
1026
979
1165
1002
954
940
884
1061
2811
2902
3127
2350
1395
1030
1004
1071
1083
1014
1116
1065
1007
979
984
871
1186
1114
1178
1029
1017
1054
1023
1059
887
899
1072
980
1058
1087
995
1037
984
930
1090
923
1053
1159
1132
1086
999
1086
959
1090
1045
948
1036
1054
923
1052
953
1067
1110
934
1043
1073
934
1055
1025
1556
4712
2671
2881
2595
1858
2874
2956
2487
2504
2675
2005
1656
1478
1329
997
1015
891
1088
1007
1049
1019
1013
946
954
859
967
1087
951
874
984
828
1007
984
1050
924
1051
7868
1812
1920
1751
2609
1307
1131
3260
1765
1182
998
1013
997
999
857
850
1004
975
990
1090
1305
1802
1041
990
921
974
893
936
950
1008
953
838
1008
1066
1181
1674
1337
899
999
983
993
915
1065
996
1023
961
1072
1023
1193
1011
1032
1049
976
963
1028
1057
890
956
1081
1041
1045
894
1072
1005
1041
883
1046
891
1036
1049
1052
1065
1046
946
886
917
1058
963
1011
1049
966
1123
1094
895
1084
1166
980
1043
1145
1000
1201
964
1026
1021
1161
1051
1018
901
1048
955
1198
1104
1022
1073
1107
1016
1045
966
1802
3032
3183
3097
2560
2044
1931
1396
1425
1102
981
1013
1017
843
969
1023
896
1050
923
1001
866
997
863
1046
1068
869
1089
893
970
988
984
1014
1049
1037
951
1023
1036
917
1019
1024
1070
1084
1046
1031
1024
912
1674
1531
1209
1042
1015
1091
1050
1047
968
1127
1054
1055
1158
1124
1171
1027
1056
1232
1485
1164
1259
870
965
952
1043
1366
1424
1205
1124
1122
1050
1115
