150
121
130
127
135
142
130
136
191
143
134
168
153
166
160
162
142
143
153
158
167
163
144
154
137
155
144
137
153
152
155
155
156
151
148
157
131
134
123
133
132
116
123
116
134
130
126
134
132
130
133
133
131
118
138
144
132
135
142
146
134
132
133
131
148
146
141
133
137
140
143
143
144
132
134
141
127
130
135
137
132
138
132
146
123
123
146
147
126
153
140
140
144
146
144
142
145
158
150
158
143
149
152
150
147
148
157
132
135
134
127
123
140
140
150
147
145
153
144
151
133
154
150
132
148
144
130
132
154
150
132
143
149
137
141
147
139
139
150
153
130
135
141
143
131
137
132
144
125
154
132
139
145
145
144
125
134
129
147
134
141
152
131
153
140
146
161
147
156
127
130
137
125
138
142
155
136
147
149
129
132
151
148
135
154
133
187
134
139
142
149
153
142
153
141
149
135
132
156
151
152
147
145
134
136
144
151
135
144
148
151
153
138
140
143
140
138
130
150
150
143
151
137
133
141
125
142
144
149
127
136
150
134
127
146
131
152
142
132
155
150
157
147
153
147
149
161
154
151
153
129
142
158
149
145
144
126
146
155
132
129
137
146
162
139
136
142
143
131
146
148
155
155
205
305
186
130
150
144
138
140
135
140
145
136
148
151
149
138
127
140
155
134
142
128
147
147
130
148
147
133
131
151
131
147
158
141
137
146
154
144
151
147
148
149
127
155
148
142
147
139
156
156
151
148
152
154
147
148
158
146
139
139
143
135
162
149
144
134
132
136
143
144
141
147
149
152
153
146
136
133
157
129
143
132
151
131
148
152
144
148
128
265
159
135
136
145
133
150
144
144
149
134
142
147
148
152
143
128
141
137
144
137
143
139
139
143
134
148
162
155
147
148
135
135
147
130
148
136
132
133
147
150
151
139
148
144
135
139
140
148
134
155
136
146
149
142
151
135
139
137
144
133
160
147
143
140
127
150
146
144
159
145
158
141
154
134
147
136
143
160
151
137
149
168
141
134
146
138
224
210
150
141
140
138
136
154
138
137
136
144
153
141
150
139
140
128
139
149
138
149
148
148
141
163
142
140
151
149
134
142
139
141
148
152
154
154
153
140
149
149
133
147
129
146
131
135
148
146
142
158
154
144
140
151
150
132
160
154
149
133
131
159
136
135
146
151
134
148
151
153
154
147
143
156
147
156
143
152
151
151
155
147
132
157
146
227
260
239
285
279
277
268
270
247
249
287
279
252
288
269
255
279
282
268
230
212
184
199
178
159
157
155
245
189
148
184
312
190
199
220
249
225
170
161
149
152
252
263
210
158
197
139
141
131
130
118
133
139
132
125
139
132
133
135
122
145
134
130
133
148
118
138
134
130
129
118
118
137
136
123
137
124
126
140
143
141
131
143
128
129
134
142
131
124
120
137
133
138
138
143
152
146
128
136
140
124
126
136
143
123
139
138
161
180
167
237
156
154
164
362
333
252
252
163
150
138
139
141
141
135
133
125
147
143
155
161
142
156
142
149
179
151
147
161
155
146
122
119
155
155
155
157
150
146
144
150
153
153
159
157
151
153
143
136
146
135
121
131
143
134
133
136
131
129
127
133
139
162
145
126
133
129
131
135
150
141
140
139
140
137
139
146
144
138
141
136
126
130
126
133
191
180
208
215
145
151
149
136
132
126
128
149
147
149
134
149
131
148
149
137
148
145
146
145
136
163
145
144
148
150
156
153
147
136
150
146
151
156
143
140
135
138
155
145
139
140
138
157
135
144
138
148
134
146
133
145
139
144
144
135
143
150
144
152
156
148
138
136
144
147
156
137
151
142
143
139
147
145
144
146
144
153
142
148
133
149
152
209
139
140
157
154
209
205
151
136
143
161
160
152
157
155
130
153
150
150
153
148
127
151
133
148
141
152
132
127
140
144
143
147
145
136
135
132
147
145
135
150
134
142
144
155
148
147
145
125
162
131
146
148
145
128
132
131
145
150
152
145
145
152
155
143
141
143
134
145
154
145
153
153
147
143
154
134
129
133
156
158
145
143
136
149
162
215
151
148
141
149
152
139
145
142
149
160
166
145
163
153
151
143
146
142
134
161
145
125
146
130
139
140
148
143
147
134
147
139
144
142
137
158
150
131
137
140
145
144
134
147
141
148
152
152
144
144
129
142
146
149
142
138
141
146
145
145
148
156
146
159
144
137
156
135
150
145
149
153
152
154
154
140
134
133
129
151
148
144
149
144
151
153
153
135
158
147
159
147
138
148
159
