132
143
165
242
262
247
200
143
141
143
147
133
122
117
123
127
123
122
133
127
123
120
117
132
125
120
135
112
125
134
125
128
134
129
139
128
119
132
122
114
132
131
132
121
116
115
127
139
124
125
129
137
130
136
120
117
131
132
122
134
137
136
140
128
140
129
132
144
136
137
134
141
126
134
121
123
129
137
147
144
134
126
121
120
134
143
121
133
122
133
145
139
141
126
133
138
135
130
135
158
274
155
166
156
158
129
141
140
121
128
141
134
134
136
133
130
121
125
126
120
132
116
133
127
112
112
123
129
109
114
121
126
123
131
122
107
116
127
123
118
120
124
114
108
130
125
119
128
129
118
121
119
118
124
129
113
109
123
108
113
135
133
132
132
149
115
128
124
119
115
125
123
124
122
124
126
126
111
134
129
126
145
133
128
130
121
138
134
128
130
129
132
129
115
124
129
118
125
123
133
119
124
129
124
128
139
290
136
118
137
157
125
145
129
123
131
127
138
135
124
118
138
122
115
133
137
130
143
120
133
142
139
120
115
128
132
129
117
125
127
138
127
129
139
127
145
123
120
142
127
124
120
125
124
123
123
129
117
132
127
135
124
134
130
129
146
137
124
128
137
133
115
137
139
121
135
126
126
140
136
127
135
143
133
134
130
120
137
136
129
132
144
145
142
134
130
138
146
125
165
137
141
123
142
136
148
142
185
148
124
133
122
131
118
141
130
130
121
132
133
132
135
132
120
135
135
132
134
118
143
138
134
137
127
128
120
124
134
124
143
133
131
128
131
122
134
138
133
139
133
140
131
140
136
119
140
134
144
126
124
132
124
121
144
124
123
135
135
142
123
119
135
134
147
125
137
118
136
135
129
136
139
142
132
141
122
122
123
137
129
136
146
138
132
133
129
140
135
140
123
157
153
133
140
135
129
136
137
117
137
146
131
132
125
139
135
133
134
129
127
139
130
140
125
127
133
132
144
138
137
122
138
142
126
140
121
132
132
139
132
134
127
134
117
120
119
121
118
135
142
134
124
122
135
135
140
119
129
138
142
132
138
126
138
139
139
133
141
125
142
125
120
125
138
136
140
130
139
122
145
131
131
139
138
131
136
125
130
129
135
126
135
140
139
133
136
130
125
130
136
120
135
137
133
143
131
130
132
247
147
147
141
148
141
146
142
130
130
134
123
131
144
138
139
130
135
125
133
132
139
129
128
128
114
124
137
127
113
121
125
119
118
121
122
133
125
120
117
122
127
123
114
123
122
136
133
132
126
123
112
125
118
126
124
134
121
132
126
132
132
135
122
121
136
118
114
122
116
115
127
126
121
115
127
122
132
129
135
129
132
129
131
130
126
126
130
129
133
129
120
129
130
127
131
124
204
145
143
150
112
113
126
117
116
124
128
113
137
142
134
120
129
124
130
107
129
116
116
131
113
112
111
121
118
134
115
127
126
133
137
111
117
120
124
110
123
122
115
139
128
124
116
134
123
132
135
131
130
145
136
142
132
135
135
121
137
130
135
114
130
133
135
117
145
136
138
139
127
128
138
131
138
132
131
137
132
130
143
144
137
143
123
131
131
121
139
129
123
125
116
131
138
132
138
145
130
128
134
131
137
138
138
120
134
116
135
134
119
116
121
140
139
132
135
119
141
122
140
122
141
121
145
134
140
122
134
140
133
126
129
131
137
132
152
130
140
135
133
127
123
138
136
121
125
134
136
124
137
141
126
135
142
125
127
139
138
129
142
137
135
136
137
128
138
120
135
119
123
134
131
132
125
132
128
132
135
134
134
142
149
134
125
123
144
134
142
135
136
122
134
136
147
175
140
123
139
125
145
140
138
124
126
134
141
141
142
146
127
133
128
132
135
135
121
138
135
134
126
143
145
127
139
135
142
126
136
142
134
138
135
134
129
123
124
146
133
133
146
122
134
141
125
136
133
145
123
123
139
128
131
140
137
145
124
130
133
151
138
151
127
148
140
137
134
124
146
127
123
133
139
134
123
143
130
145
136
136
136
134
131
137
135
136
148
147
149
133
121
137
138
118
124
136
124
120
134
127
122
135
134
122
125
143
126
129
136
143
122
122
120
130
133
124
120
140
124
126
136
131
139
142
145
138
137
124
127
121
128
130
123
125
130
130
135
123
134
136
134
137
133
131
134
135
126
136
144
142
141
121
129
142
146
137
144
137
125
138
131
133
122
130
120
125
133
128
134
133
144
137
140
133
122
121
137
125
128
133
119
130
161
129
136
120
129
132
129
136
123
118
118
