2285
685
1227
1586
1423
1495
607
630
678
594
885
1490
1150
1041
1206
935
868
870
884
769
870
673
686
610
723
655
1028
665
645
545
592
609
600
633
621
629
575
574
594
633
597
622
624
548
644
659
569
664
673
452
538
569
642
545
629
607
760
1248
1157
1510
1299
1206
1366
1435
1419
472
1059
1420
1227
1430
1198
1414
1214
1496
1173
1326
714
1143
1175
1091
1052
983
944
850
913
786
925
848
689
729
669
686
718
723
666
606
636
530
666
631
544
601
610
631
537
607
554
639
630
590
554
624
575
616
887
919
540
647
563
656
613
555
623
625
626
588
616
612
555
571
604
638
650
573
617
655
454
502
602
1652
1308
1351
1219
1375
1312
1337
1190
1472
1230
1186
1411
1327
1413
1208
1310
1315
1328
1167
1569
1477
1308
1327
1161
1369
1198
1062
1299
1204
1237
928
814
634
834
860
731
725
762
877
668
547
591
606
619
660
560
613
635
623
560
597
460
501
565
593
628
608
629
646
620
602
614
641
630
644
608
614
607
540
578
656
627
624
695
555
1114
1510
1688
2007
748
586
687
738
752
1189
1996
1741
447
573
528
973
554
444
657
589
579
591
617
533
534
595
653
574
578
556
633
615
653
610
587
607
619
635
551
407
492
867
506
547
619
607
632
679
568
578
600
630
626
549
560
566
610
615
574
624
654
550
629
558
565
536
639
611
580
571
610
697
449
586
441
559
508
548
596
620
610
621
620
605
553
615
538
582
541
611
658
633
610
575
536
687
564
551
571
710
617
545
594
670
608
678
533
629
649
738
1352
1302
1263
1316
1538
976
1370
1329
1192
1355
1469
1090
673
770
1016
987
846
935
916
853
929
875
911
915
832
878
872
976
920
843
876
490
502
1710
1009
569
830
907
907
879
715
737
723
962
891
526
576
527
532
563
679
647
557
663
557
999
631
631
879
686
619
1037
663
550
658
614
658
615
627
625
643
628
609
664
685
631
556
585
622
654
548
676
567
634
591
584
533
665
663
569
639
649
575
639
524
740
486
488
485
680
623
605
535
599
709
598
632
647
628
658
618
529
648
618
621
607
661
551
548
565
514
639
557
613
568
600
480
545
529
618
538
737
701
726
776
828
729
621
759
456
590
656
536
622
545
787
572
745
724
560
698
527
633
558
495
677
723
509
487
543
951
843
767
839
933
601
1198
1184
1380
1003
752
790
558
524
577
791
750
665
566
544
541
515
470
514
553
552
566
499
792
653
548
910
1035
659
663
759
786
903
523
490
509
518
555
475
577
530
490
526
445
442
550
460
476
555
504
545
586
542
484
500
573
559
572
575
656
677
589
613
583
567
572
642
616
577
663
556
486
553
770
486
829
557
564
547
583
600
606
662
626
556
579
628
685
564
624
628
611
559
636
562
580
572
1443
548
663
1334
1361
1237
1381
1091
999
937
933
947
1097
935
536
410
475
510
537
460
598
531
604
602
530
618
654
576
618
669
624
622
631
624
668
631
550
545
419
611
597
568
507
541
662
661
641
563
698
530
609
573
545
573
645
633
623
636
565
570
698
483
1183
582
1322
1411
1265
1287
1231
1302
1306
1212
1363
652
1392
1256
1277
1430
1219
1497
1338
1280
1341
1607
1250
1297
1275
1311
1217
1379
1215
1390
1447
1408
1166
1453
506
481
516
591
565
441
704
1426
1393
1311
1450
1410
999
1135
1243
1331
1310
1529
1259
1536
1316
1253
1133
751
1066
1016
884
1029
1038
851
847
861
709
773
854
764
605
616
644
1160
1093
2047
1259
1057
1060
895
990
1707
863
703
702
825
1081
785
681
464
632
543
639
594
667
543
633
548
647
662
560
507
591
614
607
581
644
625
574
674
652
457
564
638
614
607
658
630
577
541
629
618
594
638
444
493
640
624
656
640
541
535
578
589
648
627
611
622
537
618
633
561
546
590
609
577
645
621
500
720
1343
1298
1378
1273
1404
1345
1276
1458
1257
1540
1443
1327
1454
1446
1440
1446
1322
1461
1576
787
1397
1317
1334
1387
1138
1388
1330
1283
922
1111
577
1421
1216
1425
1526
1497
1445
1419
1397
1471
1514
1281
1374
1292
1380
1380
1230
1388
1210
1320
1417
1419
1283
1575
1455
1212
1218
1191
1278
925
975
933
605
836
914
1244
1422
1156
1231
1303
1202
1256
1450
1374
1165
1298
1374
1218
1213
1470
1393
1461
1379
1212
2096
2108
1225
1396
1423
1134
1264
1178
1236
1879
1188
982
817
770
705
695
755
810
769
1030
1084
1093
1040
1438
514
735
1255
1064
1453
844
944
719
831
2232
1509
991
838
405
1030
1053
1281
1127
1213
975
912
1283
1073
1577
1775
1509
1523
1370
1545
1647
1617
1457
2632
1939
1497
1743
1178
786
1722
932
887
1800
1293
1138
774
881
1200
634
692
571
607
617
580
617
553
535
595
561
768
472
502
669
937
763
990
815
666
483
612
580
601
687
1143
707
1014
763
512
825
1414
2288
2435
2417
2094
1850
1454
459
450
1050
1212
1429
1466
1307
1130
1120
