1740
1604
1033
847
953
900
1500
1745
968
947
1482
1107
1044
837
1105
1260
1554
995
1218
818
1077
1304
1584
1464
1368
1150
1214
966
1182
948
889
1245
1034
1024
926
1151
1017
1255
1268
976
928
1087
1394
900
1209
1515
1033
990
1194
960
924
1248
1033
1399
1747
1475
1516
1085
924
831
1448
1076
838
939
1010
971
1198
837
1414
1177
1073
965
1027
938
911
1030
1019
1620
1238
1541
1072
1453
1058
1158
924
1028
924
1116
1007
1222
1488
1437
1295
1838
1459
1027
1384
1471
938
1007
945
1081
1020
1164
942
979
1130
1803
1509
1481
1524
919
930
955
1175
1012
811
1043
904
1202
1178
1380
1321
1564
1331
1382
1004
976
986
990
1022
1021
1072
1434
888
1307
874
992
1102
1283
894
950
1303
1443
1291
1549
1380
1223
764
1426
1058
1408
992
1366
1649
1700
1487
989
849
1371
1216
1102
1378
1394
1515
1316
2064
1178
1210
1344
1526
1336
1403
1140
1311
1133
1104
962
1329
951
1353
1398
1513
1103
812
1445
894
1596
964
1446
1227
872
916
1450
1376
1658
1540
1237
1471
1021
1284
976
1027
928
1016
1539
910
953
928
999
930
1369
1044
1325
1168
1240
1261
1167
1217
852
1213
1163
1334
1097
2423
795
1440
988
1269
2924
1250
902
1502
949
1394
1217
3519
3142
3474
923
1453
2069
1498
1397
1525
1280
2045
949
1001
898
1228
1004
848
1030
972
909
1169
1213
1061
1542
1840
1694
783
1195
1432
1091
1446
1017
933
1172
1317
1193
1520
1368
1558
907
885
1019
1032
966
947
868
931
1413
1338
1209
1139
1528
946
927
941
1082
1416
1108
1246
1329
930
983
1067
1393
1017
898
949
1697
1663
2048
1606
1719
1669
1428
1281
997
1424
1316
1127
1102
1213
1265
921
1397
875
1323
1563
1167
897
1183
951
1149
1040
967
1273
852
1369
788
889
1014
1463
1470
1005
911
911
834
858
995
1193
1300
1283
1043
995
1268
1251
1200
902
1841
4654
1326
1032
976
957
1105
1575
1572
1093
870
1335
1885
1070
841
833
949
944
973
1151
1495
1215
1021
974
1051
1200
1283
1389
1595
1509
1641
1450
1589
1562
1645
1417
969
826
991
1034
1028
1945
1826
1713
2272
1953
1429
1394
2365
1610
1353
1288
1527
1413
1510
1579
1462
1565
1596
1689
2065
1098
843
1073
968
1259
952
948
1068
881
936
835
949
1110
1172
1605
1790
2928
1791
2756
1387
1015
1644
1510
925
953
908
1094
889
975
1215
911
1123
1530
942
1552
811
1331
1049
979
1563
1174
882
1836
1484
1796
1863
1561
910
969
907
896
1007
1301
1251
1249
1233
1055
1298
1019
867
1247
1152
1052
1054
1018
1036
886
1123
908
952
1124
1655
1052
894
1068
1033
1128
926
1028
1040
1131
943
1066
1058
1316
1060
2163
4057
4003
2104
2143
1717
2008
2355
905
2225
2214
2243
1337
1402
2162
1194
1512
2203
1959
2411
1906
1998
2593
806
2203
2093
2122
1288
2037
1642
1756
2136
1632
1091
1074
1099
1100
1070
922
1043
1045
829
922
784
1178
1663
1599
1544
1574
1567
1534
1447
1556
1647
1579
1453
1465
1203
1080
2307
2360
1829
2787
1275
991
1178
1245
778
1090
986
866
1166
1114
935
884
1078
1197
1116
975
960
1000
1068
1097
907
1063
1094
951
1231
1041
1132
1050
1302
1481
1554
1562
1533
1113
2063
2735
1436
1391
1487
889
1489
1591
1631
1601
1693
1698
1596
1545
1580
1621
1588
1621
1508
1447
1202
828
967
896
1410
1573
1678
2366
2253
1899
766
1025
996
918
999
1104
1101
971
1393
2238
2455
3460
4232
4291
3909
2013
2481
2613
1143
1376
1438
3140
2316
1569
1130
926
801
1280
1259
1486
2185
1592
1771
2096
1515
1820
1557
2272
2183
1903
1132
1359
2078
3001
2439
2091
1711
2333
1025
923
1014
2150
2085
2101
1987
1310
1066
1191
1998
1077
1410
1495
1618
1574
1508
1569
1634
1597
1594
1514
1428
1655
1684
1552
1547
1563
1698
1608
973
1403
1517
1619
1264
831
879
1068
1024
1038
912
1000
979
914
1173
998
1146
978
984
976
866
1039
966
911
1130
1105
987
873
774
1217
1440
1060
914
1054
885
1043
1119
1064
1058
1036
1183
851
1020
1272
2482
2323
2234
2556
2290
2425
2273
2411
2227
2660
2210
2204
2517
2307
2134
1975
2192
1425
1492
1412
1219
1471
1033
977
990
939
982
950
2953
2641
2304
1490
1724
2494
2704
3161
976
1402
1215
1550
1264
994
1225
1631
2090
2604
2514
1734
1134
1679
3554
3529
2364
2558
2100
3016
2262
1851
2290
1876
2099
2392
2437
2684
2505
2504
2107
954
1193
2504
2210
2428
2083
2567
2148
2411
2607
2410
2121
2572
1493
1537
1753
1591
1715
1452
1152
1416
1384
2646
2545
2366
2452
2580
2223
1233
2433
2396
2514
2409
2513
1931
2175
2175
2081
2898
2701
2250
1933
2056
1668
1761
1889
1583
1308
1529
4121
2590
2211
2204
2216
1162
1236
1476
2270
3444
3505
2231
838
1048
922
1804
1987
1622
1806
2298
2545
2692
2283
1780
1354
2155
1940
1752
1808
1585
1480
1443
959
1126
939
1004
915
1046
986
926
1023
1104
1023
1048
1013
1053
1222
927
1068
1131
1091
960
1144
912
918
1132
934
1091
991
1178
2023
1593
1086
1044
1143
1132
939
1178
1019
1225
1204
1111
876
910
1044
1071
1056
1105
1130
1101
1046
1134
1098
1118
1137
1042
859
1118
1077
928
1066
908
963
1049
1023
917
1055
899
1050
1044
909
962
1059
975
1016
1016
1029
1120
1060
977
985
1110
1138
874
850
985
970
953
901
1122
1033
930
995
920
997
910
1145
1842
1704
2312
1946
2067
2355
2518
1851
