2610
1225
1344
1380
1412
1571
1498
1451
1217
1386
1252
1318
1311
1279
1371
1297
1226
1498
1381
1366
1349
1397
1418
1538
1360
1391
1449
1366
1436
1355
1283
1453
1261
1256
1038
1372
1380
1335
1282
1280
1452
1411
1296
1392
2240
1643
1264
1356
1373
1178
1295
1424
1489
1369
1314
1435
1440
1336
1470
1494
1167
1238
1360
1334
1257
1306
1278
1437
1238
1403
1345
1482
1399
1353
1185
1307
1245
1346
1331
1460
2076
1506
1358
1372
1457
1981
2072
1438
1403
1223
1394
1247
1217
1271
1618
1435
1390
1379
1331
1369
1541
1714
1678
1401
1490
1407
1362
1183
1373
1343
1552
1023
1085
1177
1216
1222
1414
1486
1412
1362
1478
2071
1144
1212
999
1290
1403
1505
1453
1547
1336
1571
1350
1086
1351
1379
1393
1415
1276
1385
1402
1366
1522
953
1387
1201
1298
1450
1544
1406
1390
1401
1357
1352
1314
1161
1369
1506
1212
1370
1414
1183
1374
1390
1322
1339
1932
1353
1255
1319
1412
1220
1357
1359
1460
1382
1570
1275
1352
1423
1224
1354
1374
1446
1419
1336
1302
1255
1224
1239
2044
2577
3133
2992
2274
2916
3209
2848
3303
3104
4980
2715
3310
4103
2572
2329
1746
1888
1672
1086
1381
1329
1418
1433
1456
1394
1374
1450
1182
2968
3143
1269
1332
1378
1280
1084
1919
3004
2839
2752
1064
1646
1217
1544
1457
2234
2713
3122
1366
1033
3163
3150
3032
2742
3191
2247
2418
2265
2164
1883
1984
1560
1971
1383
1621
1777
2158
2070
1472
1361
1518
1796
2275
2188
1792
1900
1506
1252
1295
1137
1374
1393
1430
1385
1463
1351
1234
1398
1441
1234
1097
1273
1424
1418
1157
1401
1469
1458
1233
1435
1419
2685
2751
2737
3224
1784
1515
2708
2344
2667
2614
2489
2729
2880
3176
3031
3067
3132
3045
3210
2532
2235
1676
1459
1221
1158
1511
1713
1107
1299
1303
1949
1334
1689
1541
1501
1211
1127
1344
1234
1192
1328
1348
1197
1342
1213
1389
1206
892
1332
1323
1396
1183
1480
1218
1275
1449
1330
1792
2847
2797
2569
3130
3336
2393
2925
2878
3292
2343
1975
2348
2577
1659
1923
1760
1574
1350
1681
2774
2866
3330
3338
4895
2864
2712
3211
3156
2985
3352
4777
4093
2642
2985
2235
2480
2463
2440
3462
3117
3426
3851
2863
3329
2751
3144
3297
3378
2674
2596
3329
2826
1749
1502
1460
1393
1066
2500
2967
2876
2529
1361
1087
1248
1503
1488
1503
1378
1460
1392
1283
1611
1144
1141
1584
3337
3240
3641
1503
1036
1569
1930
1583
1328
1449
1254
1044
1390
3121
5341
3538
2612
3446
3115
3046
3359
2942
2450
1956
2259
1837
2064
1966
1460
1435
1237
1284
1246
1343
1374
1257
1410
1375
1150
1147
1454
1283
1182
1130
1392
1286
1273
1302
1260
1219
1468
1472
1419
2936
3481
3076
2957
3130
3046
3394
2772
2805
4269
2911
1376
2176
2505
2032
1447
1290
1166
1135
1181
1473
1341
1385
1375
1362
1238
1085
2399
1429
1537
1087
1330
1409
1789
2905
2431
2625
1444
893
2745
2762
3128
3154
3302
1375
1607
1406
1576
1521
1523
1404
1406
1426
1191
1221
1469
1272
1269
1374
1209
1362
1485
1206
1312
1246
1480
1285
1195
1309
1387
1424
1284
1214
1424
2035
1990
1216
1476
1371
1463
1439
1439
1377
1322
1208
1829
2306
1484
1248
1401
1388
1310
1362
1502
1333
1467
1180
1358
1379
1409
1451
1366
1275
1260
1335
1468
1370
1174
1228
1273
1415
1376
1355
1294
1368
1370
1408
1403
1082
1370
1371
1567
1206
1081
1238
1255
1271
1390
1219
1211
1375
1465
1185
1219
1387
1321
1337
1362
1541
1987
1977
1539
1435
1205
1407
1215
1482
1392
1619
1387
1379
1454
1853
1836
1407
1384
1285
1444
2032
1647
1382
1275
1183
1422
1421
1248
1345
1372
1212
1342
1451
1372
1624
1606
3279
2978
2735
3201
1997
2528
3109
3143
3258
2464
3170
2989
3112
3099
3283
1197
1935
2956
2970
2690
2195
1995
1945
1455
2361
2019
1969
1959
1169
1339
1438
1391
1500
1264
1222
1386
1482
1446
1872
1223
1799
1792
1516
1463
1646
1746
1426
1375
1101
1321
1489
1432
1329
1387
1404
1519
1868
1725
1213
1251
1168
1665
1197
1030
1133
1482
1458
1547
1252
1372
1439
1382
1453
1232
1281
1423
1336
1199
1373
1225
1191
1224
1301
1250
1303
1485
1754
1667
1862
1180
1623
1791
1499
2067
1644
1117
1143
1506
1283
1118
1384
1180
1311
1362
1505
1132
1396
1444
1442
1400
1479
1430
1201
1779
2110
1359
1775
1888
2688
1826
1870
1868
1772
3483
3499
3296
2998
2831
2720
2138
2497
1895
2231
1365
1488
1397
1339
1441
1361
1211
1362
1276
1275
1472
1445
1380
1256
1447
1340
1315
1440
1341
1433
1438
1327
1476
1072
1102
1225
1529
1168
1234
1612
1296
1443
1522
1592
1275
1406
1265
1191
1421
1399
1526
1419
1378
1421
5333
2834
3342
2902
3169
3177
3418
3227
3413
3145
3029
2991
2734
4545
1436
1455
1259
1401
1454
2956
2933
2616
2338
1660
3232
2675
3381
2852
2007
1023
2845
3027
2486
2295
2524
1828
1414
2963
3105
3122
3185
1201
2821
2903
2474
2578
1905
1878
1965
1726
1431
1285
1518
1540
1457
1413
1295
4314
4011
2682
3224
3608
3099
3088
2506
3234
2779
2698
2553
2457
2569
2504
1074
1397
1336
1350
1561
1309
1455
1469
1426
1442
1370
1229
1481
1413
1411
1273
1363
1189
1199
1404
1115
1245
1392
1270
1231
1210
1176
1443
1409
1379
1404
1238
1433
1324
1367
1324
1492
1528
1481
1276
1304
1885
1767
1326
1251
1433
1425
1247
1299
1352
3245
3543
3363
1222
1937
2137
2060
1661
1857
1965
1508
1160
1316
1396
1409
1471
1353
1478
1361
1382
1477
1204
1127
1922
3265
3462
3703
923
1258
2205
2724
2834
2311
2123
2155
1564
1697
1587
1670
1219
1194
1384
1363
1381
1387
1422
1090
1514
1264
1456
