2450
2619
2627
2780
2703
2684
2449
2439
1182
1234
1068
1208
904
932
971
1238
980
1393
830
886
798
885
984
717
577
661
728
555
835
1267
1328
1059
600
771
665
773
752
766
985
842
991
602
579
613
636
652
618
641
626
514
604
631
585
708
629
687
658
683
625
655
1026
926
611
532
637
653
599
721
652
660
655
692
696
658
681
688
726
697
721
734
450
618
629
783
1020
1136
1187
1124
1177
1184
1213
1174
1250
1100
1162
1228
1162
1234
1188
1221
1151
1197
721
803
844
1073
1080
1126
1119
1143
888
523
865
725
741
689
983
707
1088
961
780
1072
1234
941
1116
887
1204
1104
691
618
1199
2612
1924
2067
2097
1072
1042
655
902
802
716
845
653
865
626
1129
756
953
1138
914
1064
897
894
579
531
519
682
599
594
734
569
641
802
873
1095
1189
840
789
875
591
1993
2509
2885
2425
2124
1744
1064
974
1108
2767
2745
2922
2033
2240
2490
2070
2084
1920
1641
1643
1713
1113
685
538
671
832
825
747
849
915
788
926
1013
1134
1118
1143
1209
1186
1125
866
661
789
977
558
507
615
642
636
651
600
682
706
687
708
639
730
633
661
646
680
683
664
735
953
505
621
617
671
575
671
712
590
669
657
689
663
665
672
676
637
639
696
674
679
1038
1217
562
583
582
605
586
626
569
545
647
555
590
589
613
602
636
596
583
524
758
1009
717
1098
837
1072
1223
1274
1201
968
1097
953
922
1021
1040
828
697
819
916
424
569
659
651
679
593
660
615
658
662
696
724
685
619
654
591
612
613
670
681
729
818
602
479
662
592
705
671
728
710
713
635
620
705
625
661
597
675
677
714
702
738
530
714
673
693
682
683
670
619
711
663
661
670
691
628
672
696
638
633
667
736
484
609
682
1021
1542
1445
1274
1433
1439
1512
1576
1045
435
1000
1355
1288
1524
1403
1304
1281
1072
1176
1215
1128
544
918
957
1018
911
986
889
691
723
620
766
722
722
713
610
701
679
531
581
482
483
556
711
669
678
623
693
618
662
595
651
1071
1354
1415
1512
1294
1043
789
560
679
643
686
675
648
606
680
598
595
679
687
678
659
587
711
786
736
582
611
607
586
580
609
607
1142
707
558
1032
731
977
715
570
567
534
644
571
727
692
584
662
624
590
682
709
627
625
666
646
935
1023
515
427
1493
1549
1494
1506
1352
1433
1475
1314
954
554
567
425
965
1482
1505
1473
1417
1743
1377
1351
1798
565
1245
713
1046
1059
801
1036
807
1065
1049
943
965
919
874
1442
1046
1521
1077
1120
1169
1293
1156
961
1010
1006
1080
1023
1197
1120
1109
1210
925
1048
857
689
1048
900
739
505
646
683
752
1230
791
679
714
587
705
676
666
626
598
610
597
670
617
602
588
696
583
704
663
671
691
1053
1128
765
605
698
764
705
623
657
693
640
1192
957
925
998
888
525
716
493
696
592
621
666
672
562
692
613
586
603
664
653
670
602
687
1220
2029
1210
466
1660
1490
1466
1526
1477
1540
773
2810
1748
1678
1719
1598
1589
1625
2613
1336
495
1296
1369
1351
1343
1027
1083
961
1328
1983
1250
1231
895
687
630
686
911
839
843
749
711
777
654
1011
976
742
1059
1020
674
780
559
704
770
1067
722
697
553
944
654
422
483
946
1362
1244
1186
1358
1310
1094
695
908
738
842
522
544
701
718
602
601
656
664
685
654
673
603
660
681
631
674
730
661
694
572
578
863
1078
617
492
560
727
697
1009
913
899
1003
741
695
584
683
721
691
671
597
662
683
827
811
925
651
1004
1107
643
672
624
683
695
1099
941
1034
956
647
704
1973
1044
2479
2703
2177
1224
1098
1469
1240
1234
1366
1442
957
826
991
945
539
590
681
612
946
1007
831
924
874
602
692
710
699
676
1146
974
845
936
731
545
638
733
631
631
674
676
673
558
495
666
709
689
644
632
634
733
596
580
635
668
677
679
671
495
722
669
677
1265
859
824
1105
1128
513
536
665
674
959
1096
723
979
871
697
567
646
956
1137
1329
536
638
693
677
656
657
620
607
668
666
672
603
730
706
710
1890
2199
1887
1193
651
600
1298
1429
1516
1562
1496
1629
1733
2748
2351
1090
1276
631
1529
1799
1602
1550
1481
1544
1382
1487
1639
1406
1620
590
529
800
635
855
1231
637
711
871
823
957
618
945
535
598
530
589
659
672
660
688
715
661
671
693
592
681
1042
964
569
510
1452
1438
1430
1394
806
1248
1116
811
630
1050
1125
511
561
780
1419
1615
1771
1383
1502
1456
1405
1619
2209
1491
1602
1343
1362
1517
1496
1503
2215
1531
1388
1472
1150
999
1323
1521
1575
1143
1065
1317
979
601
914
951
882
889
793
807
707
602
723
702
653
659
639
689
584
682
720
589
559
595
586
668
709
692
656
649
644
694
679
716
739
580
664
658
679
703
671
617
594
582
684
616
687
708
671
683
614
668
711
599
602
651
653
701
682
691
668
723
759
527
651
632
638
619
716
738
652
655
691
682
722
627
671
688
602
621
689
669
