91
84
77
71
79
75
80
78
74
77
75
75
77
79
77
75
71
67
70
77
73
79
69
78
69
72
77
76
145
99
124
86
91
91
81
76
84
80
102
83
79
105
87
70
82
75
86
88
105
135
82
76
87
132
85
89
89
84
78
87
83
86
90
137
86
110
110
81
114
94
112
137
117
104
134
168
89
131
95
79
85
89
137
105
103
132
79
95
143
101
78
108
94
149
144
83
109
88
123
105
114
99
151
180
109
85
86
91
95
79
93
88
82
93
92
78
95
94
96
81
82
93
89
83
85
84
94
81
87
79
80
89
89
87
89
93
73
84
86
80
77
75
78
83
75
82
71
73
89
68
69
70
79
70
73
68
75
79
83
71
70
79
75
83
70
68
71
78
72
73
74
70
77
79
75
81
77
78
75
80
79
81
77
71
75
67
75
68
69
69
85
72
83
78
72
78
69
72
77
76
75
72
83
73
78
82
80
76
82
109
109
96
79
94
92
94
104
142
111
88
77
88
87
101
103
77
94
118
83
125
88
96
105
174
140
157
158
129
131
131
91
69
75
67
79
77
74
76
71
70
81
70
76
73
77
75
82
76
76
73
82
79
84
80
80
78
74
81
82
74
72
79
82
83
81
76
75
71
80
78
75
79
86
73
70
79
78
78
80
74
84
84
85
76
79
87
81
79
83
85
85
75
85
79
79
71
80
78
83
79
80
81
78
83
82
72
80
81
83
81
87
80
72
73
80
83
76
81
83
74
81
73
76
75
77
80
76
78
78
79
78
77
81
75
74
79
72
83
81
86
74
79
84
83
83
89
81
78
79
77
83
85
82
83
79
73
76
73
76
80
84
84
81
79
86
85
80
121
146
175
142
156
167
154
144
159
155
148
137
144
105
81
79
82
77
85
83
86
74
83
81
83
77
78
79
74
81
74
76
84
83
87
75
81
101
79
80
76
82
87
87
83
85
87
86
75
91
75
79
84
86
80
91
87
81
87
83
75
86
76
83
82
84
74
84
80
94
82
80
89
84
87
77
84
82
79
76
76
75
90
75
84
87
85
80
74
83
86
85
88
86
88
91
77
92
73
88
84
72
81
83
86
74
76
85
76
84
88
79
86
76
82
79
89
79
80
88
86
83
77
77
95
77
73
75
89
78
83
82
83
86
88
84
75
128
83
83
80
78
87
80
80
71
75
81
80
79
86
74
78
93
80
76
89
87
85
96
82
87
82
83
81
89
79
83
85
77
78
82
82
81
85
79
91
83
81
86
83
88
75
83
83
86
85
81
82
83
77
81
86
77
82
77
73
84
75
88
88
84
81
81
86
76
75
82
84
85
85
82
84
84
86
91
85
84
77
88
78
87
82
83
73
86
81
83
89
79
76
78
77
77
87
81
86
90
80
77
83
81
89
84
73
84
73
77
83
89
78
80
84
81
78
85
86
86
86
75
81
87
74
83
79
73
83
94
83
73
81
73
85
84
82
83
83
82
82
89
86
89
83
89
87
77
74
82
89
91
86
87
82
84
83
81
74
85
83
81
74
83
85
84
75
74
82
81
80
83
83
83
81
80
86
77
77
82
81
102
79
74
74
87
77
84
75
72
81
80
81
79
75
74
82
72
78
74
83
80
81
81
75
83
80
82
87
81
79
81
81
80
80
81
79
80
79
73
74
75
76
81
82
83
79
81
74
80
81
75
75
81
80
82
84
81
82
79
80
82
84
84
82
87
80
75
73
80
86
81
83
81
83
82
82
77
74
81
82
84
81
85
77
83
80
82
74
75
76
80
77
72
75
77
82
78
82
81
84
78
79
75
77
80
84
85
80
78
72
81
85
82
83
83
73
82
80
80
80
81
85
74
77
85
80
86
79
80
86
80
82
84
81
78
77
80
75
85
72
85
84
87
80
80
84
75
82
77
82
84
86
124
81
83
89
87
88
76
87
81
78
78
86
85
90
86
81
88
86
82
92
87
86
87
87
86
85
78
86
80
87
80
90
84
84
92
78
77
90
86
86
80
82
84
89
92
82
79
84
82
88
84
85
81
79
82
88
89
80
90
86
78
85
80
82
85
86
85
91
81
77
84
78
83
85
78
83
88
85
76
83
84
82
95
82
84
91
92
81
91
85
92
89
90
88
82
86
86
86
78
86
81
89
89
80
85
85
88
84
82
92
82
86
79
78
87
78
89
81
86
92
83
85
89
80
87
77
88
90
88
91
92
88
84
92
83
88
85
86
87
78
139
158
161
156
161
162
161
167
159
163
162
155
