197
245
202
214
208
206
202
216
229
205
221
223
237
213
233
225
220
223
218
244
213
222
202
229
211
224
214
210
233
247
228
247
233
212
225
238
216
235
233
211
241
245
237
206
253
235
251
233
204
254
472
444
409
415
356
264
235
214
253
270
232
247
254
231
254
209
236
225
216
226
247
223
262
217
237
247
215
239
248
246
254
217
248
242
259
240
224
246
216
264
239
239
249
255
231
231
249
220
246
213
238
242
355
269
263
248
227
218
248
242
227
208
218
240
260
245
217
242
231
245
221
244
246
214
247
217
259
236
267
220
209
238
249
262
239
256
235
253
249
216
267
225
247
260
209
232
249
260
241
223
228
257
243
247
212
249
242
354
223
281
233
239
226
376
271
288
292
400
265
254
236
273
319
447
267
247
378
321
271
270
229
241
245
241
354
272
312
297
300
250
257
257
270
220
249
248
253
269
243
264
230
216
239
218
213
227
210
217
235
221
239
241
202
194
225
199
225
238
213
246
208
218
270
223
225
210
323
293
278
310
439
378
216
214
226
217
221
219
215
226
230
191
198
228
219
228
204
228
198
200
197
229
212
212
209
216
211
232
189
196
217
219
192
202
211
221
190
219
195
219
230
191
229
230
237
222
225
221
216
242
235
200
220
199
245
242
212
290
221
263
254
324
453
400
207
223
212
232
217
213
230
219
226
221
233
234
240
231
202
203
226
241
227
233
211
210
221
222
228
241
217
208
223
233
247
212
230
225
229
243
203
201
206
241
206
231
236
214
204
241
245
209
229
227
206
235
215
229
242
323
241
245
210
228
240
225
240
247
237
244
239
257
251
248
227
228
246
222
236
232
222
238
219
247
260
206
224
251
239
217
235
225
210
249
238
215
213
230
226
258
218
219
239
221
238
206
254
215
236
205
212
245
253
233
276
228
236
247
253
256
231
246
240
261
257
211
249
226
236
215
243
249
225
240
218
246
241
211
228
233
248
240
243
236
220
259
226
204
233
237
239
238
241
254
236
251
235
204
212
218
242
225
257
218
216
234
215
252
241
243
237
242
251
218
241
254
216
214
254
269
262
244
205
258
218
260
248
217
238
243
237
249
213
251
229
239
209
254
239
241
240
215
259
240
248
247
246
249
215
237
242
237
235
241
242
227
237
261
253
222
237
219
238
246
210
214
245
216
236
222
246
253
231
219
243
207
244
211
244
241
240
259
245
240
235
212
221
227
249
254
237
224
209
217
254
229
223
241
254
215
221
233
264
250
244
242
214
239
225
262
244
219
224
258
267
230
253
223
256
242
230
233
249
209
251
238
229
234
237
255
251
241
254
236
242
207
239
223
276
257
264
246
259
263
234
237
212
238
254
264
249
264
263
253
233
241
222
239
229
261
259
243
245
227
250
221
237
239
235
235
253
250
242
231
252
241
212
240
248
235
252
239
240
245
232
221
245
219
242
239
235
245
224
231
287
229
236
217
260
242
257
209
246
218
232
217
237
249
228
241
244
242
240
230
241
256
253
241
258
251
234
214
226
241
225
246
242
257
250
240
245
253
256
247
245
254
210
253
216
256
247
224
236
267
251
213
244
227
218
255
405
460
442
449
435
235
217
241
253
236
232
261
250
235
240
235
218
216
213
241
218
232
238
264
239
239
212
219
248
244
233
230
230
217
224
216
224
241
243
242
262
218
240
224
227
218
209
242
258
243
240
246
271
254
251
258
252
222
245
233
253
229
212
241
222
238
214
242
266
235
238
257
262
244
235
227
219
260
241
220
237
232
238
228
219
242
234
240
221
217
230
237
236
213
241
235
244
242
248
223
225
216
235
255
230
215
243
263
253
229
256
241
252
242
212
244
251
229
247
222
216
239
213
265
246
234
244
251
244
232
243
240
235
237
261
243
222
229
239
219
252
233
232
217
210
237
218
252
211
234
249
247
222
249
248
239
236
255
261
238
248
242
255
281
214
244
238
212
214
228
211
227
225
216
249
224
234
225
238
247
229
228
219
230
227
232
214
250
222
231
235
242
229
223
216
224
250
222
223
219
259
241
241
238
208
214
224
218
262
233
232
236
213
249
207
241
241
261
250
253
258
421
316
249
311
221
268
425
646
356
220
396
288
412
431
253
260
412
299
253
270
262
254
287
366
245
226
272
221
274
261
257
257
246
239
246
261
216
243
251
261
228
189
219
208
236
217
196
228
221
221
216
205
238
200
269
246
257
247
213
214
206
226
222
227
1954
379
385
356
233
222
237
232
219
229
234
200
202
217
205
