76
47
37
38
37
37
34
34
34
35
39
35
38
42
37
38
36
34
35
39
37
33
36
36
34
35
38
36
36
36
37
35
36
38
36
35
35
35
35
36
35
34
33
34
33
35
36
38
37
37
38
37
38
37
38
36
34
36
36
36
35
38
33
35
36
38
38
34
38
35
39
36
36
34
37
34
37
38
40
34
36
35
37
38
36
34
40
37
37
35
35
36
38
37
34
37
37
35
34
39
36
33
37
37
39
35
38
38
37
34
37
39
34
37
33
36
36
39
36
39
37
38
35
35
35
35
35
37
63
36
39
37
37
36
34
36
38
37
37
39
36
37
34
35
38
37
34
59
65
78
79
81
69
73
42
36
35
37
36
39
35
38
37
36
39
36
40
37
34
33
40
34
35
38
39
36
39
36
39
40
40
140
41
39
37
34
39
35
38
39
39
36
38
37
34
37
36
34
37
39
39
34
36
37
39
39
39
37
35
34
41
42
40
37
35
37
38
37
36
37
34
34
36
37
38
37
34
38
36
40
37
42
43
44
39
36
33
34
37
37
37
37
36
40
36
33
33
37
34
42
37
37
36
36
35
40
35
36
36
34
33
36
38
37
38
38
37
34
39
39
34
36
38
34
39
37
36
35
34
39
38
37
37
39
38
37
39
37
36
39
38
39
34
36
34
34
36
35
39
37
36
39
34
39
36
37
35
32
38
37
35
35
36
37
37
35
38
39
37
40
39
36
35
37
39
33
36
36
38
36
33
38
37
39
35
37
40
38
34
36
39
38
37
36
38
35
35
33
42
38
37
33
38
39
40
37
38
34
32
39
36
36
38
37
40
34
34
42
37
39
35
39
39
39
34
35
37
36
39
37
37
39
38
38
40
38
36
37
37
37
36
34
37
37
38
37
38
39
39
40
37
37
38
34
38
37
41
41
36
39
38
35
37
36
36
39
34
37
35
37
36
34
37
36
38
39
37
37
36
38
38
34
38
39
35
41
38
40
37
38
37
37
38
35
34
34
40
39
40
36
36
38
35
38
37
38
33
40
38
37
39
34
35
38
38
36
41
38
36
35
39
38
38
38
38
38
39
39
36
38
39
41
49
77
46
42
43
46
44
44
45
39
42
39
40
36
45
42
37
40
41
43
46
38
37
43
37
45
39
34
39
38
42
39
36
39
40
38
36
36
39
35
43
43
41
42
39
38
42
35
36
40
37
41
41
37
39
38
39
40
36
38
37
39
41
38
34
40
41
40
39
38
35
38
41
41
38
41
39
35
34
36
36
40
42
41
39
36
39
40
39
42
38
38
36
39
38
35
38
37
42
37
35
38
41
39
39
39
41
39
39
40
36
37
35
39
39
37
38
41
40
40
36
36
43
40
37
40
38
35
39
41
40
40
38
41
39
39
39
39
37
40
35
39
39
43
39
41
42
40
40
40
37
37
40
40
39
42
38
41
37
37
36
45
39
39
41
39
36
39
41
41
39
39
36
42
40
39
39
37
41
35
40
42
41
40
42
36
35
39
37
41
35
39
40
39
41
40
37
40
37
38
42
35
39
37
38
39
40
38
41
36
40
39
40
35
38
38
40
42
39
43
41
39
41
42
38
41
38
42
35
40
40
40
39
40
41
40
37
40
40
40
39
36
40
40
36
40
41
42
40
36
42
38
42
38
39
35
36
37
41
42
37
40
41
40
37
39
40
40
40
38
40
40
38
40
40
37
40
40
42
41
40
35
41
40
47
40
38
40
38
39
41
39
36
37
39
94
40
41
41
42
42
38
41
35
40
40
38
40
41
40
39
39
39
42
41
39
42
41
42
41
41
36
40
40
39
36
38
37
40
42
41
40
39
41
37
39
42
37
43
37
37
38
41
39
37
40
40
38
40
36
42
40
38
39
41
40
40
41
41
39
41
40
39
41
39
40
38
38
39
39
41
37
40
40
40
37
39
41
45
37
36
39
39
41
39
41
36
39
38
37
40
40
38
41
41
40
40
44
36
37
40
36
37
39
40
36
41
40
40
38
39
38
38
41
42
37
41
44
36
40
41
41
40
42
39
37
39
37
40
39
41
41
41
39
39
40
41
39
37
38
37
41
40
40
37
40
41
40
38
39
41
39
38
39
42
39
44
37
38
38
40
36
42
40
38
37
37
40
39
39
41
39
39
40
38
38
43
38
38
39
35
40
41
40
42
39
37
40
36
41
39
39
37
41
41
39
45
41
38
39
37
41
38
39
41
40
42
37
40
38
42
40
44
37
40
42
37
43
