39
33
35
34
32
29
31
29
32
30
30
35
31
29
29
32
32
32
33
31
33
32
28
30
31
28
29
31
32
32
33
36
29
32
30
29
30
29
30
31
29
29
29
28
31
28
29
31
29
32
33
31
30
32
32
29
28
32
30
31
33
32
34
37
36
33
30
31
31
31
34
33
34
30
31
33
30
31
32
32
31
30
29
31
31
29
31
29
28
31
34
29
28
30
31
31
28
31
33
32
32
33
33
31
30
32
33
33
29
31
31
33
28
31
28
32
33
31
31
32
32
33
31
30
32
28
31
31
33
33
33
33
32
31
33
30
28
32
31
32
30
31
29
30
31
29
33
31
33
35
33
28
31
28
29
30
29
31
32
31
33
32
29
30
33
31
31
31
28
34
33
30
32
29
31
28
31
31
32
28
29
31
33
33
33
30
30
30
31
30
31
29
30
30
32
30
29
29
30
30
33
34
29
30
29
31
32
29
36
29
31
33
31
33
29
29
33
32
30
31
29
31
30
30
31
29
29
30
33
31
33
38
67
57
74
76
36
34
32
37
32
36
34
33
37
34
35
38
36
37
33
32
33
32
33
41
32
35
43
47
69
61
57
59
51
67
66
70
68
71
36
33
39
39
33
34
35
41
37
70
36
47
36
34
35
36
42
48
39
40
31
35
36
35
35
37
51
46
43
60
64
46
34
53
56
55
60
35
39
39
37
40
48
39
34
40
37
36
33
37
36
51
47
77
61
60
59
65
59
51
64
65
58
67
39
36
54
57
47
43
50
35
64
34
35
63
41
40
39
67
35
37
65
64
68
58
90
56
83
73
59
59
77
81
78
79
79
66
78
59
65
64
78
72
65
69
66
58
61
62
54
61
67
61
73
62
52
65
49
65
82
59
67
35
35
54
58
33
28
31
31
31
29
31
30
31
31
31
29
31
27
30
29
32
30
30
31
30
31
31
34
34
29
32
33
32
31
30
28
31
28
29
31
30
29
31
32
31
31
28
31
28
38
38
39
33
34
32
30
29
33
29
31
30
35
35
31
32
35
34
36
37
31
28
33
29
30
29
28
30
30
30
29
31
29
30
31
28
30
30
30
31
28
31
33
30
31
32
29
29
29
35
32
37
34
31
31
29
29
32
30
30
31
34
31
30
30
30
35
28
29
31
27
32
33
32
28
29
31
30
31
31
31
35
33
29
32
31
31
30
32
28
30
31
32
30
30
28
30
28
29
30
32
33
31
30
32
30
31
32
30
30
32
31
32
29
30
30
31
30
29
29
33
28
28
31
31
31
31
31
30
31
32
29
30
30
29
30
31
32
29
29
35
32
30
32
38
33
37
34
36
36
35
30
31
31
32
30
32
31
34
29
32
32
29
33
31
30
33
29
31
33
32
33
31
31
32
29
32
32
31
34
30
32
31
31
32
31
34
29
34
29
29
32
30
31
29
31
32
32
35
39
36
37
33
47
69
84
58
59
63
62
63
80
62
58
69
32
38
37
36
41
34
40
39
36
36
32
34
36
36
33
36
33
35
35
35
31
31
32
35
30
31
29
30
31
32
30
28
32
28
28
30
31
29
31
28
29
32
31
41
35
34
34
30
31
31
31
30
32
30
30
28
28
28
32
30
31
30
31
32
28
28
28
28
30
28
30
31
28
28
30
31
31
32
32
30
28
31
29
34
32
30
31
34
30
29
31
29
32
32
30
32
32
32
30
32
28
28
34
30
30
30
30
33
31
30
30
28
31
29
31
32
28
31
32
29
28
31
33
30
31
29
31
29
31
31
32
30
31
29
31
30
31
31
32
32
34
36
35
33
31
33
31
33
30
29
35
31
33
31
32
30
32
33
31
32
31
36
33
32
30
32
32
30
31
31
33
30
29
29
32
31
31
31
32
32
31
34
31
32
30
33
32
32
30
30
33
31
31
30
31
30
33
33
34
30
30
34
33
30
32
33
32
33
32
30
30
33
32
32
33
32
29
31
32
32
35
34
33
30
31
30
33
33
31
30
30
30
31
31
30
32
32
30
31
32
33
33
33
30
33
33
32
31
33
32
33
33
34
32
32
33
32
32
33
40
38
36
35
32
32
32
33
32
33
34
30
30
33
30
34
32
32
33
33
38
33
32
34
33
33
33
33
31
34
30
33
33
33
34
34
33
34
34
31
37
33
33
32
33
32
31
32
33
32
31
34
33
30
31
31
34
33
33
34
36
32
32
33
34
33
33
34
32
33
32
34
36
75
66
59
75
76
78
63
77
62
68
69
