88
79
79
78
74
75
78
66
73
70
77
76
66
72
74
77
68
76
74
73
80
76
76
71
79
74
72
79
79
76
79
72
73
75
74
75
75
74
69
71
72
67
73
73
73
81
73
78
73
73
71
76
72
75
75
75
77
78
69
72
67
73
68
76
76
74
75
77
64
65
77
67
79
71
72
78
65
72
64
74
73
80
74
74
72
69
73
69
74
77
73
69
77
74
73
74
74
74
76
78
76
77
77
72
80
66
70
69
74
66
72
77
66
72
69
75
76
74
78
72
67
73
68
75
72
77
78
73
70
72
77
75
75
80
79
78
82
75
70
77
70
75
71
74
78
76
73
77
75
78
75
80
73
72
70
140
92
79
75
75
76
75
72
74
75
70
80
73
76
72
74
74
79
78
75
78
75
72
78
74
74
74
76
68
72
68
77
85
77
72
78
77
69
71
77
70
73
75
74
77
70
78
68
74
79
74
76
74
76
72
82
74
75
75
74
76
78
81
78
80
69
71
76
74
76
71
69
78
83
79
72
84
76
77
75
80
72
79
84
75
72
68
82
73
83
72
85
79
74
80
75
79
78
78
78
78
75
70
75
71
81
72
79
75
81
78
78
73
81
77
79
68
81
85
75
71
77
79
71
75
77
77
75
80
74
79
83
77
79
76
81
72
73
76
71
73
80
71
77
78
74
80
72
75
78
78
82
83
80
75
80
102
91
76
77
80
73
83
83
84
78
77
76
78
70
79
78
78
83
79
78
79
77
75
72
82
84
82
71
77
69
81
81
79
76
75
82
75
80
77
77
76
81
81
73
77
75
82
71
76
74
75
71
78
77
76
71
79
76
75
75
69
73
74
76
78
75
71
80
80
76
73
75
70
78
70
74
81
70
75
82
77
74
75
80
73
72
73
72
78
77
74
77
74
81
79
80
82
76
80
81
95
78
72
72
84
74
81
84
75
84
84
86
80
83
72
76
78
75
74
84
79
87
78
79
72
83
70
76
80
72
78
73
72
76
78
72
80
80
79
74
83
75
78
83
80
83
82
82
77
82
77
84
76
80
84
78
72
84
79
87
136
80
77
77
76
82
79
75
75
71
71
77
72
79
72
70
75
74
76
78
75
75
83
81
76
76
71
76
69
72
83
78
76
73
72
78
79
75
80
78
80
76
71
78
84
72
83
77
72
80
75
82
72
77
71
83
73
82
74
76
82
81
82
71
83
77
84
76
77
77
70
83
84
79
79
81
84
77
80
83
80
79
82
71
73
68
80
76
77
77
71
75
75
77
80
79
78
81
82
81
75
82
86
78
74
81
79
69
74
73
81
76
84
72
76
86
79
81
81
73
75
83
89
72
82
82
76
79
83
85
79
81
85
68
76
80
77
81
70
78
71
82
74
75
80
83
79
85
77
81
71
73
78
87
327
114
90
106
84
83
70
80
81
78
70
86
85
83
80
98
85
79
79
76
71
81
80
80
78
77
77
78
81
77
69
74
75
76
75
82
83
91
92
87
102
93
123
86
79
75
97
87
85
85
76
78
81
84
85
89
83
70
73
75
90
81
88
79
84
85
81
86
84
85
77
77
82
88
87
82
87
83
91
85
82
75
78
84
80
82
81
78
77
81
76
73
74
79
73
69
71
75
74
67
67
74
66
74
75
81
72
69
83
82
76
81
74
78
78
77
73
83
75
84
76
78
81
78
73
69
77
71
69
69
76
71
75
80
67
76
79
68
69
73
78
82
77
75
82
69
111
120
87
86
106
90
90
86
73
76
81
86
77
70
79
81
69
74
77
75
74
72
71
79
78
74
81
77
79
72
77
70
72
76
79
83
72
78
69
76
77
75
82
76
75
75
80
71
81
74
75
80
79
78
76
79
78
77
83
77
82
75
79
76
77
70
69
73
78
70
77
80
72
78
82
75
80
79
79
74
75
77
78
76
76
74
83
76
82
73
72
77
82
80
79
72
77
85
82
89
81
81
76
84
79
82
79
78
78
74
73
72
79
79
78
84
80
78
75
82
83
75
78
78
81
78
73
73
73
71
80
77
73
81
78
79
80
81
82
79
74
78
76
79
78
77
70
80
81
77
81
86
81
127
78
84
75
86
78
81
83
83
83
72
74
80
94
85
173
104
82
78
82
104
81
76
112
76
129
138
132
134
135
90
91
100
164
126
163
137
85
105
100
98
117
111
120
100
121
107
391
225
96
87
98
90
86
104
143
88
100
90
84
91
120
94
88
122
93
87
126
152
88
87
77
106
109
76
77
