3504
2928
2519
1374
1339
1441
1517
1104
867
918
1022
949
1005
1057
975
1090
958
1033
1026
1245
930
1186
1753
2291
2301
2127
2399
1842
2492
2255
2224
2473
2081
1919
865
897
806
1329
2173
2275
2459
2330
2365
1917
2584
2180
2107
2232
2252
1589
926
1619
2536
2345
2750
2488
1950
1859
2583
2130
2351
2068
1792
1400
1986
1935
1800
1516
1495
1574
1244
1243
988
897
963
997
935
1018
1005
1124
1108
1168
1055
1033
982
1171
884
1003
1117
1305
1094
1660
2194
1038
1108
1066
1110
1210
1428
2491
1681
2371
2519
2284
908
902
2512
2612
2529
2061
2260
2629
1800
2457
781
1800
1209
1245
2455
2986
2112
2842
2587
1385
2088
2143
1789
1809
1976
1459
1150
811
1790
2336
2575
2060
2212
2102
2401
2425
2440
2384
2354
2268
2980
2572
1292
1431
1468
1376
1040
1115
1066
1176
1597
2251
2532
2509
2475
2299
1930
2291
2619
2537
2292
2330
2600
2316
2411
2463
2657
2629
1817
1794
2020
1346
1514
1288
1506
1002
1245
1034
1061
1154
1099
1032
1082
1023
1138
1041
1080
1040
1029
1006
1073
897
896
1047
911
1046
1107
904
946
1101
1144
1002
948
1013
981
813
1010
952
1052
1001
1100
1078
1087
1116
999
1105
933
1022
1100
1057
1074
1040
1009
1120
1048
961
1107
1016
992
1041
963
1080
2325
1121
2641
1549
838
1123
1443
1029
929
1099
1223
2098
1796
1103
1074
800
862
1188
1408
1751
1859
1974
1830
1708
1621
1308
1902
844
1263
1519
2133
2381
1413
2107
2260
1687
1924
981
922
923
1095
1049
993
822
1028
928
917
726
2316
2080
2341
1949
2242
1556
1566
1512
1407
1336
1280
1376
1093
1088
1094
1082
1004
1013
1075
1707
2337
2458
2468
2549
2531
1987
2513
2457
2261
2089
2350
2423
2513
1989
2243
2485
2549
2529
2552
2313
2442
2391
2176
2517
2229
1901
1791
1797
1431
1350
1340
1475
1291
1135
981
933
1148
1091
1079
909
1144
1036
1054
933
1129
818
955
989
1050
1016
1118
1092
1077
1137
1103
1048
1032
934
1097
838
942
964
1913
2632
3540
1086
936
956
936
1044
982
938
1060
1037
1105
1123
1363
805
891
994
956
1043
1040
1035
1018
947
987
1072
928
1170
1515
1007
908
985
1020
1098
1056
1020
1154
918
1022
1082
1092
1106
1099
895
704
795
1109
1698
2549
2338
2254
2347
2516
2194
2230
1262
2039
2400
1668
878
1764
2473
2373
2265
2451
2240
1709
2611
2459
2223
1993
1925
1772
1762
1710
1200
1287
1340
1161
1088
1077
1063
1121
1019
1007
1072
1081
986
926
1131
909
1058
970
1024
1022
1129
1094
885
924
1078
909
1115
1096
1838
2482
2669
1984
1792
1604
1639
1536
1407
1206
1294
1305
1102
1298
1050
922
1122
983
964
921
1058
1060
1064
1079
1081
1179
1069
969
947
939
1090
1062
964
988
1085
945
1143
912
1132
1071
1033
1006
1688
1192
866
1348
1861
2024
1287
1324
1005
1292
982
1048
1162
978
1057
1100
905
1508
1350
795
1059
946
1190
1057
1066
1097
1069
1162
1047
944
1319
1098
849
888
1047
1070
1103
1032
1054
1039
1050
1047
1060
910
1139
979
883
930
1246
1149
1093
1152
1099
1136
1029
943
1131
1035
1524
1024
674
1147
997
1033
1048
1086
1067
907
1048
977
1036
1063
1112
954
1074
2317
1994
2213
2234
2322
1026
837
1122
1499
1455
1500
1596
1443
1364
1076
1224
1291
1029
1061
1068
941
1098
934
1037
1061
1088
1045
902
1011
1399
978
1487
1367
1608
1151
1077
1073
1061
950
1180
932
1124
1020
1567
1318
1498
958
978
1146
1714
1470
1407
1209
2036
1556
1556
1801
1555
1636
1594
1681
1903
1380
969
989
962
987
1056
1058
964
1013
1017
988
934
1044
1050
1131
1007
1043
935
1006
1148
996
941
1049
1010
988
1577
2851
2319
1221
1156
1083
908
1396
1491
3088
1968
904
912
982
1123
1074
1286
858
832
927
1112
1083
968
971
988
1047
1011
1109
1049
1056
1112
801
954
970
945
910
1010
986
1102
1050
944
951
1139
1089
1195
1308
884
933
929
1024
1046
796
1004
877
1077
896
1143
1174
1076
1286
1743
1114
943
970
1076
1106
1035
1130
955
1075
1053
1030
1165
775
915
910
1083
1064
968
1076
1072
1143
1153
1058
1049
1088
1045
900
999
917
1040
1031
985
970
1027
954
1123
1063
1053
1067
1079
1067
1053
1059
973
1052
949
1035
1074
936
1045
1068
967
1076
1499
1749
1065
1088
923
973
934
1024
916
918
1111
1035
958
1027
996
912
1049
1121
1013
1060
953
1074
960
1027
911
1017
1161
970
936
1014
1066
1042
1051
975
984
1067
985
972
1095
1081
905
969
763
1028
1062
942
1127
1142
1002
1062
1064
1012
1052
1000
1157
1624
1312
1352
851
1060
1156
1085
946
1101
1162
1074
1047
1321
1482
874
968
1471
1359
2246
2585
812
1019
959
1157
945
998
1059
974
1058
1002
1059
970
1046
940
927
1143
1301
1114
1215
1093
1091
1073
1095
1056
1194
1620
1048
978
1067
1117
1077
1058
1121
1080
1182
1100
950
1097
1924
1808
1117
992
1054
1021
947
1179
1047
996
926
1033
1178
1166
855
1160
1067
935
1066
1137
993
1064
1007
977
1046
1051
1107
892
804
1137
1065
1042
1031
1119
1164
1130
1050
920
1042
1101
1037
982
1152
1039
960
929
925
949
1053
953
1063
1135
1056
1174
1130
819
1094
2701
2114
1960
2287
2300
2586
2342
2203
2354
2428
2075
2223
2451
1841
1947
1538
1490
1434
1288
1189
982
1104
1070
1116
1070
1156
935
1089
1101
1063
948
1054
1241
874
960
889
1504
2436
2290
2448
2226
3316
3138
