847
1075
1553
1234
1288
1402
1167
1183
810
887
808
900
935
922
958
985
1018
958
846
999
1050
1403
975
947
911
825
953
783
977
910
797
942
968
926
902
773
902
905
909
968
816
841
1035
1687
1857
1811
1910
2163
2023
2083
2089
2101
1940
1959
2019
2315
2079
1715
2056
1763
1709
1343
1513
1205
1239
1044
1169
1088
975
970
931
900
992
1035
1334
754
766
1045
1039
1091
885
908
1210
736
856
1358
1750
1901
1954
1858
1194
1446
886
769
841
1183
1092
994
1179
943
1053
813
921
937
1017
988
994
751
669
825
917
947
955
612
808
892
930
798
889
791
831
816
957
755
697
834
911
860
949
952
783
939
853
805
837
904
937
829
928
722
799
652
1009
808
797
900
934
959
938
921
849
968
941
960
782
1418
1717
2257
1748
2412
2029
1909
1963
2355
3557
2751
2372
2095
2225
2232
1836
1948
2071
1773
2018
2248
3173
3474
1767
2021
2061
2012
2142
1981
2056
1896
1582
1589
1563
1277
1119
1135
1290
1179
1057
1159
855
910
922
862
832
808
890
829
1375
1476
924
871
907
847
878
888
789
875
846
913
863
815
783
1025
682
957
986
797
939
900
941
854
804
834
957
973
913
929
911
913
1049
815
1059
781
879
968
720
770
1134
1014
776
756
1259
795
916
964
840
889
938
902
912
1018
750
705
765
756
786
841
909
905
844
959
958
917
904
841
983
795
1198
705
704
926
921
904
889
920
975
814
920
916
824
960
924
919
928
790
570
765
1017
802
781
874
859
976
885
830
910
935
917
903
874
857
940
747
717
754
902
830
948
1008
817
917
783
953
951
840
789
895
821
875
885
892
831
927
937
880
805
950
838
911
918
895
863
900
909
804
974
1099
1088
1111
1020
789
803
870
839
840
837
940
825
814
986
996
981
634
951
956
973
899
913
898
801
906
917
909
946
971
924
845
779
827
784
819
897
986
913
895
835
908
906
942
893
872
839
880
1513
2370
2194
2177
2330
2083
2184
2214
2149
1821
2201
2214
1890
1983
2308
2002
2085
1786
1756
1658
1764
1626
1372
1222
663
932
709
805
803
785
855
936
759
875
862
761
917
823
905
899
1012
937
830
913
1098
791
584
874
840
949
876
936
923
798
888
813
876
862
887
699
860
663
763
932
916
792
845
921
966
904
927
820
837
979
806
904
1327
3932
2053
2159
1999
2150
2107
2137
2173
2119
2041
1919
2058
2096
3553
2975
2850
1571
1751
1526
1448
1176
1068
1391
1484
1064
1131
1051
684
895
898
915
990
957
748
664
811
660
893
803
909
798
954
895
913
882
906
867
841
893
738
918
882
982
798
888
873
899
890
958
799
828
898
810
954
993
711
934
895
703
1009
1056
1013
963
1031
928
900
813
965
1004
917
854
842
911
901
623
827
858
934
940
907
813
944
962
907
902
948
856
829
805
799
822
859
863
914
947
912
972
893
785
937
897
931
1353
745
870
1281
1924
2323
1992
1561
1873
1465
839
850
938
1107
1313
1101
1317
837
1397
1463
1767
1475
1679
1928
2246
1182
726
903
2029
2175
1851
1939
1824
2017
1968
2500
2396
2312
2127
2096
1499
651
1330
1726
1794
1573
1323
1322
1224
1322
1118
1036
1116
794
842
766
922
810
881
783
830
971
829
896
915
954
935
822
853
1170
1366
1389
915
800
963
785
811
975
833
806
904
795
962
791
1173
1293
1730
1341
905
1416
1104
956
946
1872
1979
2299
2182
2256
2273
2430
2324
2286
2876
1567
678
1413
1334
1546
1334
1151
1126
995
1204
1939
2424
2145
2269
2162
2471
1887
2354
2089
2117
2152
2314
2358
1958
1431
1665
1595
1271
1223
1229
1098
1086
795
727
778
687
1013
791
854
831
921
875
1064
870
1324
1988
2097
1890
2113
900
854
924
605
1346
1227
1161
1174
1035
1073
972
953
930
1076
809
859
773
898
864
923
926
788
795
951
934
806
907
971
845
780
940
706
819
881
872
877
788
857
888
981
885
983
830
848
891
881
2056
1387
1123
1592
1035
1061
965
1370
1310
811
1197
2876
850
2287
1544
1944
1740
1762
1659
1611
1435
750
731
974
886
984
935
1065
945
837
891
793
876
996
1746
1465
2041
2025
2280
2139
1940
2030
1235
1919
2032
2050
1922
1857
1871
2221
2063
1875
1151
1426
1382
1339
1081
1179
963
972
1376
1440
824
929
917
857
976
805
930
927
810
912
825
904
1064
1035
1010
826
894
1122
842
793
840
1040
793
866
924
789
930
838
877
827
800
801
1021
832
988
999
959
889
955
859
966
993
883
1066
870
799
810
820
932
842
880
985
1111
763
908
831
862
920
948
794
1674
1973
2090
1942
716
709
991
1024
1197
1152
1145
1157
1079
1122
1209
961
892
976
872
766
791
863
887
950
905
915
808
922
922
929
924
898
896
1996
1466
1273
1989
2098
2042
2069
1888
1166
1925
1914
1903
2020
2048
2003
2052
1733
783
1709
1591
1301
2161
2235
2166
2777
3761
2550
1889
2236
2404
685
2251
2018
2295
2058
1975
1863
1390
1465
1432
1289
1343
1083
1254
837
961
850
905
1017
922
762
724
790
742
956
900
886
831
849
918
849
929
918
994
852
961
1393
2077
