4539
4641
4705
4383
4511
4108
2438
1884
1341
1557
1624
1052
1067
1301
1236
1146
1159
1182
1113
1130
1119
1128
1115
2859
3624
2294
1560
1494
2014
2593
2592
2329
2719
2078
2091
2797
2678
2631
2210
2396
1885
1802
1737
1244
1323
1415
1435
1214
1165
1006
855
1145
1139
1155
1201
1205
1161
1226
1197
1023
1151
1147
1208
1121
1177
1226
1169
1010
1054
1145
1159
1184
984
1045
1196
987
1130
990
1111
1154
1149
1171
1128
1213
1118
1143
1142
1724
1009
1093
1107
1156
1048
1176
1217
1004
1129
1069
993
1132
1159
900
1209
1263
1225
1102
1181
1072
1156
1224
1108
1125
1633
1076
1417
2249
2734
2258
2289
2970
2810
2283
2554
2609
2591
2263
2631
2333
2452
2332
2070
2075
1754
1671
1525
1248
1150
1074
1043
1110
1224
1749
1864
1139
1134
1107
1227
2077
1282
1201
1327
829
921
1132
1130
1028
1157
1127
1140
1115
1112
1074
2373
2695
2619
2610
1491
2437
2555
2596
2464
2275
2953
3465
3112
1560
1811
2493
2574
3957
2757
2401
2718
2440
2319
2430
2757
2538
2454
2168
1875
2103
1843
1493
1465
1280
1344
1363
1377
1033
1269
1008
1162
1007
1227
1125
1129
1085
1262
1039
1165
1156
1192
1126
1128
1073
1180
1031
1148
1055
1156
1218
949
1068
1043
990
1075
1092
992
1253
1084
1246
1199
1130
1183
985
1044
1128
1086
975
1127
1154
1141
1163
1148
982
1168
1180
1132
1245
1159
1062
939
1150
1142
1089
1093
1071
1188
1222
996
1029
1046
1266
1095
823
1200
1164
1121
1061
1266
989
1009
1060
853
1285
1310
1123
1826
1151
1420
3799
3325
2748
2379
2894
1625
1034
823
2195
2265
1319
1433
1340
1577
1413
1118
1007
1710
1637
2496
1190
1728
1848
1807
1050
1151
2381
2705
2474
2208
2055
2172
1083
1242
1352
1286
1049
1027
1120
1155
1053
1013
1058
1181
1995
966
1092
1708
2690
2768
2391
2102
2505
2543
2314
2542
2034
2279
2376
2284
1559
1650
1758
1738
1210
1212
934
1116
998
1208
1090
1104
1145
1186
1150
1147
1182
1026
1095
916
1264
963
1168
1059
1209
1255
1027
1085
1020
1260
1237
988
954
1047
1160
1196
1139
1025
1055
1158
1210
905
1155
1181
1040
1142
1178
1069
1101
1119
1167
1130
1160
1028
1151
1053
1116
954
835
1057
1008
1085
1134
1230
1225
1116
1469
1303
2580
2666
2333
1776
1116
1003
1427
2757
2578
2510
2369
2626
3475
2436
2349
2771
3151
816
967
1742
2135
2227
2490
2486
1509
1479
1652
1690
1672
1481
1275
1293
1459
1421
2298
2583
1894
1966
1803
2425
3201
4319
1116
2690
2553
2416
1928
2584
2052
1820
1929
1540
1425
1823
2747
2745
2350
2760
2744
2401
2341
2532
2634
2334
2702
2690
2456
2126
2130
1737
1529
1686
1433
1348
1221
1332
1247
1151
1078
996
1150
1048
1247
1135
1156
1184
1222
1146
1160
1173
1073
1004
1013
1168
1268
1638
901
1514
1735
2465
1579
1449
1116
1338
1200
1117
1190
1142
983
1150
1049
1026
1215
1186
1225
3368
1328
2271
2325
2810
2372
1685
2705
2707
2922
2971
922
1797
1949
1891
1876
1537
1425
1419
1230
1174
1054
1140
1117
1069
1169
1085
1118
984
1101
1133
1024
1028
912
1084
1093
1000
1212
1023
1009
1117
1067
1118
1210
1060
1109
1073
1653
2344
2541
2763
2681
2249
2413
2696
2334
2272
2478
2833
2598
2760
2624
2560
3136
4816
3914
2416
2723
2064
2681
2730
2251
2462
2245
1123
1211
1248
1419
1292
1193
1159
1268
1081
1196
1068
1874
964
1089
1017
1197
1205
1173
1223
1062
1701
1854
2384
2899
3739
3038
4005
3186
3040
2161
1009
1318
2102
2305
1827
2058
2172
1528
1032
901
1071
1353
1186
995
1160
1022
1044
1168
1000
1059
1084
949
1132
1133
1018
1203
1243
1162
1156
1196
989
1134
1011
1157
1172
1091
1131
1189
1154
1175
1014
1249
1168
1156
1067
1119
1232
927
1003
1120
1101
1137
1117
1139
1135
1062
1158
1261
1058
1139
1049
1084
997
1057
1153
1186
1222
1167
789
1157
997
1073
1180
919
1002
1013
1149
1136
1142
1114
1247
1155
1162
1028
1115
1652
1860
1161
1300
1158
1244
1199
1197
1241
1197
1029
1282
981
1008
1069
1041
1158
1223
1178
879
1104
1039
993
1177
1430
1677
908
1745
1270
1050
1362
944
1214
1059
1246
1214
981
842
2391
1978
732
1681
1889
1608
1688
903
888
1227
1329
1092
1254
1126
879
1147
1307
1180
1077
1214
957
1136
1141
3250
1560
1730
1272
1728
1205
1139
1202
1116
1129
1448
1768
2995
1422
1492
1321
1262
1396
1446
1390
1168
1262
1313
1227
891
1025
963
1140
1005
1202
1014
1008
1148
1068
1237
1217
1668
1018
2433
2657
2400
2596
2717
2487
2899
2623
2444
2316
2601
2350
1917
1619
1781
1524
1260
1221
1305
2130
2292
2230
2530
2602
2643
2632
2581
2597
2393
2241
2514
2660
2283
2589
2290
2049
1665
1457
1688
1605
1349
1308
1329
1176
1105
1217
1180
1240
902
1180
1177
1151
1162
1163
1003
1179
1044
1251
1229
1056
1239
1064
1203
1276
1226
1167
1186
1172
1218
1183
1139
1252
1431
1161
1159
1231
1007
1163
1246
1004
1075
1239
1203
1157
1034
1241
1307
1514
1581
3485
3809
1807
1278
1203
1269
988
1199
1136
1081
1250
1223
1032
1205
1210
1099
1172
1008
1132
1137
1156
1056
3369
864
1094
1197
1172
1198
1074
1177
1039
1214
1047
1085
1225
2142
1332
1160
1582
1212
1227
1420
1513
1416
1393
1345
1293
1576
1420
1302
1480
1207
1449
1215
1471
1401
916
1016
1208
1240
1400
1501
1030
1162
1028
1237
1184
1151
1316
1091
1144
1196
1059
1162
1050
1156
1139
1005
1010
1125
1242
1196
1064
1150
1197
1008
1289
1161
1177
1291
992
980
1184
1019
944
1140
1137
1083
1000
