1771
1665
1689
1297
1134
1644
1484
1677
1430
1433
1333
1332
1141
1092
1581
2390
2641
2384
2351
2033
792
1354
1571
1364
1242
1288
1263
1285
1173
1088
1739
1100
1080
1155
1203
1177
1142
1191
1040
982
988
983
1140
1201
976
1094
1211
1005
1160
1004
1093
1144
1149
1231
1264
1112
4683
2979
2553
2385
2315
2379
2591
2397
2739
2641
2453
2519
2749
2425
2207
1639
1526
1719
1631
1097
1250
1183
1313
1190
1183
1067
1032
1211
1023
1037
1133
1122
986
1007
1119
994
1127
1124
1129
1034
1143
1299
947
1279
1246
1172
1342
1090
1276
1286
995
1216
1219
898
995
1156
1206
1054
1121
1123
1127
1110
1042
1243
1131
1301
1082
1238
1085
1290
1175
1067
977
1156
1154
1272
1051
1190
1190
923
1185
1259
1470
1382
1463
985
1177
1520
1043
1275
1055
949
1077
1182
1148
979
1211
1105
1140
1057
774
846
1573
1456
1676
1474
1252
1058
1234
1093
1134
956
1089
1218
1109
1203
1165
1074
1094
1251
1179
1160
1294
929
1021
893
1080
999
1037
971
1045
1167
1112
1034
1011
1131
1047
1226
1150
1214
1082
1207
1067
1056
1246
986
1125
1191
1133
1361
1228
2701
2534
2579
2296
2542
1430
1998
2734
2647
2505
2327
2075
2576
2192
2093
2006
1998
1541
1753
1123
1114
1038
967
1313
1096
853
1063
1058
1020
966
954
1250
989
917
1079
1163
1171
1237
1147
1018
1197
1187
1145
1147
1712
1385
1141
1259
1142
1032
1249
1235
1144
1084
1121
1202
991
1004
1186
1260
1254
1165
839
1178
1143
1205
1025
1095
1284
1026
989
2537
2566
2342
2271
2266
898
1019
1295
2654
1100
1416
2133
2276
2082
2021
1379
2745
2681
1206
881
1746
1773
1540
1539
1468
1397
1256
1279
1328
1263
2454
2396
2204
2132
2615
1626
2281
2167
2704
2588
2590
3075
2600
2647
2660
2504
2080
2615
1933
2250
2539
2843
2318
4666
3362
2291
2574
2653
2438
2641
2567
1994
2252
1611
1373
1456
1531
986
1085
1135
866
1003
848
1122
1049
1202
938
1320
1387
1301
1313
1264
1202
1364
1206
1421
1393
1552
1508
1506
1446
1312
1327
1195
1277
1038
976
1157
986
1159
1166
1024
1273
998
1215
1251
1263
1005
943
978
1162
1115
1062
979
1052
1313
1171
1154
1010
1045
1212
1056
1217
1153
836
1331
2796
2872
2482
1517
1244
1104
1151
1025
1189
1158
1133
1152
1153
1386
1229
1149
1266
1123
1149
1150
1103
1212
1178
1140
1194
1029
1035
1106
1145
1177
1147
1172
1232
1188
1139
1139
985
1134
1114
1080
871
1100
1173
1230
1051
1148
1240
1186
1159
1056
1044
1275
1074
952
2083
1592
2131
2272
2212
2674
784
2849
2727
2911
2742
2316
2456
2387
2809
2718
2881
2836
2447
2707
2645
2587
2662
1891
2098
1801
1569
1570
1508
1019
1114
1885
1975
1065
1173
1150
1178
1020
1008
1231
1011
1001
1194
1135
1154
1086
992
1099
1077
1135
1156
1201
1140
1137
1036
1118
1162
1135
1164
1033
1025
1155
1162
1138
1147
1130
972
1161
1257
1110
1033
1128
987
1093
1248
1188
1235
1208
1140
1010
2530
3849
2999
2287
1862
1149
1052
1186
1177
1157
1097
1131
1160
1023
1184
2320
1927
1384
2559
2185
2526
2637
1301
1217
1483
1209
1737
939
1352
1070
1302
1262
1245
1175
1044
1277
1152
1336
1354
1219
1192
1122
1181
1142
1060
1176
858
1176
994
1164
1094
1008
1141
1101
1179
986
1185
1006
2264
2381
2342
2495
2699
2709
930
945
1535
2713
2488
2466
2513
1566
1330
1836
1154
1336
1661
1468
1293
1119
1083
1257
917
1139
1280
1005
1306
2022
2019
2302
1117
1461
982
2563
1856
2659
2807
2970
2877
2405
2768
2182
2638
2473
2769
2582
2332
2256
1903
2620
2880
1822
1276
2063
2856
1155
1142
1254
1328
1077
1235
996
1132
1227
1262
1878
1034
1133
1149
1027
1189
1211
1019
1137
1154
1014
949
1657
1236
1129
1175
1125
1047
982
1247
1238
972
1195
1028
1860
2630
2599
2650
2595
3113
4500
2799
2230
2296
2476
2686
2693
2633
2299
1515
1714
2952
1711
1258
1288
1248
1190
1154
1118
1173
1085
1120
1289
1081
1128
1159
1051
1243
1144
1080
1046
1200
1148
1324
1136
1130
1131
1093
1136
1090
1262
1024
1254
1224
1181
1210
1349
2550
2737
2423
2730
2905
2841
2573
2398
2631
2230
2699
2256
2510
2246
2550
2141
2935
2264
2546
2559
2512
2370
1395
1586
1252
948
1402
2055
3086
2127
1198
1223
1018
1218
1147
1149
1112
1032
1097
976
1011
765
1008
1264
1251
1211
1028
1156
1059
1236
1111
1035
1398
921
989
2885
4127
4438
2812
2393
2460
2963
2920
2187
2783
2941
3345
3116
3517
976
1357
1350
1376
1534
1472
2535
995
1205
2200
1128
1235
991
1006
1164
1080
1142
1163
985
1008
1448
1890
1260
1142
1181
1587
1623
1719
1917
1687
1022
1288
1371
1460
1442
1803
961
1135
1117
1243
1308
895
775
932
1164
1163
1108
1012
1180
779
1069
1138
1147
1201
1172
1007
1011
1045
1141
1101
971
1195
1012
1156
1166
1181
1139
854
909
883
1115
1100
1153
1196
1033
1069
1213
1095
986
1157
1154
931
723
1110
1001
1132
1070
1073
950
1075
1046
1031
1151
1017
1060
917
1240
1234
1183
1402
1133
1843
1133
2148
2519
1350
1135
1026
1045
1034
1219
1161
1512
802
1177
1049
1163
1186
1169
1076
1157
1197
1058
1071
1076
991
1206
1077
1173
1032
1033
1227
1058
1252
1191
1138
1095
1251
1222
1195
1115
1010
1088
1232
1176
1107
1124
1184
1034
1002
988
972
929
1131
1013
949
1173
1043
1086
1041
1144
922
1191
1057
1547
1137
955
1140
1056
1221
1169
1154
1009
1144
918
1157
1255
1048
1156
933
1052
1194
1190
1039
1203
995
908
1046
1141
1201
1153
