174
181
186
194
170
179
176
167
180
178
197
209
143
157
156
144
158
159
154
146
154
161
153
138
161
141
149
140
151
145
140
149
157
146
163
141
157
156
166
153
157
168
154
173
163
158
162
156
151
149
161
165
169
175
151
169
168
176
165
160
159
160
164
167
160
158
157
169
173
154
164
236
195
164
167
156
149
174
185
181
152
171
171
156
176
190
185
163
178
166
177
170
168
167
165
181
180
163
166
153
165
180
152
158
169
158
178
157
175
155
170
171
167
186
178
172
173
171
151
176
168
170
162
163
163
163
151
179
171
182
179
175
168
171
169
156
175
170
171
166
158
170
153
167
173
176
205
165
184
168
179
173
172
169
169
162
160
186
184
172
150
170
157
159
173
157
174
174
166
181
158
163
170
154
164
191
167
178
178
182
157
180
169
161
168
152
179
168
151
177
160
171
184
169
181
169
168
171
160
191
171
181
161
175
173
174
175
161
185
169
179
156
165
169
162
168
172
152
192
179
174
148
161
166
170
173
167
163
174
168
161
167
168
179
155
180
179
219
161
181
153
174
156
175
150
165
173
168
175
184
172
172
171
155
168
154
170
179
161
152
154
173
169
174
178
181
171
163
172
165
155
177
156
181
157
183
182
175
167
162
173
164
167
168
167
184
161
177
179
162
171
172
168
179
176
175
157
155
168
155
174
179
173
172
177
159
161
174
161
156
170
182
172
157
170
159
167
175
193
183
176
176
156
175
167
168
173
184
156
154
172
153
171
190
165
173
156
179
165
176
167
167
174
178
185
180
184
182
171
161
168
164
184
162
168
172
181
186
165
175
174
166
181
165
174
163
155
172
156
163
158
158
168
167
168
157
173
181
177
188
177
176
191
173
159
153
179
192
167
162
182
159
173
182
177
181
169
167
174
151
182
165
161
168
175
157
182
179
155
158
187
180
163
157
161
173
168
171
158
171
175
165
157
176
183
184
191
160
168
150
175
167
172
168
174
172
176
163
170
181
171
167
157
161
154
181
184
178
181
174
177
187
176
173
167
158
180
177
177
170
174
173
154
161
169
176
156
172
183
164
218
273
169
163
173
173
204
168
184
201
173
167
154
154
167
157
180
176
180
169
166
153
180
173
172
154
187
164
186
177
174
155
158
156
172
176
179
172
187
175
169
166
162
184
161
174
163
181
151
154
171
172
174
152
172
159
180
161
157
170
157
168
175
176
169
172
172
167
159
182
172
172
175
190
216
166
158
174
167
171
171
160
178
182
182
181
182
160
184
193
174
172
157
157
163
173
177
179
166
161
161
175
161
154
172
173
181
176
154
176
172
175
159
173
176
156
153
165
166
191
181
161
181
178
166
173
173
177
157
191
174
165
150
171
165
176
171
178
180
176
161
179
175
186
168
154
174
177
177
191
166
175
163
172
173
164
179
164
174
158
182
167
200
173
171
191
190
173
188
182
174
163
161
176
171
168
189
181
173
175
175
165
178
170
173
180
156
172
173
169
170
171
156
156
158
160
162
170
174
176
179
183
153
172
176
183
162
177
165
174
170
163
179
153
183
178
174
156
149
181
166
182
182
293
306
317
330
306
321
346
348
171
162
184
159
152
165
162
161
172
172
175
166
177
156
172
179
160
180
179
175
156
173
171
163
169
169
177
178
176
171
176
158
178
172
178
157
159
154
170
177
159
160
157
174
158
159
173
167
186
178
159
167
175
165
179
178
178
183
173
177
227
187
192
191
172
191
253
249
173
177
180
238
163
187
232
199
168
176
190
158
197
207
187
168
246
181
175
203
245
235
183
241
195
227
195
186
185
195
164
190
166
176
200
209
182
189
184
173
178
162
176
156
165
140
155
166
151
137
151
150
160
162
153
154
153
161
159
143
149
156
145
172
160
148
152
167
156
175
163
163
162
166
145
151
169
167
162
171
182
176
156
166
172
351
180
198
175
156
176
190
193
229
203
193
226
314
292
183
189
178
176
179
201
182
202
196
181
184
170
159
180
182
190
157
186
184
172
158
184
160
172
148
137
167
161
152
166
156
150
161
149
175
172
170
162
161
174
159
158
160
169
167
175
152
173
168
156
156
144
178
165
165
164
166
170
153
156
152
178
174
171
171
166
157
157
168
169
253
173
169
197
185
170
201
184
242
535
337
241
287
415
451
265
208
178
150
167
173
164
176
169
174
163
163
182
168
167
151
175
162
158
162
146
166
169
156
177
152
164
158
142
144
147
142
156
143
161
165
162
148
140
164
169
169
156
172
146
160
166
