1848
2133
1673
1328
1515
1397
1739
1528
1735
1659
1722
1689
2250
3953
3634
4444
2364
4172
3979
3412
2378
3803
3528
3854
2995
1641
2466
2570
2198
2182
1815
1649
1632
1785
3875
3653
3466
3755
3882
3317
3664
2212
1684
3205
3724
2743
3985
3594
2591
2483
2390
2710
2281
1582
1817
1835
1759
1581
2592
1817
1866
1883
1640
1657
1553
1504
1426
1781
1497
1745
1813
1807
1569
1513
1969
1579
2452
1819
1627
2073
3579
2032
1485
1454
1493
1507
1502
2614
2732
3402
4321
3349
2213
3455
2761
2833
2222
3513
4127
3415
4025
4508
4090
3569
3839
2182
1509
2327
2253
1938
1676
1887
1894
2330
3573
3860
3559
1869
4021
3372
3537
2956
3265
2501
2530
2375
1888
1529
1434
1751
1685
1729
1506
1781
1487
1610
1566
1744
1751
1529
1732
1855
1586
1605
1570
1887
1695
1476
1761
1794
1817
1703
1873
1732
1827
1488
1744
1741
1745
1440
1685
1619
1382
1423
1532
1732
2147
1682
1702
1734
1587
1557
1572
1450
1656
1380
1606
1306
1675
1696
1678
1539
1673
1850
1518
1999
1510
1743
1789
1774
1633
1792
1823
2786
1389
1490
1550
1680
1615
1650
1441
1650
1680
1554
1542
1773
1817
1775
1592
1805
1879
1474
1390
1808
1445
1458
1541
1657
1605
1699
1728
1270
2827
3232
3196
3509
2265
2532
3572
3904
2935
4118
2047
3081
2318
3320
5205
3587
4360
4134
3880
3858
3131
2929
2880
2642
2294
1756
2217
1790
3431
1538
2352
1694
1645
1541
1516
1697
1648
1791
1997
1350
1546
1993
3955
3877
3183
1712
4092
3916
3476
1892
4052
3866
3557
2913
3942
4106
3334
4593
3025
3349
3819
3407
4094
4171
3846
3177
3704
4049
3306
3949
3967
3923
3759
3627
3496
2554
2890
2084
1856
1720
1896
1867
1621
1470
1470
1718
1388
2418
3806
3271
3293
2313
4165
3445
3273
4442
2801
1575
1783
1684
1518
2188
4060
4110
5161
3106
3017
2359
2722
6453
3620
3421
4082
4057
3430
3773
2904
3363
3332
3275
2968
2007
2353
2580
4008
3332
1507
4114
3725
3874
3255
2474
2735
3653
2813
1989
2527
1977
1636
1602
1711
1475
1563
1421
1746
1887
2355
1768
1655
1817
2311
5194
3424
2842
2823
2393
2153
1941
1834
1776
1872
1818
1533
1707
1516
1683
1701
1449
1650
1657
1512
1593
2088
2778
2663
2875
1476
1612
2580
3550
3754
3076
2801
1520
1553
1953
1864
1509
2895
1893
2453
2646
2583
2223
1400
1338
1675
1674
1756
1705
1651
1732
1508
1781
1360
1732
1920
1711
1768
1737
1500
1707
1698
1386
1695
1493
1562
1477
1638
1534
1736
1533
1862
1830
1799
1565
1625
1576
1707
1750
1594
1557
1538
1783
1740
1578
1827
1519
1655
1705
1511
1862
1488
1626
1854
1827
1671
1413
1633
1454
1726
1853
1493
1508
1635
1503
1260
1768
1541
1749
1536
1669
1676
1755
1860
1409
1345
1488
1695
1780
1563
1638
1526
1601
1732
1688
1670
1689
1525
1686
1751
1603
1804
1491
3240
1661
1468
2456
1707
1972
1776
1973
1834
2018
1460
1755
1364
1405
1618
1697
1499
1552
1666
1845
2397
2335
2123
2493
2042
1986
2665
1535
2157
2202
2284
1646
1659
1688
1814
1384
1705
1452
1805
1643
1715
1668
1647
2060
2430
1732
1678
1788
1670
1574
1848
1972
1595
1585
1472
1705
1567
1720
1774
1802
1331
1625
1473
1794
1544
1748
1478
1727
1953
2447
1704
1778
1881
1591
1803
1581
2182
1240
1446
1822
1741
1730
1709
1772
1766
1638
1917
1497
1830
1726
1735
1691
1865
1645
1381
1473
1287
1667
1752
1732
1679
1527
1531
1670
2061
1680
2506
2487
1933
2171
1995
2148
2135
1848
1829
1745
1738
1605
2054
1949
2475
1653
2063
2176
1985
2090
1915
1893
2470
1665
2050
1996
1786
1924
1918
1504
1814
1989
1870
1601
1716
1597
1724
1477
1275
1514
1258
1376
1511
1404
1540
1650
1439
1815
1715
1571
1771
1703
1501
1706
1668
1448
1788
1594
1445
1887
1542
1695
1791
1530
1691
1349
1355
1460
1365
1665
1728
2232
1497
1722
1572
1526
1665
1476
2197
1866
1444
1685
1669
1698
1708
1666
1595
3523
3591
2675
3064
1670
2408
3172
3365
3545
2933
2262
2232
2202
2203
2223
1980
1580
1643
1455
2737
2596
2159
3191
3215
3584
3162
3085
2922
2954
2169
2296
1686
1814
1690
1760
1709
1789
1561
1760
1460
1665
1682
1741
1712
1755
1888
1853
1548
1601
1678
1730
1683
1487
1497
1667
1679
1810
1551
1776
1841
1785
1716
1624
1681
2079
1930
1717
1586
1675
1478
1475
1467
1448
2274
3774
2123
2548
2735
3642
4242
3614
4053
3879
3760
3475
3143
2558
2165
2383
2101
1499
1790
1712
1581
1576
1557
1763
1724
1708
1737
1595
1735
2021
2243
1901
1842
1869
1776
1596
1890
1528
2203
1703
1865
2004
2605
2790
5107
4003
1658
2733
3909
4016
3803
5478
4127
3283
3445
2930
2295
2053
2244
1928
1967
1482
1838
1713
1822
1721
1821
1740
1577
1437
1707
1815
1667
1584
1706
1683
1556
1642
1961
1987
1605
1685
1709
1544
1847
2250
3793
3773
3877
3956
2264
3903
3966
4378
5336
3389
3039
2904
3231
3971
3641
3993
3600
4235
3782
4041
3953
3506
3068
2985
1907
3329
4863
2774
3726
3616
4228
2719
4060
4200
3048
1470
2509
3964
3184
3193
1708
1545
1721
1565
2363
3810
3607
3833
3959
3538
5523
5548
3829
3546
3050
2625
2108
1953
1936
1857
1691
1546
1787
1749
1692
1785
1735
1936
3834
4285
3562
3272
3847
3734
3352
3225
3983
3501
4022
2693
1807
1973
1550
1712
1721
1575
1660
2321
1468
1427
1645
1533
1880
1615
1790
1735
3461
4706
1457
2424
1409
2203
1626
1611
1749
1503
1753
1835
1350
1779
4184
3976
4042
2341
3529
2793
2769
2469
2414
1760
1827
1845
1798
1852
1731
1687
2991
1578
1485
1609
1722
1435
1511
1563
1621
1449
1696
1484
1881
1728
1505
1703
