904
2533
2038
2135
2103
2366
1121
1299
1317
1351
1334
1336
1134
1265
1061
1244
1225
1250
798
1277
1270
1118
1154
1274
1227
1247
1225
1342
1230
1326
1162
1210
1228
1322
1112
1311
1363
1098
1089
1384
1305
895
1293
1084
1548
2988
2717
2447
1742
2194
2802
1813
2457
2647
2109
2340
2461
2683
2518
2541
1797
1901
1773
1531
1570
1498
1423
1068
1282
1247
1098
1255
1346
1234
1133
1273
1158
784
1277
1318
1323
1377
1354
1209
1066
1097
1349
1110
1246
1228
1242
1197
1236
2020
4645
1498
2583
2881
2830
3307
2549
1186
2368
3915
3743
2659
2293
1954
1318
2839
2583
2311
2622
2136
2354
1592
1737
1499
1623
1109
1078
1177
1205
1205
1739
1252
2828
2615
3017
2424
2915
2492
2552
2737
2934
2255
3177
2867
2114
2028
1635
1609
1471
1337
1019
891
1198
1035
1134
1312
1192
1210
1308
1018
1256
938
1233
1110
1118
925
951
1280
1301
1314
1320
1164
876
974
1137
1278
1182
1140
1028
1216
1221
1292
1064
972
1374
2780
2752
2717
2393
2652
2500
2620
2645
3024
2770
2676
3165
2664
2325
2476
2420
1877
3319
3803
2641
1782
1756
1521
1214
1130
4175
2917
2733
2674
3055
1914
2153
3081
1198
931
1274
1150
1106
1255
1066
1245
1326
1219
3257
5154
2580
3337
2457
2593
2157
1869
2037
1578
1666
1858
1561
1382
1234
1320
1218
1065
3295
4128
1939
2040
1768
1195
1675
1458
1572
3200
3484
3214
3272
4458
4252
3095
3343
2243
1845
1199
1135
1287
1264
1238
1347
1233
1388
1472
1386
1242
1179
1162
1090
1221
1218
1222
1080
1227
1305
1369
1079
1294
1253
1385
1327
1173
1135
1248
1230
1224
1240
1170
1426
1084
1177
1254
1305
1256
1259
1164
1278
1254
1365
1545
1800
1131
2311
1844
1173
2106
2688
1607
1908
1311
1597
1163
1537
1217
1269
1175
1194
1408
1137
1113
1796
934
1131
1029
1278
1050
1013
1216
1252
1243
1062
1236
1270
1270
1266
1541
1105
936
1329
1236
1217
1295
1293
1118
1073
1093
1318
1171
1406
995
907
1088
1251
1168
1140
1232
1279
1293
1333
1261
1432
4672
2811
2625
2779
4329
4292
2699
2737
2576
1742
1954
1712
1276
1447
1322
1406
1405
1099
1242
1273
1252
1111
1136
1370
1374
1272
1370
1286
1099
1272
1097
1237
1311
1233
1317
1236
1309
1143
1157
1066
1134
1695
2083
1987
1110
1228
1108
1235
1130
1349
1248
1494
2460
2884
2924
2817
2981
2984
2437
2739
2719
2664
2542
3551
1719
2010
1604
2100
2329
2437
1600
1626
1388
1284
944
1067
1113
1322
1242
1140
1391
1066
1275
1213
1267
1318
1142
1248
1072
1275
1310
1267
1060
1131
1201
1202
1089
1083
1654
3363
2882
2502
2775
2350
2265
2582
2843
2813
2517
2573
2101
1841
1947
1838
1704
1357
1543
1097
1229
1066
1243
1114
889
1221
1133
1294
1092
1313
1413
1156
1270
1224
1154
1090
1122
1096
1110
1090
1220
1093
1263
1499
1642
2859
3006
2976
3022
3516
1998
2052
3110
2167
2556
4574
4406
2074
2589
2873
3363
2340
1848
1170
1204
1173
1194
1270
1113
1317
1234
1247
1076
1359
1052
1217
1375
1056
1083
1422
996
1377
1245
1169
1394
1089
2737
2941
1915
2172
2642
2131
2751
2785
2482
2880
3484
3286
2968
2803
2752
2759
3123
2988
2479
2850
2035
1709
1048
1668
1620
1354
1446
1229
1087
1294
1305
1276
1048
1091
1083
1238
1254
1242
1159
1352
1228
1148
1066
1348
956
845
1089
1252
1229
1213
1223
1303
1060
1208
1135
1104
1249
974
1298
1087
1233
1210
1267
1196
1205
1089
1273
1245
1323
816
1105
1202
1277
1200
1261
1250
1244
1301
1165
1212
1260
1082
1099
1194
1054
1416
1945
1530
1282
1078
1187
3222
4078
3107
3400
1965
2156
1780
2126
2655
2513
2422
2501
1702
1398
1625
1611
1278
1097
1111
1351
1304
1499
1297
1563
1401
1388
1457
1405
2915
3883
1553
1075
1223
1060
1262
956
1459
2841
2815
2829
2706
1805
2876
2878
2457
2862
2690
1626
2881
2781
2981
2877
2794
1575
2852
2411
2478
2591
3384
4595
2567
2602
2982
3029
3015
2857
2770
2992
3292
2814
2672
2378
2537
1923
2343
1543
1663
1085
1283
1273
1069
1061
1265
3579
2927
2455
2868
2718
2489
2425
2719
2581
2243
2229
1602
1387
1380
1483
1179
1265
1276
1231
1234
1113
1288
1222
1239
1067
1124
1209
1083
1271
1214
1357
1215
1172
941
1308
1102
1289
1345
1129
1287
1329
1100
1224
1338
2018
1807
2421
1429
3186
2891
2496
3107
2258
2431
2409
1763
1697
1240
2328
3612
3610
2884
2626
1832
1774
1521
1081
1071
1259
1092
1212
1522
1906
2213
1690
3012
920
3306
1338
939
1603
1734
1488
2037
1724
1361
1638
1472
1106
1204
1330
955
929
1144
1159
1173
1164
1095
976
1434
1146
1081
1148
1253
1165
1197
1276
1260
1261
1285
1150
1433
1003
1251
1286
1286
1255
1067
1275
1214
1078
1231
1317
1110
929
977
1160
1183
1091
1131
1318
1072
1162
1225
1333
1196
2909
2001
2398
3000
2456
2632
2635
1791
3080
2768
2856
2791
2820
1870
3724
2997
2988
2585
4909
2641
2799
2896
2240
1103
1149
1115
1286
1195
1071
1208
1256
1201
1073
1264
1464
1011
1376
1316
1262
1202
1099
1195
1074
1067
1123
1230
1412
1823
1278
893
1206
1318
1142
1072
1142
1194
1232
1243
1264
1101
1319
894
1287
1288
1295
1023
955
1245
1296
1294
1442
1243
1053
1179
1201
1125
1224
1164
1236
1150
1269
1293
1279
1276
1203
1087
1284
1385
1270
1300
1253
1226
1176
1071
1103
1270
1074
1227
1250
1289
1247
1131
1239
1160
1276
950
1337
1237
1165
1342
1312
1027
1242
1260
1277
1313
1319
975
1218
1072
1262
999
1164
1255
1192
1257
1114
1102
1176
1329
1026
1199
1302
1247
1241
1257
1160
1301
1210
1301
1166
