1223
1457
1500
1393
1473
1657
1289
1552
1364
1535
1599
2118
1337
1331
1457
2131
1604
1528
1883
1195
1211
1762
2002
2915
2800
2423
2185
1814
1360
2666
3076
2534
2371
1250
1448
1468
1474
1329
1596
2171
2146
2047
1646
1915
2951
3068
3170
2715
3001
3536
3318
2704
3130
1454
1396
1485
1633
1393
1393
1636
1599
1466
1379
1471
1186
1503
1486
1393
1322
1294
1429
1348
1374
1379
1604
1540
1468
1507
1322
1544
1627
1834
2191
1165
1277
1469
1485
1499
1504
1520
1566
1770
3657
3623
3507
3342
3006
3123
3352
3891
2320
1642
1827
1505
1647
1589
1358
1489
1484
1604
1525
1557
1538
1549
1372
1332
1405
1645
1428
1403
1529
1413
1895
1449
1317
1234
1265
2162
3336
3286
1865
1590
2027
1548
1913
1812
1810
1422
1582
1205
1398
1482
1472
1569
1491
1284
1497
1486
1416
1354
1553
1519
1499
1353
1472
1484
1402
1564
1322
2175
2405
3636
3372
2891
2908
2074
3257
3244
3340
3578
3008
3364
3623
2903
3088
2926
3367
2590
3169
2899
1729
1581
1844
1500
1530
1342
1409
1479
1495
1350
1467
1521
1280
1434
1574
1313
1562
1333
1116
1427
1554
1501
1277
1472
1475
1488
1805
1967
1436
1308
1564
1316
1480
1341
1646
1368
1431
1535
1395
1509
1311
1476
1514
1501
1481
1291
2246
1346
1925
1714
1681
1418
1280
1526
1471
1435
1611
1375
1245
1577
1821
5076
3434
3779
2742
1288
1148
1338
2144
2285
1997
1702
1802
1784
1241
2671
2319
1918
2370
1210
1549
2481
2973
2975
3492
3422
3467
1823
1769
3376
3197
3436
1323
3623
3422
3563
2998
2369
3266
3468
3711
2052
1694
2012
1984
1645
1860
1358
1335
1577
1295
1351
1430
1283
1541
1467
1503
1530
1413
1540
1308
1351
1527
1300
2763
3202
3096
2022
2314
1781
2024
2181
1484
1540
1247
1403
1188
1643
1568
1377
1988
1471
2040
2459
3040
3349
2260
2213
1776
1808
1761
1450
1463
1381
1292
1374
1439
1294
1582
1519
1594
1501
1531
1406
1617
2456
2818
1692
1457
1520
1564
1523
1515
1449
1483
1474
1517
1450
1418
1523
1325
1480
1682
1326
1321
1446
1537
1501
1606
1512
1553
1616
1355
1083
1528
1507
1539
1537
1384
1294
1492
1429
1482
1114
1608
1525
1598
1361
1549
1585
1511
1294
1388
1515
1619
1296
1328
1380
1416
1655
1490
1461
2003
1149
1528
1472
1470
1460
1453
1527
1477
1408
1241
1360
1416
1469
1411
1519
1525
1289
1775
2403
1133
1361
1275
1462
1347
1285
1366
1400
1575
1434
1375
1286
1294
1602
1422
1338
1514
1293
1471
1456
1682
1434
1251
1633
1503
1500
1375
1512
1423
1504
1538
1329
1540
1473
1949
2147
2154
1747
1535
1818
1925
1988
2306
2942
3578
3695
3296
1896
2687
4103
3268
2866
4649
4059
4094
4011
3982
4383
4230
4343
3790
3196
2611
2648
2384
1792
1617
1584
1582
1533
1598
1571
3916
3656
2965
2247
3681
3724
4117
4395
3288
3246
3223
2413
1831
2323
1597
1541
1516
1480
1499
1448
1462
1601
1169
1603
1477
1463
1585
1351
1460
1300
1603
1638
1326
1627
1740
1944
1655
1438
1758
2016
2005
1400
1595
1370
1353
1674
1029
1329
1369
1406
1340
1334
1371
1517
1411
1288
1455
2071
2906
2311
2978
3022
1871
1776
1651
1959
1753
1892
1752
1875
2107
1284
1368
1513
1565
1497
1294
1315
1303
1545
2249
1125
1472
1485
1463
1464
1471
1348
1440
1539
1398
1577
1526
1555
1565
1304
1539
1507
1573
1843
2112
1195
1753
3440
3244
2974
1828
2873
2320
2086
1402
2730
1416
1278
1388
1782
1209
1496
1421
1488
1336
1501
1664
1374
1678
1572
2232
1799
2005
1969
1679
1568
1671
2048
1723
1820
2322
1468
1899
1355
1705
1746
1775
1589
2503
1831
2304
2431
2089
1940
2212
1998
1365
1129
1413
1090
1487
1320
1567
1901
1390
1437
1469
1576
1368
1463
1488
1469
1484
1663
1292
1363
1418
1194
1459
1335
1377
1447
1764
1609
1443
1456
1357
1517
1332
1537
1326
1415
1241
1425
1963
1479
1536
1992
1781
2172
3477
2178
1316
1607
1488
1370
1649
1424
1389
1482
1587
1912
1245
1509
1497
1544
1568
1603
1575
1277
1459
1487
1497
1569
1483
1524
1547
1639
2799
3170
1357
1262
1313
1378
1322
1350
2092
3415
2341
3325
3491
1469
1315
2651
1536
1171
1334
1813
1162
1939
2044
2232
1835
1722
1416
1158
1379
1351
1361
1510
1633
1226
1499
1166
1892
1808
1941
1296
1491
1322
1352
1522
2167
2296
2580
1755
1880
1576
1168
1314
1598
2029
1761
1950
1875
1881
1290
1329
1527
1340
1359
1396
1279
1392
1439
1722
1361
1352
1485
1489
1416
1498
1397
1513
1119
1355
1476
1649
1516
1312
1577
1215
1707
1536
2308
1386
1398
2106
1437
1462
1319
1938
1755
1820
1407
1835
2092
1894
1640
1470
2102
1375
2160
1311
1483
1534
1287
1584
1323
1596
1616
1284
1173
1405
1471
2526
3346
2744
2801
2435
3338
2859
2957
2295
2691
3636
3397
2947
2925
3407
3390
3234
2813
2293
2458
3159
3169
3587
1889
1342
1456
1401
1914
1971
1520
1425
1135
1616
1526
1638
1446
1930
1469
1501
1555
1445
1504
1531
1586
1469
2131
1283
1900
3305
3275
2784
2400
1420
2434
2622
2567
2546
1773
1443
963
1926
1892
2944
2149
2405
2056
1657
1608
1525
1598
1781
1697
1578
1479
1255
1868
2178
1622
1514
1835
3413
2953
1941
1893
2041
2768
3094
3556
2700
3429
3170
3305
2679
1835
1967
1280
1281
1591
1713
1255
1179
2020
1876
1545
1236
1428
1493
1353
1502
1508
1679
1389
1416
1540
1602
1444
1513
1339
1418
1264
1498
1484
1280
1386
1549
1376
1509
1487
1448
1487
1553
1633
1333
1376
1304
2389
2223
2260
1345
1285
1609
1119
1568
1669
2087
2605
6188
5419
6083
5369
2005
1898
1248
1832
2055
1597
1989
1358
1401
1498
2340
2832
2765
2603
1533
