785
621
625
353
364
310
344
385
280
333
340
354
309
271
339
328
439
578
562
582
371
348
353
367
304
358
362
370
395
373
353
331
358
333
352
515
649
730
631
601
514
364
412
308
384
308
286
341
299
313
312
355
361
358
336
350
287
346
291
377
292
299
341
347
339
365
312
324
333
348
486
454
340
341
350
348
354
340
329
360
337
355
405
334
347
353
319
345
320
333
336
316
329
369
340
349
319
338
344
345
364
340
376
365
318
385
365
362
379
389
372
361
339
377
353
372
345
373
391
357
327
358
386
368
321
362
314
367
362
350
345
325
316
337
362
349
347
328
333
330
347
341
353
304
354
317
314
759
339
369
315
327
321
319
345
322
318
327
322
417
536
347
385
336
322
346
342
330
287
337
330
323
320
295
319
322
388
369
338
354
379
320
316
272
286
339
433
336
337
376
364
399
412
384
366
364
468
366
419
696
425
410
386
375
355
468
394
380
348
349
373
345
375
391
373
355
369
305
354
317
334
318
328
320
374
380
354
348
344
351
337
275
294
342
307
277
319
312
306
320
638
663
531
522
279
305
308
306
324
289
292
309
351
319
322
327
275
340
285
345
304
318
330
281
327
336
334
354
348
327
343
347
370
305
324
317
323
336
333
458
436
404
361
337
340
351
320
289
308
330
335
299
310
393
349
319
380
305
398
358
357
356
327
361
356
380
321
324
289
300
311
332
315
320
307
331
318
296
320
365
330
331
293
347
344
311
307
309
316
317
359
335
359
328
314
296
296
345
344
311
313
311
337
301
335
288
288
308
303
312
371
305
316
323
373
285
334
308
326
401
340
319
298
344
310
289
374
288
290
330
336
386
375
339
368
298
305
309
321
280
313
290
278
285
312
322
294
338
347
298
341
316
306
361
294
354
314
349
302
363
331
300
330
348
340
335
353
302
298
309
347
500
337
397
353
318
349
331
344
318
341
317
330
302
321
312
333
328
317
287
328
335
293
347
380
348
332
349
347
340
309
339
346
346
318
309
331
373
309
351
356
381
356
324
320
328
398
321
365
323
316
339
336
327
371
334
367
298
342
353
349
321
361
377
365
360
355
343
361
302
315
338
336
341
354
338
371
334
372
353
480
364
341
383
319
378
300
349
356
296
360
340
363
347
291
320
342
315
389
369
307
346
297
377
348
362
306
298
336
298
355
303
326
346
351
302
332
337
354
414
391
344
328
352
368
314
355
337
324
343
300
358
351
357
323
319
350
306
331
362
343
336
344
314
333
347
355
341
359
307
316
354
328
317
349
332
327
354
352
413
365
344
347
352
349
351
361
335
449
342
358
369
332
340
308
344
355
337
331
381
357
348
386
327
324
347
378
301
366
354
362
356
358
351
325
299
335
435
321
363
375
380
365
363
316
361
360
325
335
352
329
306
336
298
364
305
314
322
357
317
319
332
327
339
357
350
361
310
326
347
330
340
305
313
308
348
349
334
310
315
346
393
314
350
316
316
338
332
332
361
350
351
321
305
331
304
365
375
346
331
345
345
308
358
371
388
306
299
345
345
352
312
354
365
371
344
422
333
341
362
354
307
298
327
329
334
330
279
284
319
307
317
328
311
345
312
328
316
303
320
294
337
275
314
346
330
329
314
310
316
318
334
319
302
337
293
362
317
429
363
338
401
341
384
331
349
347
374
422
617
560
411
377
400
425
487
429
313
359
349
323
480
357
369
369
392
309
367
335
362
377
364
372
353
346
341
354
317
375
327
306
269
306
324
277
331
314
325
323
309
346
302
344
326
297
368
552
634
324
337
321
333
304
318
296
338
320
296
325
304
300
317
323
319
336
331
330
311
312
325
340
306
331
311
341
343
341
324
352
303
311
321
347
363
337
336
351
391
385
305
377
356
353
333
296
299
356
332
349
385
376
351
354
352
347
356
358
368
345
327
358
354
359
352
305
329
331
318
403
335
347
350
340
320
334
330
355
298
309
498
577
439
345
292
338
316
343
314
312
367
336
371
363
299
297
344
324
342
333
326
308
298
336
360
340
345
318
355
294
301
297
325
300
342
371
313
329
358
345
354
312
304
304
331
337
334
330
382
380
359
358
328
318
305
350
352
379
358
363
355
331
354
387
332
382
355
346
378
399
367
333
334
320
296
349
367
327
332
338
342
344
327
312
630
599
636
600
467
328
298
339
314
358
350
338
323
305
362
319
348
350
330
313
314
360
348
317
348
305
364
362
344
335
301
370
314
347
355
339
343
473
393
372
332
408
333
373
319
372
323
