95
96
96
94
95
86
100
89
84
96
93
95
94
79
85
81
80
81
84
82
75
83
83
102
89
74
94
92
93
87
86
96
75
82
81
84
73
79
84
77
74
87
85
82
79
79
83
74
88
75
75
84
81
79
79
77
83
73
74
83
73
82
80
85
83
85
80
85
82
82
80
81
73
83
81
82
81
86
76
83
84
83
85
80
79
80
81
75
81
77
74
85
78
91
89
74
80
82
83
81
80
77
85
75
83
74
83
81
131
177
105
96
93
100
99
94
102
87
85
115
106
96
94
91
95
97
92
93
100
174
155
145
97
99
80
92
96
96
90
94
92
104
85
97
164
99
96
95
90
111
88
85
95
94
104
117
120
130
91
110
129
105
96
89
97
161
95
93
112
90
97
117
99
89
97
131
110
142
89
122
102
115
122
93
102
101
102
108
158
103
96
90
97
100
96
93
102
104
106
89
99
93
94
103
89
95
101
104
96
92
95
92
97
95
94
93
85
94
92
92
93
98
89
98
101
102
90
88
95
93
90
88
97
92
97
98
89
87
99
96
93
95
93
79
85
86
73
84
72
80
79
85
82
79
83
81
83
85
80
81
82
82
80
79
82
80
75
78
83
87
77
89
83
82
73
86
83
84
78
78
90
81
83
84
89
85
81
84
75
88
85
80
84
80
76
75
82
87
82
85
86
83
85
87
85
80
112
93
104
104
100
128
163
194
172
99
77
74
81
91
83
79
83
89
81
84
81
84
83
76
78
89
78
79
81
81
79
83
74
82
82
81
84
84
76
87
90
82
74
83
88
77
89
80
76
84
74
82
84
83
80
83
79
86
75
86
80
75
81
76
79
83
84
84
74
83
84
81
73
81
84
86
80
86
84
81
87
86
90
83
88
86
78
87
83
84
78
85
83
76
88
85
84
83
87
87
87
88
84
79
84
76
89
76
92
86
84
87
81
85
87
84
82
84
87
90
90
90
84
89
80
84
75
87
88
92
82
82
85
86
84
91
81
84
79
89
85
86
137
106
94
92
95
168
160
153
156
160
175
95
92
99
84
83
85
80
88
85
89
85
84
86
86
81
86
87
88
81
86
83
94
88
89
83
85
89
81
86
79
90
81
89
83
81
82
78
81
90
91
88
81
82
92
87
87
85
90
83
78
79
83
87
87
91
84
87
88
88
84
88
79
84
86
81
89
90
81
85
87
87
85
89
88
85
90
91
77
86
85
87
80
90
81
88
88
87
86
89
89
91
85
94
84
88
84
91
95
92
82
90
83
82
88
89
88
82
85
93
92
90
89
89
89
95
88
91
84
86
90
85
94
90
87
90
88
125
105
90
91
93
88
85
89
88
93
81
84
94
98
116
84
98
82
83
90
83
96
87
99
88
92
92
99
79
98
89
90
94
97
86
91
94
92
85
81
92
96
90
83
82
82
78
90
95
91
89
79
78
82
91
90
89
97
90
98
89
90
93
95
97
90
88
82
89
90
84
91
106
87
84
89
89
94
80
91
80
84
87
82
80
87
80
90
87
89
86
92
91
90
86
79
84
84
87
89
82
90
82
93
92
88
92
84
84
87
77
81
79
87
84
93
96
88
92
87
86
96
91
92
87
83
89
83
88
89
91
87
91
84
156
97
88
97
95
91
93
85
88
88
88
85
79
87
94
80
88
92
83
89
85
87
87
96
88
88
91
88
92
93
93
84
94
90
90
92
88
87
92
87
83
90
94
85
93
92
88
94
89
83
86
82
87
90
89
86
82
84
88
85
83
82
84
92
85
85
86
86
87
92
83
94
95
83
90
90
93
87
87
88
87
81
82
88
90
81
89
84
88
83
95
95
84
87
82
85
81
93
82
92
87
81
93
89
79
87
81
78
91
83
86
83
88
90
92
94
86
98
85
89
80
81
90
85
87
87
84
88
87
88
87
89
88
93
93
87
93
89
79
87
94
91
80
91
89
94
82
91
90
92
80
90
82
96
92
89
90
88
82
84
80
97
82
119
100
91
83
89
86
87
88
95
88
96
93
92
83
93
89
85
89
86
82
90
91
89
84
88
89
90
85
93
87
84
79
93
92
93
80
86
89
89
86
87
87
88
93
90
90
93
89
84
86
91
91
91
82
90
94
87
81
89
94
86
89
92
89
86
82
82
93
89
88
82
93
95
90
89
96
82
90
89
92
83
88
93
86
91
95
95
93
86
89
84
93
93
94
82
83
86
90
83
87
85
82
91
81
89
88
88
86
82
88
95
91
87
87
94
80
83
82
