821
994
1000
1086
915
1095
944
967
937
963
959
986
953
971
947
960
907
952
878
970
1225
1353
860
944
995
835
956
961
949
896
890
833
933
963
989
824
939
994
912
876
887
876
828
1039
956
847
1015
940
870
967
751
811
911
1080
949
1051
886
962
884
990
818
927
914
963
818
1488
1232
792
804
938
966
939
895
863
929
1037
1017
953
841
892
875
821
852
825
971
1134
904
897
735
715
976
1067
1028
1046
1051
920
987
997
951
1168
1506
1054
753
684
806
935
899
917
825
914
853
833
914
1006
867
902
947
978
788
884
860
925
806
933
902
875
839
1026
925
942
837
981
812
1298
971
623
720
1122
1595
1354
1114
1652
1326
1166
1247
906
734
936
1782
2139
2010
2191
2315
2086
2251
2176
2358
2067
1896
1834
2203
1331
1360
1426
1525
1521
1384
1489
1355
1230
1215
1046
937
873
968
935
924
859
960
1002
1022
835
959
1007
976
1152
1344
1943
2241
2038
1826
2072
1895
2267
2072
2217
2144
2189
2274
2195
2174
2012
1838
2179
1860
1876
2047
1363
1427
1242
1380
1206
853
1043
969
931
918
914
879
1043
771
995
985
807
939
880
941
914
931
940
825
978
856
941
1075
819
771
842
842
889
900
957
830
951
874
1010
1196
1654
868
1130
1026
887
970
1066
1130
1454
1211
943
767
952
1636
1425
1493
1328
1152
1118
1244
1039
1023
1523
738
683
1574
1164
2004
2324
2395
2144
724
1155
736
1843
1070
1465
1384
1348
1486
1258
1286
730
1016
756
880
1013
1032
1073
823
827
935
1026
1022
929
840
1054
993
967
1563
1201
1857
2031
2315
2056
2225
2364
1754
2368
1936
2344
1868
2228
1971
772
2365
2408
1933
2166
2213
1987
760
2142
1937
2126
2170
2241
2050
1415
2193
1959
2105
2054
2240
2089
2138
1541
2255
2120
1821
2277
1836
1717
1038
1917
1845
1998
1974
1871
2267
2899
3720
2553
2150
2132
2142
1320
2147
812
989
966
822
887
717
1392
1500
1681
1616
1503
1735
1057
811
802
1579
3053
2126
2021
1955
2101
1339
1048
1091
1952
2098
2181
2493
2132
2048
2394
2366
2198
2367
2320
1821
2085
1866
2008
2295
1965
2095
2062
1957
3033
2564
2020
929
2265
2344
1857
1208
1824
2208
2168
2191
1876
2280
2134
2055
1837
2134
1845
2286
2236
2238
2244
2031
1750
1037
947
1279
1065
860
973
865
953
948
866
934
854
871
891
984
965
961
830
1015
1486
2048
747
609
877
975
958
958
900
878
1029
864
1025
1066
849
869
959
954
925
1376
1377
1271
1349
667
919
968
1616
1282
1439
806
742
935
969
964
995
939
947
1000
1062
935
906
898
945
974
775
917
1144
917
880
1252
1172
850
836
893
792
945
898
1059
808
830
932
833
823
958
1004
1072
916
703
715
796
987
984
942
953
944
850
970
854
960
935
879
1009
787
784
1011
986
903
968
1003
877
1106
1015
799
956
829
942
1038
717
987
1006
1001
872
990
897
934
919
1007
832
939
956
988
1013
785
928
933
839
925
997
950
941
995
953
819
924
924
938
966
1017
891
945
1173
866
938
961
1004
814
931
1011
1001
809
975
943
845
1013
981
1034
1610
1011
964
934
916
860
886
886
907
947
1008
979
885
1208
905
892
942
864
967
947
1144
886
944
853
871
994
954
820
1486
1625
867
949
922
922
913
935
955
991
1020
895
882
984
1447
1849
2178
2020
2299
2157
2238
3551
1992
2129
1966
1988
2117
2262
2146
1980
1626
1901
1570
1383
1537
878
853
1089
1044
1104
962
1030
945
821
937
804
861
929
866
1038
862
744
881
762
755
901
934
886
939
898
1158
2036
2137
1922
1819
2112
1940
870
841
1088
1765
901
926
1026
846
949
963
914
933
1211
1912
766
1031
792
683
1042
1468
1437
1349
1425
1569
1199
1228
1457
865
898
1009
837
869
909
856
946
816
884
866
939
997
942
1058
1168
746
740
798
820
941
720
995
929
916
947
879
1014
958
858
1139
1337
731
811
913
989
842
883
911
969
952
897
986
978
941
1020
929
804
668
747
927
961
984
922
996
902
787
1000
957
914
965
935
824
1394
1170
935
901
921
884
996
957
919
928
920
914
1012
901
995
694
950
837
908
1012
705
861
828
920
937
866
944
953
905
841
779
732
956
988
914
955
833
946
878
905
805
984
840
974
889
958
713
647
833
938
915
921
930
985
963
927
995
956
884
934
949
1131
791
930
1812
1919
2278
2281
2184
1987
979
1915
2155
2063
1888
2321
1924
2502
1121
1048
810
1039
1033
914
782
828
973
862
724
1115
1253
1278
1423
1307
1320
1361
1002
807
740
744
1865
2325
2429
2153
2695
1365
2077
1828
2006
1861
1815
1486
1497
818
1326
1713
2026
2216
2095
1920
2327
1694
2172
2171
2198
2273
2014
2064
1706
1539
1622
1347
1405
1323
1098
1236
1049
970
978
823
1063
916
815
963
937
914
984
898
960
946
966
975
822
969
950
993
1041
775
928
843
978
858
1023
980
969
955
1023
832
864
952
993
920
957
931
801
832
811
930
918
1348
1251
928
989
856
913
892
1320
1016
966
2010
2178
2032
2073
2226
1497
2433
2164
2177
2182
2178
2093
2275
2052
1864
2188
2008
1881
2281
2032
1738
2029
1980
2101
2121
2200
2014
