325
294
306
292
325
326
286
284
319
300
258
258
261
226
241
233
259
277
255
228
267
260
235
294
265
280
242
268
283
265
260
279
270
450
547
570
532
552
418
262
263
254
264
274
276
236
238
295
296
277
306
291
276
324
303
300
315
313
288
287
277
283
321
267
295
294
300
280
277
304
270
296
295
259
285
305
485
301
314
327
269
300
303
324
267
260
294
318
320
281
307
292
299
261
281
317
296
278
318
281
264
273
290
300
335
316
308
322
307
328
301
295
270
275
288
270
291
273
277
319
309
292
332
312
313
303
308
287
263
264
327
301
316
273
297
292
266
298
278
318
297
318
323
307
305
322
295
283
279
266
281
294
297
280
281
320
304
279
321
293
297
299
271
291
295
304
295
704
1333
1290
1202
633
606
604
561
584
505
396
383
403
381
361
393
281
265
267
251
294
293
277
281
289
269
299
293
255
246
229
258
253
230
275
260
239
244
276
291
255
273
260
249
270
274
237
288
266
240
256
233
255
271
303
279
289
249
251
300
313
293
273
293
252
260
252
275
255
268
281
276
286
262
279
288
334
302
281
285
301
296
301
286
268
281
268
303
298
269
282
285
295
288
317
260
270
269
248
298
265
313
308
298
320
284
299
293
253
292
268
273
270
260
298
287
316
308
315
318
297
303
288
275
294
306
316
296
266
283
290
257
296
307
302
263
299
292
287
296
300
265
260
300
300
292
310
259
312
299
270
300
282
313
305
318
316
298
297
302
269
249
250
289
243
280
255
296
300
313
323
320
291
284
304
284
279
263
278
250
248
303
296
299
278
259
280
258
274
291
304
304
305
287
262
257
299
267
307
292
290
266
264
316
264
305
308
289
319
286
268
311
299
302
367
374
313
311
298
884
431
358
365
294
270
376
407
388
357
364
312
298
362
548
529
527
527
360
324
321
279
294
272
290
250
284
262
265
237
267
260
263
252
262
237
266
227
244
252
254
262
269
252
265
255
263
287
283
253
265
275
280
266
245
264
288
259
260
297
248
318
306
374
419
344
307
300
316
322
330
255
256
272
254
275
268
243
266
227
304
282
264
309
292
304
273
296
243
272
255
289
274
269
269
251
260
267
246
282
270
287
281
266
273
242
277
304
296
366
312
320
300
266
277
313
288
294
275
302
257
288
296
307
305
323
264
288
306
292
270
309
319
298
303
297
304
299
317
293
297
310
270
257
261
289
312
311
286
269
278
275
294
268
274
274
286
318
331
332
294
291
267
276
314
264
245
267
270
273
263
295
295
270
298
313
313
305
316
305
306
328
280
296
253
267
233
263
237
253
241
279
254
267
293
257
291
264
301
312
374
559
289
266
308
284
290
304
273
280
263
294
259
289
297
227
268
264
275
232
278
261
244
273
241
233
233
243
268
270
239
234
270
286
298
275
238
304
261
274
267
256
300
242
242
295
290
254
297
277
277
257
268
292
299
244
275
273
413
310
320
268
290
294
273
303
257
284
303
260
282
303
285
292
311
276
259
289
293
283
259
270
259
297
288
291
295
247
288
292
269
302
309
280
313
295
288
284
290
246
292
289
300
286
330
291
300
298
261
273
259
280
279
283
268
274
285
262
288
264
292
312
263
259
264
252
279
287
288
293
308
298
291
272
287
297
292
254
284
314
306
289
306
309
257
291
259
257
279
248
283
284
301
304
296
245
282
302
263
298
286
273
277
295
263
274
247
292
275
297
297
290
261
282
256
283
299
275
301
273
261
288
312
294
279
309
305
293
291
256
311
280
290
313
286
305
285
259
535
532
512
521
574
321
313
252
253
287
288
249
288
296
272
288
259
310
296
298
298
305
284
307
295
292
305
291
300
276
287
268
299
296
266
270
279
290
279
299
300
254
307
264
258
318
272
264
285
263
292
291
307
287
300
282
277
285
252
281
284
261
303
319
313
253
301
289
284
256
264
278
281
259
255
259
309
312
296
272
277
255
287
255
274
282
264
258
281
292
289
339
314
314
307
270
269
322
327
298
298
325
292
258
305
276
315
309
305
306
334
314
336
323
307
269
314
278
291
300
297
301
261
328
305
309
310
287
269
255
282
265
320
263
423
263
274
281
268
287
321
260
281
300
285
288
309
294
266
286
318
299
251
270
303
294
275
283
295
307
310
293
290
250
287
255
265
254
298
301
303
280
279
257
286
268
298
293
312
288
264
259
291
269
271
266
264
297
297
301
293
261
244
270
269
290
258
291
259
281
261
302
283
303
270
290
297
300
278
252
268
284
292
283
292
260
