533
720
894
881
1279
1047
1299
1130
1174
1780
1723
1761
1823
607
1508
1796
1751
1888
2048
2020
1818
1080
847
956
1622
2001
1814
2036
1691
1700
1934
1153
2186
1966
2001
1939
1025
2009
1626
537
1987
1942
1977
1818
1951
2150
2393
2845
2460
1413
945
774
1130
1127
1076
1119
1362
1228
780
804
922
733
916
885
813
876
739
869
861
749
785
999
1345
1492
780
958
748
864
752
798
885
778
767
787
877
738
856
1025
700
1042
730
787
796
848
644
848
901
853
1094
738
944
765
871
939
760
1448
1700
1910
1022
771
638
651
1026
1698
1952
1896
2078
1614
1879
1075
1582
1861
1681
1499
1661
1633
1395
1632
1563
1008
1100
1115
1196
976
835
922
838
917
771
851
844
972
939
879
862
843
868
841
742
858
839
739
839
847
840
741
758
853
780
799
835
929
668
760
850
897
900
848
937
810
842
836
763
743
730
856
891
914
929
1023
1109
1100
987
698
621
785
717
729
804
768
818
735
820
761
840
906
740
884
849
785
860
735
858
792
830
846
764
854
724
876
748
772
937
666
616
687
794
722
832
839
760
847
890
804
857
919
834
860
850
768
1322
1111
973
1079
916
752
860
832
866
879
864
821
754
761
843
908
659
2065
1885
1989
1987
1935
2037
1891
686
1330
1944
2046
1895
1611
1535
1437
1592
1463
1154
1183
1132
1155
1248
1006
1012
935
824
811
905
971
3326
1096
844
683
852
872
1047
856
854
761
805
782
731
931
1870
1835
1816
1910
894
668
690
1816
1889
1997
1963
2032
2063
1448
1389
1944
1780
1832
1900
1806
1941
729
750
1726
1985
1833
1956
1662
1895
1795
2002
1937
1790
1763
1673
1931
1798
1759
2494
1685
1947
1802
1684
1776
2054
2215
1942
1877
2154
1882
1934
1808
2088
1966
1719
1827
1618
1702
1245
1573
1465
1323
946
634
939
1013
860
849
827
845
941
869
745
917
844
876
749
938
698
743
830
869
744
855
788
881
780
913
846
775
762
771
805
858
872
903
583
760
832
848
830
761
834
861
881
766
746
796
776
847
796
898
962
719
612
735
789
857
761
765
940
760
863
870
788
766
854
771
746
757
936
631
765
921
1138
757
905
730
841
859
859
759
747
777
936
898
870
1460
863
675
1453
680
770
657
736
868
920
923
606
808
684
1115
1172
720
755
958
735
918
802
838
692
961
843
879
776
753
825
824
852
883
1069
1106
1202
1129
1241
1076
935
972
664
787
718
828
759
835
870
783
834
789
859
842
906
726
841
803
830
1111
838
762
944
898
794
859
893
878
781
804
944
1756
1863
1962
1963
1849
1628
1549
1677
1164
1264
1178
1360
1746
1693
1004
1096
761
876
775
906
903
786
870
910
735
905
905
1641
780
1953
1687
1839
1801
1966
1768
1936
1388
1946
1832
1880
1687
1998
1900
1332
2131
1962
1792
1621
1597
1566
1132
1315
960
950
993
938
980
980
788
802
873
871
831
732
794
854
854
928
813
771
744
658
729
838
842
887
894
739
846
799
831
882
822
778
983
735
688
781
811
806
732
731
854
878
819
755
737
869
729
786
769
914
900
782
694
918
795
795
811
764
879
818
797
872
892
860
869
934
908
895
642
735
760
835
745
708
767
869
785
1122
811
755
880
638
712
705
877
700
703
817
710
609
773
704
881
874
667
734
1300
1358
1510
1332
1303
1272
1294
1240
1158
911
1256
1294
778
931
809
914
765
861
914
871
919
853
874
764
945
822
825
730
744
864
738
863
834
744
787
880
806
857
905
743
792
761
897
865
883
594
865
758
756
739
829
754
868
826
748
754
796
795
772
841
793
755
841
753
1052
823
870
920
901
855
882
881
915
906
920
866
870
846
874
643
1389
2158
1875
1900
2064
1790
1975
1844
3033
2666
2795
1880
1874
1855
1992
2069
1802
2038
1727
1937
1687
2232
1781
1790
1939
1927
1810
1925
2025
1679
1939
1725
1943
2040
1913
1820
2256
1963
1989
1745
1518
1719
1337
1358
1244
973
942
953
882
840
1006
922
841
753
912
869
888
869
923
892
958
797
812
900
911
704
1171
944
712
889
846
763
722
703
718
741
735
752
828
839
898
879
822
831
928
799
754
699
793
842
729
840
857
833
862
807
894
880
810
742
753
849
835
888
628
694
749
786
832
862
838
884
834
852
847
835
776
835
803
831
882
756
886
894
861
757
853
763
873
896
833
780
864
920
751
749
792
622
686
920
809
830
753
910
844
811
834
943
766
748
899
842
750
801
897
1238
1216
1243
1251
2026
1351
1885
1659
876
775
886
858
878
854
1600
1749
1750
1654
1867
1937
2017
1786
2078
1952
1816
1826
1834
1312
1373
1210
1580
775
1189
1240
1976
2226
2208
2150
1801
766
1996
1985
1221
1785
1897
1777
1713
2048
696
686
1103
1344
1273
1443
1179
1077
1112
1067
1142
1308
1211
1120
857
739
882
733
843
760
809
912
845
794
854
732
861
861
702
760
824
856
850
806
868
872
821
849
818
749
884
915
737
751
804
683
873
618
726
707
970
862
890
749
702
792
769
913
1217
1684
1556
1796
