110
84
87
83
80
83
91
84
75
83
66
76
76
63
77
71
73
77
70
74
73
79
74
67
65
67
73
62
76
70
77
69
77
75
68
71
66
74
66
76
65
70
79
73
74
73
71
75
79
66
71
69
70
74
90
82
105
108
80
75
71
107
75
76
78
85
129
108
121
129
141
121
72
84
83
74
70
69
64
64
70
66
68
69
66
73
69
69
66
68
69
72
73
64
71
73
74
66
67
72
71
77
74
72
65
72
72
72
71
73
76
72
67
73
72
76
64
70
74
75
73
67
75
71
72
69
70
69
71
69
80
68
68
73
77
75
68
71
78
79
69
74
72
73
71
66
71
73
74
69
71
74
74
75
79
69
79
68
79
76
75
75
72
78
68
69
65
73
74
80
78
68
75
72
76
70
76
77
77
69
68
70
75
73
77
68
73
71
76
69
73
75
70
73
66
68
72
76
76
72
71
68
76
73
73
75
71
77
80
74
73
76
70
74
68
77
79
76
77
78
75
77
115
135
79
82
74
72
82
77
78
80
83
79
80
71
71
73
69
77
77
73
75
74
69
71
70
80
68
77
72
74
74
73
77
74
68
69
70
73
76
68
69
76
67
74
68
74
67
69
74
73
70
70
75
77
66
78
75
72
70
75
73
78
74
73
74
70
80
76
75
79
73
73
78
69
75
73
76
74
78
77
83
72
79
95
72
75
82
80
80
81
73
76
71
70
67
76
69
70
78
80
76
69
75
72
70
75
81
74
77
75
72
71
77
73
81
79
77
78
77
81
78
82
71
69
75
74
74
73
69
69
79
76
76
79
76
83
74
72
75
84
75
83
70
70
69
67
73
78
77
79
79
80
74
107
88
88
79
71
76
73
75
80
81
81
78
80
70
75
82
86
77
93
73
72
73
70
81
78
76
76
71
82
80
86
88
84
81
74
75
75
77
69
75
71
69
78
76
75
74
76
70
76
73
74
78
76
68
71
81
77
73
74
76
77
74
80
79
74
76
77
75
76
68
73
78
73
75
77
76
75
73
72
68
78
71
76
75
80
74
79
75
75
76
74
80
78
78
68
80
76
78
73
78
75
70
75
77
79
72
75
77
81
77
82
69
79
75
81
68
77
71
78
76
67
75
74
74
70
72
78
73
79
81
81
75
77
78
73
80
75
76
75
77
76
79
76
79
76
74
83
78
78
74
70
68
71
80
78
81
73
79
79
72
69
74
74
68
72
70
70
71
71
69
74
79
74
79
78
75
76
75
78
78
75
74
77
83
77
70
74
78
75
76
75
74
69
77
75
83
80
79
79
75
73
73
81
74
78
83
78
76
72
75
76
75
74
76
75
75
74
67
77
85
78
74
79
79
77
74
84
76
79
79
69
79
77
76
75
79
69
68
81
75
76
74
75
76
81
80
77
75
84
71
79
80
76
71
77
77
83
81
72
85
78
77
71
80
74
79
79
85
81
78
79
84
84
76
86
81
73
71
72
82
84
71
78
79
77
77
81
79
79
80
72
81
88
78
78
78
86
82
79
80
78
71
79
78
78
80
71
79
78
82
72
87
73
85
75
79
77
81
74
73
79
79
70
81
79
84
79
76
78
82
76
84
84
87
81
78
78
72
87
82
88
73
69
83
73
79
81
86
71
84
77
99
80
88
81
86
83
75
81
77
82
71
74
70
74
70
81
88
75
75
67
70
72
68
73
72
77
68
73
81
79
74
66
72
72
68
74
75
80
80
77
77
78
75
73
70
77
68
81
71
79
79
79
72
77
76
70
78
82
69
79
76
79
70
76
80
76
79
66
75
69
79
75
84
83
75
72
72
80
82
82
68
70
78
68
80
72
76
80
79
83
77
80
75
69
79
84
73
77
81
78
84
76
81
81
70
76
75
71
78
80
69
69
78
79
74
74
69
82
76
78
77
69
74
75
77
75
82
70
70
69
76
77
74
81
71
82
78
77
73
74
71
78
73
76
75
80
83
72
69
69
85
76
68
85
72
80
70
71
122
82
80
81
84
77
82
75
75
72
79
71
76
69
75
75
80
80
77
78
76
86
74
76
74
76
77
69
76
79
80
75
80
69
67
76
81
75
78
76
85
72
75
76
78
70
72
69
75
75
76
76
78
77
77
72
73
73
73
73
79
78
77
76
74
80
77
77
76
77
71
78
76
73
83
77
78
72
77
82
79
76
82
77
76
78
79
83
71
81
80
77
71
77
85
84
72
69
73
70
76
80
73
82
77
78
79
76
73
77
78
74
78
75
85
80
