829
1046
900
1266
1550
1513
1966
2065
2000
2320
2211
1782
1552
860
1655
747
1876
2548
2277
1297
2323
1558
813
1081
762
773
1167
1135
1167
1155
1176
768
1091
926
876
961
1031
935
852
681
997
908
864
918
946
1099
915
801
1011
1089
893
1078
1016
989
883
896
1061
862
1048
1042
999
839
837
965
2131
2152
2303
2037
2364
2453
3484
2228
2104
2282
2107
2405
1901
2652
2361
1928
1874
2111
1540
1538
2417
2261
2096
1634
1101
1624
1116
883
1049
991
982
1006
895
990
1081
1022
897
1020
1037
796
894
1011
989
895
979
939
866
1048
985
947
916
1068
1255
1306
848
900
953
918
865
1047
885
996
1008
993
1098
995
1133
1507
1021
1334
1318
1427
1110
908
979
1136
1066
1051
977
930
1063
1027
675
891
953
896
1113
930
1056
1075
1018
1064
1065
954
1353
1853
2413
1250
970
882
995
1005
1082
1266
1048
1253
1546
2368
2348
2532
2289
2044
2231
1875
2152
2049
1789
1686
1708
1175
1848
2434
1061
1055
1147
937
930
929
1007
1045
947
933
953
736
1004
880
932
1003
1012
924
1051
1044
866
915
984
898
1086
3466
3595
2347
2340
1987
2270
2494
2316
2295
2108
2460
2697
3415
3110
2175
799
1334
2104
1759
1842
899
1025
992
1236
1594
2284
2113
2019
2253
2244
2418
2080
2407
2225
2192
2326
2290
2608
2358
2288
2410
2366
2282
2326
1840
2413
2049
1987
2339
2131
2539
713
1418
1431
1601
1324
1132
1317
1279
1142
939
945
1038
998
1040
1015
1024
1018
994
1050
1122
1014
935
874
900
1057
952
968
861
1045
974
992
1011
868
1045
981
1068
992
934
1041
1002
1043
892
991
881
1034
914
1102
896
1112
1010
910
929
1030
1096
1073
888
989
932
936
928
952
934
1002
1034
923
922
891
1077
1013
1041
1079
888
1067
881
1003
1085
1023
924
1084
1019
884
937
924
889
1007
958
995
1050
1041
950
1006
1072
922
1375
2295
1955
1618
2212
1962
1988
2267
2469
2493
3165
3225
1988
3487
3403
2349
1981
1372
2303
1732
1479
1647
1377
1189
1356
1386
1307
1111
926
912
1132
1188
1263
1373
1169
1635
1113
871
758
881
1047
957
937
872
893
1045
890
859
1007
1031
895
882
1009
1055
1098
837
818
921
954
985
993
1111
1034
1025
940
1037
1022
860
867
1066
895
1145
905
852
1013
1109
933
991
1010
1036
1010
1004
959
969
1451
1299
927
913
939
929
1084
991
993
990
968
1059
876
1778
2274
2066
2329
1952
2390
3294
2685
1416
2466
2266
2288
2382
2430
1875
2311
1976
2310
1904
2317
2487
2490
2116
2261
2030
1900
1273
1226
1449
1360
1102
1055
960
1017
1028
1042
1003
923
1060
955
991
1023
889
1003
984
998
969
947
831
940
923
1051
1084
986
993
1201
933
1219
911
1362
1167
1115
885
959
1045
1121
1060
1010
1122
1048
1030
1104
1071
1335
1214
1070
1068
939
1047
1020
1000
995
1019
997
1004
878
1084
1177
2038
2013
2422
2012
2079
2084
2688
2315
2320
2328
2422
2109
1964
1661
1831
1369
1494
1370
1541
1214
961
1127
1048
1070
909
947
1013
1004
1024
1085
1068
933
1064
1004
1069
1019
1020
963
1483
2240
2034
2121
2331
1882
2242
2327
1433
2317
2437
2313
1987
2369
2266
1873
2176
2173
1676
1493
3972
3632
1446
2428
2492
2457
2309
2251
2281
2298
2180
1911
1371
2268
2255
2276
2124
1989
2113
1968
1896
1880
1559
1317
1361
1362
1085
1158
1041
777
1013
984
1242
1283
1391
1383
1334
1224
1335
1034
2278
2416
1949
2492
3681
2466
2380
2416
2101
2436
1305
1244
1443
1523
1553
1351
1453
1361
887
919
850
915
992
992
1001
993
988
1008
1022
999
1063
891
1021
972
1102
1022
1170
1041
812
930
1006
1015
1012
1013
1000
877
1014
983
1010
1088
831
777
881
718
1022
1086
1108
1023
915
996
1006
1008
997
1023
1020
856
937
1160
972
866
875
986
943
869
863
944
990
973
980
1042
716
970
1087
907
1019
1074
861
1000
981
1025
1089
1118
975
897
1325
1177
1092
996
1111
1028
878
1015
930
858
895
932
1022
1044
917
1006
998
991
975
921
927
1069
917
1003
1018
866
867
1005
995
1086
787
1140
1075
1027
1047
954
954
1124
1092
891
1141
1066
1007
844
908
1076
1063
884
974
1056
757
1033
885
1008
925
923
1080
1453
1551
879
1077
1051
1013
886
1006
959
1136
1012
930
906
1213
855
1287
1647
1399
1497
1076
1180
884
1381
880
1091
900
1078
1086
1074
1030
877
1004
1073
1040
1210
949
782
994
1041
900
1005
1041
945
870
1089
1043
988
1023
1018
1339
1817
2421
2221
2076
2380
2041
1036
969
1106
1585
1948
1727
1736
1850
1377
1366
1457
1146
1095
1089
1191
1129
1014
927
1033
900
867
928
1014
913
856
798
836
988
936
1051
979
886
961
1104
927
883
979
1038
1068
880
1087
1003
1010
1117
1007
1050
1040
1028
1103
958
1120
1026
1243
1569
898
1030
941
908
956
989
1012
1054
1040
1096
1016
936
1019
1015
1067
1080
1085
1031
864
999
876
861
1055
1008
1024
1004
978
1493
1392
1059
890
991
1008
866
1036
950
1038
1003
979
1065
698
990
1049
1034
1061
913
1029
1036
999
1043
1031
1044
897
909
934
936
997
989
1031
1029
1034
1026
1025
1084
1110
1074
1010
1341
1135
1186
1176
889
1071
942
1030
1056
992
1071
1026
907
1047
909
798
863
958
1174
1388
2626
2546
2022
1544
991
969
964
1150
897
1058
871
995
1076
1704
