165
153
153
165
145
153
143
159
148
151
160
190
296
177
174
160
163
152
145
166
165
150
160
140
142
158
156
143
158
156
161
164
177
163
174
142
160
164
160
147
166
150
144
160
150
148
166
154
151
164
140
147
138
144
143
148
149
152
152
143
139
142
147
144
141
131
133
141
147
134
147
152
140
138
141
154
147
149
145
153
151
176
130
133
153
131
143
151
155
152
145
132
148
149
154
180
178
179
235
135
161
154
153
167
138
151
148
133
149
135
144
140
129
128
153
146
140
141
133
134
154
146
143
133
148
159
148
155
125
139
142
129
154
133
149
143
146
147
150
154
129
131
136
152
137
159
145
133
149
156
143
152
146
145
138
151
148
134
147
147
158
141
148
157
150
145
134
135
151
148
141
153
153
147
160
141
144
157
155
145
152
191
152
155
159
163
166
169
151
169
192
215
141
148
152
143
149
154
147
149
148
144
138
156
141
147
141
142
145
125
127
145
142
140
130
145
145
141
146
142
143
152
135
153
150
148
147
149
138
142
133
165
170
157
140
159
280
144
162
154
145
157
169
173
135
158
145
147
149
146
136
141
155
157
145
143
137
171
133
151
155
145
131
145
142
148
132
153
471
269
318
304
276
288
256
263
258
291
267
285
282
243
260
271
263
237
253
208
145
251
135
134
149
148
141
128
129
144
128
124
138
149
127
130
130
142
126
131
140
137
141
143
138
133
138
146
139
155
145
154
136
154
130
128
148
142
139
147
141
146
148
155
148
138
141
136
141
146
154
151
148
147
151
135
152
147
152
155
134
148
140
149
138
158
133
159
262
259
280
261
284
283
276
255
163
153
138
155
161
156
143
158
154
164
143
166
146
153
157
137
147
161
152
145
137
155
150
160
141
143
144
157
139
149
135
140
135
159
136
153
141
145
156
153
158
143
140
153
139
154
152
167
153
166
136
165
156
155
160
153
156
151
141
150
154
145
153
151
148
146
146
143
153
157
174
148
162
165
166
165
178
175
162
175
157
154
158
156
154
138
151
135
152
152
146
139
144
149
142
155
157
162
144
153
161
148
150
150
144
146
147
139
141
162
149
147
150
156
139
154
141
168
137
161
155
156
139
152
150
162
156
147
134
153
149
153
152
157
151
153
151
149
152
149
136
143
151
155
162
138
163
161
150
149
152
153
152
201
189
153
164
158
156
144
162
147
146
154
158
165
159
154
160
158
152
161
154
167
151
167
157
159
160
164
168
151
163
165
158
159
150
162
160
141
147
163
155
156
157
155
141
146
162
158
159
162
150
154
161
142
155
178
157
159
154
142
146
160
139
157
156
162
165
157
155
137
144
144
159
166
154
154
160
167
156
165
147
159
160
141
255
184
175
147
162
167
182
167
142
146
169
160
152
139
160
159
163
154
156
157
156
163
171
158
158
146
148
173
163
163
159
146
142
161
149
164
160
145
159
156
157
151
167
169
169
154
161
163
149
163
150
150
150
143
142
159
146
156
140
160
171
163
151
154
157
147
160
160
165
156
157
164
147
160
160
172
143
152
142
164
212
175
152
143
158
154
146
156
161
166
136
142
174
159
177
148
153
159
154
155
155
156
149
139
139
154
171
157
159
149
157
160
165
169
164
169
161
165
174
179
149
157
170
173
161
167
145
170
141
157
157
155
164
168
172
171
171
171
160
183
139
170
148
146
180
157
141
150
170
177
147
145
166
161
159
141
139
164
162
169
151
299
342
329
305
315
293
309
304
150
142
161
171
161
162
143
162
161
164
167
144
165
166
158
166
154
159
154
158
162
144
151
165
171
138
139
161
166
137
150
142
140
147
137
149
143
139
143
133
158
141
156
156
153
156
151
136
152
154
154
152
158
155
159
142
153
157
168
156
164
152
137
141
157
154
190
173
153
152
145
142
166
156
157
154
160
139
162
155
164
161
141
144
158
156
173
173
160
163
139
170
162
154
155
158
164
157
164
148
135
162
141
157
158
170
148
138
155
136
157
150
160
146
161
147
149
141
141
144
148
152
148
164
151
145
146
150
152
156
166
168
150
135
156
157
162
170
159
158
160
145
160
142
169
160
158
157
176
142
139
146
155
153
139
155
163
154
162
169
164
154
154
162
145
166
160
169
144
155
162
161
143
152
145
160
155
165
163
160
158
154
150
150
143
185
186
153
154
174
166
157
168
162
163
162
143
162
162
151
170
144
157
159
167
147
166
170
156
162
144
144
178
154
143
169
165
164
163
151
153
169
161
142
169
162
159
235
274
167
248
