1088
1577
1524
1252
1464
1486
1461
1544
1544
1332
1474
1457
1528
1045
979
1279
1477
1257
1343
1491
1465
1429
1518
1443
1273
1080
1282
1429
1442
1430
1301
1243
1598
1418
1352
1997
1579
1457
1316
1499
1249
1289
1359
1239
1436
1524
1515
1357
1348
1387
1514
1635
1501
1510
1601
1269
1506
1354
1436
1231
1584
1236
1433
1437
1399
1887
2877
2782
3159
3290
3236
3207
3086
2734
2835
3220
2726
3168
3340
2995
2198
2530
2031
1742
1636
1628
1332
1531
1477
1526
1335
1521
1375
1367
1575
1375
1259
1458
1144
1344
1394
1521
1274
1432
1399
1271
1276
1423
1518
1261
1202
2026
2267
1325
1476
1236
1803
1253
1386
3537
2889
3237
1103
2047
1971
1412
1087
1292
1095
1436
1141
1339
1453
1497
1430
1498
1297
1288
1482
1311
1688
1122
1481
1337
1497
1432
1353
1422
1574
1592
1496
1350
1341
1344
1527
1471
1465
1501
1537
1535
1132
1463
1483
1436
1199
1472
1497
1483
1456
1411
1480
1234
1295
1170
1575
1481
1472
1489
1440
1300
1265
1324
1488
1387
1344
1679
1445
1445
1317
1308
1445
1534
1590
2471
1435
1563
1436
1546
1436
1347
1459
1471
1472
1561
1541
1474
1358
1513
1410
1294
1435
1277
1444
1495
1491
1511
1471
1451
1303
1438
1577
1446
1362
1152
1185
1520
1321
1246
1562
1314
1394
1407
1578
1246
1325
1256
2069
1826
1317
1365
1436
1710
1270
1505
1272
1325
1231
1127
1485
1312
1381
1509
1472
1483
1549
1475
1540
1951
1812
2042
1921
1834
2196
1883
1775
2118
1348
1887
1873
1743
1559
1524
1295
1584
5053
2969
3283
3273
2092
2339
3523
3066
2924
2955
3414
2759
3069
3135
2947
2889
2757
3250
3209
3458
3627
2685
2920
2627
1989
2116
2063
1658
1662
1588
1454
1512
1609
1471
1441
1566
1534
1464
1408
1569
1219
1259
1336
1562
1462
1359
1611
1334
1511
1316
1509
1287
1154
1266
1434
1578
1346
1425
1329
1484
1491
1319
1232
1355
1418
1914
1228
1759
1562
1387
1582
2542
1438
1404
1470
1414
1421
1321
1296
1448
1417
1237
1247
1352
1583
1390
1438
1248
1078
2838
3314
3641
3760
2259
2822
2634
2289
2159
1966
1831
1788
1544
1505
1475
1449
1242
1388
1437
1523
1342
1337
2338
2797
2829
2790
3002
3066
3327
3279
2688
2939
3424
3042
2950
3223
1494
2709
2765
3513
3203
2685
2671
3010
2913
2867
2457
3297
2949
2809
3229
2587
2888
3150
2815
2749
1917
1242
1567
1887
1715
1274
1335
1258
1342
1307
1279
1835
1467
1763
1475
1652
1433
1212
1436
2520
3356
3471
1540
2173
2917
2406
2249
2295
1631
1304
1484
1449
1264
1299
1293
1566
1507
1221
1317
1225
1196
1431
1382
1275
1411
1253
1478
1464
2295
2968
3078
3342
3209
3501
1704
1195
3095
1322
1529
1460
1415
1477
1355
1523
1330
1276
1589
1658
1253
1493
1550
1318
1466
1261
1314
1472
1539
1452
1458
1477
1449
1474
1503
1403
1455
1323
1428
1442
1489
1376
1250
1276
1369
1534
1317
1862
1431
1343
1297
1455
1441
1416
1551
1518
1398
1597
1246
1421
1505
1404
1287
1543
1604
1754
3254
2781
3157
2960
3088
3679
3658
3105
3241
1257
1188
1411
1535
1499
1390
1536
1422
1404
1433
1465
1326
1482
1463
1260
1501
1058
1408
1454
1454
1558
1473
1287
1516
1339
1366
1200
1282
1140
1328
1343
1331
1116
1147
1417
1450
1522
1710
1324
1438
1116
1489
1404
1505
1298
1349
1299
1508
1306
1291
2173
2024
2032
2173
1298
1354
1497
1808
4966
3528
12582
2142
1342
1324
1414
1274
1283
1514
1243
1346
1047
2037
2250
1438
2135
1685
2633
1921
1317
11782
1841
2041
1676
1370
1329
1566
1849
2273
2319
1211
1254
1233
1905
12694
2315
1298
1331
1944
1844
1253
1429
1937
2122
2393
2097
2034
2376
1326
1604
1237
1330
1660
1306
1506
1469
1440
1424
1333
1241
1247
1672
1662
1259
1328
1398
1297
1302
1488
1199
1401
1285
1466
1213
1548
1499
1251
1501
1269
1520
1249
1397
1391
1326
1316
1364
1299
1265
1225
1383
1449
1229
1503
1216
1355
1206
1360
1116
1222
1147
1202
1403
1482
1258
1539
1362
1517
1339
1335
1305
1521
1238
1250
1412
1397
1375
1354
1266
1447
1488
1432
1409
1241
1445
1438
1466
1284
1523
1248
1389
1424
1516
1408
1406
1468
1822
3042
2120
1275
1246
1486
1242
1332
1315
1261
1365
1448
1891
3091
3217
3111
1589
1743
1283
1515
1591
1380
1570
1426
1525
1056
1506
1496
1505
1346
1328
1560
1527
1639
1669
1973
1357
1368
1421
1197
1702
1498
1067
1331
1915
3266
3229
3066
938
1996
1799
2040
1610
1800
1375
1704
1286
1333
1433
1493
1202
1485
1291
1249
1555
1547
2291
2111
1982
2137
2114
1970
2236
2089
1810
2683
2354
1923
2205
1801
1723
1371
1263
1401
1298
1366
1301
1491
1425
1462
1439
1351
931
1475
1482
1545
1524
1261
1468
1373
1382
1306
1201
1556
1239
1309
1465
1450
1422
1446
1496
1541
1607
1181
1272
1523
1546
1391
1551
1458
1492
1281
1221
1455
1430
1432
1327
1244
1313
1351
1446
1399
1895
1763
2702
3133
3134
2735
2924
2751
3152
2719
3215
3218
2825
3015
2802
2804
1634
1518
1473
1341
1285
1484
1422
1595
2616
2925
3011
2367
1301
2110
3265
3154
3196
1667
3198
2947
3623
3152
2568
1965
2138
2080
1506
1528
1644
1568
1466
1552
1356
1468
1656
1394
1352
1508
1525
1665
1507
1506
1020
1520
1295
1574
1623
1363
1256
1652
2021
2020
2030
2171
1501
1432
1358
1718
1851
1445
2823
3310
2932
2991
2076
2466
2863
2276
2043
1829
1453
1558
1336
1347
1511
1238
1426
1480
1339
1515
1335
1454
1200
1236
1287
1265
1236
1460
1336
1246
1251
1436
2424
2984
3131
2722
3514
2272
3269
2545
2808
3266
1835
1294
1279
1492
1247
1692
1009
1294
1130
2898
3230
2636
2967
1233
