796
690
587
685
766
1418
1312
1184
665
712
684
1115
1545
1382
1327
1399
565
644
678
675
950
957
720
923
1580
615
876
417
492
589
606
550
595
644
620
558
611
659
663
705
604
674
640
782
586
624
792
1031
667
610
695
487
513
682
656
663
622
571
604
654
653
604
696
666
620
586
664
585
667
683
590
2406
524
505
950
858
596
476
1103
882
1106
923
1030
878
1043
1104
493
707
694
1165
1007
1193
1091
1016
905
899
888
823
774
801
751
731
889
857
509
1078
855
1469
1598
1318
1348
1505
1537
1405
1229
1516
1449
1345
1514
1364
1490
1521
1506
1752
1263
1465
1462
1616
1437
1249
1359
1219
1230
1504
738
1119
1515
1302
1523
1583
1467
1354
1331
1618
2404
2570
2715
2558
2676
1997
1530
1630
1352
991
1094
958
793
822
787
732
861
1217
1131
541
526
634
620
665
716
943
1092
991
1126
1107
1199
1142
1246
936
694
663
680
667
668
601
622
658
696
693
692
588
624
686
663
656
611
576
784
882
976
1072
1136
1148
1089
1092
1174
1221
1148
1137
1171
1125
526
489
553
874
873
609
784
811
1033
1017
1284
1153
1119
845
1390
1359
1316
1357
1193
1137
816
637
737
597
1433
813
1022
780
793
1035
807
747
1063
705
1067
1174
1054
1068
964
707
917
996
909
836
698
753
924
1181
1166
849
1030
664
730
1022
1101
1072
801
897
1088
909
755
863
941
910
888
1042
1180
1232
1148
601
506
498
554
570
585
766
708
660
1448
998
801
1087
920
742
659
1217
911
1083
1120
1196
1155
1078
1182
1213
1133
1125
1129
1069
1117
819
805
854
922
850
841
846
850
1038
1189
1060
1124
899
843
634
722
803
994
1137
1111
970
1188
1237
1149
1127
1231
1234
1173
805
681
1182
1955
1835
1689
1830
1813
1367
1318
841
774
768
670
627
683
692
592
612
665
591
653
701
641
659
717
604
649
687
681
718
592
680
699
662
648
648
622
658
680
660
588
638
655
623
625
708
602
660
669
620
683
1328
1409
2107
1501
1562
1507
1384
1496
1561
508
579
574
779
1033
1570
1578
878
786
669
580
631
678
660
593
1604
1520
1271
1399
1651
1107
886
1168
949
1038
1130
1252
1276
1180
1307
1170
1090
934
1063
1026
1047
982
561
463
517
598
656
724
697
698
648
615
604
666
659
682
659
673
674
673
631
578
620
739
574
480
497
499
562
573
481
535
565
542
528
559
591
726
588
588
560
638
596
632
574
564
965
937
887
1103
1497
1615
1282
1414
1437
1419
1472
1598
1426
1578
1550
1549
1518
1549
1488
2046
2587
1462
1417
1191
1250
1289
1122
1128
1007
977
1004
1024
827
919
604
710
679
690
698
638
723
587
586
668
745
600
746
629
678
601
673
671
429
673
668
609
632
651
674
641
628
651
710
643
635
643
671
651
606
666
658
623
706
1101
1025
619
700
629
699
714
688
709
773
641
752
709
577
683
574
695
664
634
642
671
679
678
633
674
627
679
695
751
687
691
593
695
716
716
597
690
684
682
697
587
658
682
630
628
660
677
634
722
675
659
598
687
577
685
622
650
643
643
628
915
1252
1250
636
666
669
725
714
667
664
740
736
702
668
688
629
625
660
685
1064
644
815
1126
1079
656
1721
1023
850
1399
1813
832
494
452
1360
1478
1380
516
1303
1238
1490
870
1012
588
573
441
1075
1154
1173
874
1036
977
834
581
718
581
573
653
672
870
804
1016
579
1055
922
1055
992
719
502
699
739
704
941
901
854
983
1095
549
689
645
796
1032
854
769
1006
789
697
569
582
684
667
585
624
682
661
687
651
697
1056
1075
885
1082
891
523
629
612
604
687
1253
797
980
1085
689
507
493
667
1850
1930
2299
2678
1459
1494
904
539
634
963
1090
1257
1162
827
746
962
825
463
559
728
597
994
978
941
2632
1351
1683
2864
1638
1538
1894
2794
2338
1823
1464
1423
1443
1568
1485
1503
1559
1531
1430
1495
2846
1866
1381
981
735
1057
1121
972
1147
988
970
895
832
919
1002
1966
3055
2269
1143
1622
1647
1620
1545
2118
2640
2292
1553
1594
1343
1182
1120
862
663
1131
1148
752
749
1016
803
1078
716
722
575
803
1098
1053
1003
962
624
673
659
692
583
950
1198
871
592
561
672
814
587
670
568
605
571
646
622
686
722
608
520
719
665
677
690
695
733
735
612
707
660
1266
643
677
647
635
579
645
614
642
592
683
655
707
710
664
644
982
1093
994
1526
759
771
871
1528
449
1471
1294
1589
1304
1123
1825
1323
998
1324
1492
1609
1640
1620
1470
1479
2383
2306
1625
1228
1284
730
708
1026
1004
1694
811
897
970
673
479
666
572
643
758
1079
891
1026
952
730
583
688
655
616
649
643
633
677
686
657
578
1098
928
782
959
880
462
599
672
700
942
1037
717
870
836
455
727
647
643
1168
911
516
703
657
713
805
723
623
714
677
616
645
686
674
744
490
448
667
675
609
655
672
578
604
574
726
696
621
713
493
639
699
616
836
1743
614
562
644
1115
1090
1051
992
1042
643
546
834
718
647
797
857
1274
651
905
1545
