136
107
118
124
128
142
120
115
133
118
129
124
131
121
120
131
132
126
117
133
220
316
299
250
222
132
130
130
129
133
125
139
138
118
138
126
116
138
132
114
104
116
105
118
123
109
109
112
110
117
113
115
117
112
110
114
100
113
112
130
113
114
106
106
107
110
111
115
103
116
101
119
113
117
119
124
118
124
118
127
106
118
122
128
116
110
115
120
116
120
110
119
121
125
109
122
115
119
107
115
109
117
114
126
121
118
113
133
126
111
139
111
122
121
117
119
110
106
123
128
121
238
139
117
134
115
135
131
122
134
161
164
132
142
130
229
481
153
151
173
156
149
125
225
361
193
161
211
234
225
160
145
214
158
224
272
257
173
152
153
274
162
148
145
119
109
117
120
145
129
123
125
134
122
105
117
105
105
114
114
136
133
117
121
118
130
127
118
121
100
116
116
113
119
113
108
105
102
115
125
129
117
113
109
108
113
119
125
131
124
120
106
112
119
122
116
129
120
112
123
118
107
126
126
117
116
127
123
107
114
124
132
118
124
123
127
124
125
122
111
229
274
158
167
143
223
156
127
119
156
149
226
155
128
120
163
154
125
130
119
134
123
138
175
118
125
114
114
105
116
119
108
117
104
108
119
101
102
115
118
109
120
107
136
109
111
120
118
110
105
117
104
106
114
120
127
116
125
122
119
119
125
119
117
118
121
108
119
118
122
104
125
125
129
108
107
107
133
123
110
124
119
117
120
118
129
123
130
123
121
119
115
109
113
120
123
118
105
109
111
107
110
108
117
117
123
119
113
127
118
199
149
143
143
183
224
157
155
123
218
230
244
192
130
136
120
120
126
129
125
128
125
103
117
115
116
122
116
106
113
118
118
115
114
111
121
122
121
118
115
107
115
121
101
104
106
104
110
102
125
102
110
116
107
118
114
114
124
133
111
134
116
114
115
112
113
114
119
126
112
123
131
130
120
127
106
111
115
121
114
107
110
122
125
124
123
107
122
122
125
129
128
120
119
135
122
116
120
113
114
108
122
124
123
128
123
132
118
182
135
158
162
135
140
129
129
132
134
134
125
140
130
121
120
125
119
140
116
121
129
117
114
125
107
129
117
128
124
126
121
122
119
125
116
116
119
112
122
127
133
115
131
116
123
121
127
128
124
115
125
129
111
138
115
120
114
123
123
119
126
128
127
127
113
123
129
117
122
112
123
137
127
114
130
139
125
137
123
138
125
126
129
130
112
128
128
122
122
115
123
125
119
131
145
115
110
119
179
642
198
132
143
120
117
152
134
125
108
123
117
107
113
115
126
108
112
108
116
105
113
154
148
129
136
145
156
152
125
140
142
146
137
118
136
141
136
136
132
131
146
131
131
190
251
235
234
222
224
226
236
210
230
218
216
241
213
215
212
224
217
224
203
223
230
230
234
218
355
276
232
232
213
224
215
221
217
230
234
217
232
222
226
228
229
218
226
218
208
224
219
222
231
223
223
220
192
132
126
120
140
130
122
123
138
128
144
128
130
126
136
138
134
131
133
127
125
139
137
118
132
120
135
134
131
121
140
131
129
129
134
126
131
134
136
129
132
137
125
130
123
133
136
128
128
124
117
117
137
127
137
142
133
133
134
136
122
122
122
138
136
134
122
131
132
125
118
133
133
134
114
102
114
123
226
262
259
242
232
242
257
236
201
115
117
121
134
104
117
118
115
122
115
107
105
102
117
105
111
114
117
121
122
121
118
113
111
111
115
128
106
120
120
127
118
135
118
109
120
118
128
124
115
119
107
111
125
118
122
114
113
119
133
107
118
111
125
111
118
107
111
120
116
123
116
113
121
108
119
117
114
124
130
112
115
117
123
120
120
124
118
128
136
122
114
114
123
118
123
114
143
170
126
119
117
136
127
129
118
134
131
122
116
114
127
115
112
122
116
127
123
122
110
116
122
113
108
129
125
122
121
119
119
126
120
130
111
122
128
138
123
128
125
124
123
111
123
125
126
130
117
115
135
120
125
120
119
125
131
132
132
123
129
119
118
118
111
132
119
118
111
110
126
125
125
116
142
131
135
133
138
128
136
115
125
128
142
124
126
122
126
138
129
116
132
114
129
113
114
137
128
143
179
119
140
117
129
138
119
122
114
125
122
132
126
125
137
131
114
138
132
124
115
134
132
129
128
116
128
135
126
113
130
111
125
128
131
131
133
130
129
134
131
133
124
128
116
129
131
136
136
129
123
135
131
122
122
124
129
118
121
117
122
128
111
133
124
114
122
123
122
