611
668
706
793
804
802
793
805
820
720
836
812
774
618
584
464
539
428
493
543
457
465
445
402
562
613
781
550
474
391
647
739
464
530
429
546
449
409
454
672
737
709
480
473
498
416
459
445
406
480
414
548
557
641
559
576
484
549
436
506
471
398
506
498
625
425
534
427
493
594
458
449
469
611
484
648
599
681
720
655
583
805
580
495
799
749
757
542
686
389
394
522
472
464
700
588
433
453
498
456
591
390
419
504
584
578
561
552
552
561
585
741
561
583
407
441
419
410
456
537
518
462
491
506
504
547
536
534
517
405
438
508
454
547
506
456
518
518
522
558
764
548
411
443
474
443
399
526
513
503
516
509
455
524
450
405
468
446
485
491
480
559
579
568
613
761
519
429
645
471
434
477
617
684
481
460
484
442
410
412
441
543
517
505
450
457
489
450
479
517
559
462
448
510
496
515
380
475
525
513
530
533
508
476
454
535
504
472
474
525
509
538
490
512
529
535
471
465
543
525
478
511
568
450
447
1086
1175
1053
1118
1160
1109
1102
950
1120
1059
1231
1205
1213
1221
1160
1129
963
1166
967
1104
2004
1975
689
1065
1029
1218
1148
1215
1247
1187
1080
1159
1163
1071
1215
1578
1309
1117
1070
1240
1084
1231
845
941
792
758
878
854
414
430
379
442
464
521
547
465
576
525
557
536
458
516
552
505
473
544
563
483
459
533
518
476
490
513
548
488
472
403
1015
1144
1169
1158
1175
1151
1121
1043
1134
1170
1243
682
1028
1159
1261
438
402
438
926
1057
1254
1168
897
797
1117
1190
716
610
922
879
998
875
561
687
777
780
776
795
704
803
633
584
630
597
665
608
467
627
574
513
574
706
722
1370
1529
709
1416
1487
336
613
1302
1166
1163
786
917
930
768
769
952
1431
1244
1185
1131
918
1071
975
857
881
768
979
792
720
459
633
530
458
596
665
557
489
989
476
972
1013
1205
1181
1163
1043
1127
1319
1123
1450
1186
325
1081
1176
1235
1164
1193
1256
1254
1205
1092
1274
1227
460
377
417
411
561
924
979
849
837
943
481
461
513
429
512
533
439
456
515
493
550
397
480
526
439
518
510
459
566
539
481
500
506
531
454
521
475
484
498
519
455
557
471
491
567
578
440
519
482
486
616
461
659
708
449
661
449
473
378
443
501
445
545
483
404
504
503
524
445
448
409
539
509
386
499
551
467
526
805
794
765
549
461
549
531
435
513
508
519
600
540
576
558
538
475
490
491
555
654
441
677
882
843
857
747
596
575
399
480
726
746
476
427
535
708
882
1007
1049
1122
1042
1005
781
783
742
824
746
828
748
707
791
801
768
793
881
923
640
481
562
638
723
542
479
539
536
828
434
442
479
591
540
403
404
541
494
524
492
569
509
510
517
506
484
519
540
604
734
728
447
377
438
513
532
546
562
456
453
555
502
513
450
472
520
553
528
489
546
517
479
511
512
561
809
786
695
576
765
1708
951
436
478
566
1522
1507
1150
1147
1176
760
884
926
999
954
966
1044
1140
1118
1021
895
902
897
912
895
853
833
630
630
540
626
540
554
819
624
715
811
809
506
537
538
469
510
470
483
516
470
537
455
495
479
521
494
558
506
536
558
518
556
461
654
550
500
1008
379
1127
1028
1163
1125
1170
1180
1083
1174
1149
1240
1085
700
532
448
445
576
431
508
1185
1181
1383
825
1083
462
758
1104
1061
585
728
498
423
472
466
776
533
459
771
748
648
442
448
437
410
445
736
1171
440
688
1049
1129
491
435
388
469
469
475
536
509
480
560
566
512
519
466
410
488
452
333
455
519
522
516
510
458
481
525
523
574
477
462
437
472
479
540
500
565
534
579
529
569
544
401
517
554
593
455
516
524
519
469
556
524
522
565
815
882
776
767
681
743
733
703
767
739
706
764
754
690
783
720
762
745
776
760
726
776
815
709
775
797
793
776
782
799
782
753
788
808
762
816
478
396
432
773
1072
1080
919
1087
1105
400
556
1099
1176
1037
1104
1116
950
1001
1099
1115
1152
1017
1062
1018
1099
1106
1006
1013
1294
1022
1091
970
935
895
961
881
762
718
767
809
553
455
553
478
551
444
629
463
1697
710
750
633
592
592
592
600
568
553
596
574
935
892
840
653
1222
1047
1133
1180
1042
1019
1187
1342
929
433
389
595
1002
1098
1116
1169
984
1096
980
1220
952
481
861
962
435
390
577
563
657
674
626
618
631
557
631
628
537
626
585
529
646
578
565
513
520
516
552
623
478
521
628
698
789
678
716
693
626
703
694
759
722
750
789
738
727
783
722
712
793
1479
628
414
410
395
817
1052
1040
1092
996
1121
454
352
796
816
921
900
766
768
800
857
680
733
766
714
776
770
781
787
850
760
728
736
759
772
812
793
445
483
463
434
470
533
533
462
492
473
475
