908
1021
966
827
1042
1097
984
905
1160
1096
827
844
966
1022
1332
907
972
974
909
837
1474
1112
893
1171
1004
957
949
945
985
892
1041
882
993
850
1101
976
937
1034
1034
1127
862
1003
1034
1023
976
970
1002
1049
1167
1101
867
996
959
924
963
970
1023
1021
1082
920
1027
1012
2749
2466
2026
870
948
882
1040
1070
947
856
992
1182
944
978
941
939
1087
972
1069
1023
911
1004
1020
1019
1042
1169
1206
1424
1185
1327
1030
1535
1717
1431
1194
1109
1115
1088
1116
864
850
852
959
942
1037
1652
1449
1129
1378
2391
1838
1744
1451
912
1059
1340
1133
1223
1211
1022
1130
868
824
948
978
947
988
969
963
1170
2245
1091
1228
1244
1208
1108
1018
1006
975
971
1017
946
1560
1485
865
1083
985
920
939
960
1026
863
881
951
880
1060
1184
1209
2442
2827
3859
2837
2161
1826
1112
939
1140
963
1026
929
869
954
1020
848
969
1173
2627
1352
1038
976
1034
984
1048
1069
1040
905
862
1040
1297
1158
980
1101
921
948
1075
917
1071
1144
1057
1042
1082
1548
3743
3776
2623
1642
1913
1698
1032
825
852
1182
1017
821
964
821
925
890
877
1033
1189
1115
1054
1084
1031
899
1096
1053
959
1014
988
951
855
1074
1163
1483
1785
2032
2358
1750
1918
1670
1388
1241
1390
3112
1606
1833
1236
1060
1242
1150
1055
1078
999
1028
851
1019
959
959
994
1393
845
982
1013
917
995
891
900
1006
1018
1026
897
1022
866
1213
1375
1177
3285
2150
2431
1610
1696
2170
1017
1034
1142
1278
1506
1563
1598
1271
1022
1198
835
1691
1727
3020
3095
2205
1963
1629
1091
2544
2376
2269
1789
1248
1367
1121
1930
1355
948
948
940
1007
832
964
956
1000
833
817
1064
966
1147
1002
1136
1106
991
936
945
954
978
850
1091
1022
919
1132
1157
893
961
1223
2796
2957
2767
2468
908
864
853
925
1171
933
922
926
996
952
930
979
876
962
1107
1736
1502
917
1165
1032
1039
1018
1012
869
899
856
1056
1124
1035
1071
1012
1079
940
1137
1169
1062
1207
1042
979
1012
1003
1108
1299
1130
1058
979
1796
1459
1239
1848
992
1547
1390
1392
1223
1043
1175
1565
1785
1298
955
1025
960
818
1040
965
1061
857
959
976
1106
2017
1454
3018
2944
2605
2210
1875
2056
1332
1956
2369
1954
1983
1361
1247
1257
1204
965
925
889
839
1044
936
996
877
1028
977
998
970
920
1004
2450
2496
3004
2880
2833
1399
1033
1146
1149
1067
1023
1060
927
911
857
823
1127
987
821
1120
1313
1110
1135
968
1013
1015
995
980
935
996
995
901
1070
1504
1710
906
999
1033
861
992
1178
1553
1111
1010
1059
917
2048
3015
883
866
963
958
989
833
944
989
841
956
947
1016
929
931
949
958
860
820
1004
952
943
1041
987
901
984
1155
1220
1249
1401
1292
1191
1134
925
965
959
934
877
1013
1082
2209
1711
1630
1045
1006
979
999
837
952
883
822
895
1161
1288
1290
1752
1473
1408
1078
1102
1125
1116
1105
1153
1295
981
949
849
1254
1897
1415
886
950
981
1059
994
964
969
956
846
890
1036
885
942
1150
911
1170
832
906
854
932
866
1023
979
919
1063
997
943
1087
942
2362
2921
2990
2846
2408
2049
1648
1316
1037
948
882
1033
943
908
1078
869
1025
950
890
1146
897
831
983
1081
905
959
881
885
963
873
991
1077
1016
975
2864
3869
2620
2744
2242
2325
3856
2992
2750
3250
1545
1194
1310
989
1050
964
954
947
933
952
881
1020
1043
2652
1511
1734
3022
2523
1968
1813
1176
937
1017
869
990
948
982
822
939
978
1042
1024
1048
1150
2460
2711
3036
2905
2497
2053
1332
1219
1079
954
867
910
1084
987
981
917
1014
1272
1591
1366
1647
1512
1731
1874
920
974
1041
820
973
915
1039
886
910
1321
1531
1272
1162
1392
1018
977
884
961
865
931
1070
892
957
876
1258
2886
2251
2058
1457
1403
1541
1167
948
1024
968
930
1066
1098
1065
986
927
1088
906
969
976
954
947
1019
1005
972
1030
1174
1066
1013
894
1024
901
866
1004
893
972
987
961
1067
922
1007
1583
2426
2800
2849
3006
2375
1659
1680
1443
1023
934
976
1025
951
1030
961
866
983
1158
988
875
1107
982
851
955
903
978
1056
898
971
916
893
1085
1122
967
1020
1084
972
1117
990
983
925
1073
897
1015
968
1045
996
1032
923
1048
1089
1115
1011
965
961
1074
909
945
1033
1034
1568
2859
2878
2436
2635
1926
1553
2043
2971
2416
2282
1946
1724
1541
1311
1336
1341
1469
1279
1020
1089
1165
1115
1191
1148
970
1014
1156
2142
2660
1870
1209
1354
1073
822
1009
1017
977
976
1975
2313
1966
1548
1553
1112
985
1067
1026
953
853
1017
966
986
1358
1005
1036
856
1037
1020
957
1161
1086
1078
971
854
1065
899
1157
1016
1165
1116
1103
1017
1012
966
880
856
949
843
874
887
1136
1140
1159
1004
991
957
1054
1056
996
974
953
951
870
877
984
1007
1345
2536
2961
2728
2071
1868
1315
1119
990
986
972
959
849
948
962
905
981
980
871
930
896
1221
1098
887
991
949
1053
961
965
866
977
983
981
1029
1013
866
1190
1001
1027
860
865
1051
1028
1011
1021
1032
1061
920
917
1087
1135
1074
864
903
978
1130
1018
871
1010
1032
1065
983
1002
1010
897
1095
984
962
866
1008
1062
1035
1034
1085
995
1055
1015
