1941
1846
1709
1784
1663
974
1590
1477
1769
1723
1651
1601
1473
1708
1690
1924
1697
1613
1580
1770
1581
1466
1190
1163
962
1580
1518
1331
1371
1279
1335
1388
1318
1374
1348
944
855
815
1003
1053
973
1010
1045
1039
1020
1043
1018
1020
1301
1024
922
836
1064
887
993
868
1045
961
937
997
1021
1034
1010
1027
968
822
1067
985
873
993
1003
1052
1072
861
1036
1054
996
1016
1106
887
1047
874
1065
856
1017
939
1012
1002
1000
1019
1040
1023
1210
861
1098
1020
890
1005
897
1008
1031
1007
1006
974
993
1048
1219
1757
2519
2164
2142
2179
2253
2394
1099
1032
2613
2109
2007
1871
2469
2337
2550
3094
1494
1667
2218
2250
2151
2281
2610
1113
639
2246
1751
2406
2015
2371
1655
1343
1193
1492
1494
1233
1072
1150
926
1006
942
1009
893
2636
2227
2554
2023
2301
2078
2576
2129
2180
2120
2169
2448
2652
2342
2119
1957
2241
1883
1579
1501
1447
1235
1026
1054
1192
1119
1005
887
987
977
973
981
1013
971
1019
1021
1027
1101
866
898
909
1030
1084
1124
878
1016
937
1060
1094
950
902
1034
1099
1028
1023
1045
1079
1064
1011
1004
1005
1340
943
899
992
1124
1052
1054
1034
1034
966
1162
1088
1030
1422
1138
1067
945
1026
1077
1055
1039
1092
1081
998
1034
1016
991
919
1258
1985
2415
1570
2352
1979
1640
921
799
1147
1479
1613
1333
1500
1307
1108
1745
1305
1294
1140
1204
1124
1075
1184
1363
929
717
665
1043
1075
1014
1086
888
866
1039
1035
1025
979
907
1323
993
966
965
944
1958
2449
2132
2300
3299
3361
2009
2311
2299
2482
2327
2430
2501
2336
2084
1817
2117
1129
1649
1471
1627
1144
1295
1135
1233
1168
1047
966
959
955
885
1029
1002
875
1018
1059
920
1054
923
1014
1057
1080
1058
2020
2256
1598
2418
2079
915
2140
1808
2320
2323
2263
2073
2249
1655
2101
688
1320
1170
1367
1431
1441
1195
1162
1083
1109
1143
1110
1032
897
1001
875
1034
1030
1034
1027
880
1031
1061
1103
942
1091
1036
1044
941
934
1551
2255
2194
1936
1242
1965
1811
713
2497
1530
1004
1050
1001
1081
1284
2556
2167
2369
2972
2173
2490
2613
918
1041
1608
1738
1178
706
1097
1117
1172
1109
1048
1039
868
1036
1022
872
1064
1040
871
1124
1246
1314
1032
1349
972
1554
1024
1444
861
1012
1533
891
832
1184
1075
1230
1274
1307
1202
1022
926
977
1015
971
1011
1126
1095
1003
940
1058
1040
1115
1105
1135
1056
1004
1035
997
1037
883
917
1031
899
982
894
1001
911
1005
974
1015
1093
1083
840
979
967
1026
995
1078
993
1031
1033
1038
912
874
871
1053
744
1046
967
915
1005
889
1085
1079
1010
1031
985
1014
882
1001
838
1032
1011
1025
877
1126
1100
1031
1001
881
1036
1031
976
1026
1018
744
915
1033
938
905
955
935
1034
1057
893
1010
998
1006
1054
818
1016
888
1031
1091
1097
866
1036
1068
1056
1019
1040
1010
1063
1049
937
959
996
1009
1069
950
883
1010
930
890
879
918
1015
1072
816
1080
1033
1035
904
1044
941
996
1149
1086
1017
905
983
1055
915
743
953
927
1125
1385
1616
1369
1812
3374
2568
1507
1013
1022
996
875
1199
1815
765
757
1057
1003
936
862
1032
979
886
960
1018
936
973
1427
900
651
1051
1027
1048
1031
968
1031
923
1050
871
1072
1132
851
931
977
922
1019
980
892
1039
930
994
1007
938
1090
985
997
984
805
1083
1083
903
1097
1014
982
1005
1112
1106
1079
925
1043
1024
871
1030
958
885
984
1078
893
1022
1073
923
893
1033
1109
1017
763
937
828
1181
807
1030
1029
1151
1081
1012
1013
1023
984
878
909
755
927
874
922
885
1005
1014
890
990
941
1132
941
927
1189
1410
1367
1414
1149
831
1008
988
892
989
902
1035
989
1326
959
964
1329
2130
2323
1368
2203
2076
1921
1376
2228
2379
2206
1903
1806
1217
861
1059
1203
1452
1502
2271
2503
2360
1403
1078
1560
1494
884
1726
1660
1300
1553
1111
1695
1011
2687
1971
1504
1059
883
2803
2320
1309
2055
1999
2101
3053
1233
2327
1539
1219
2416
2374
2144
1239
922
1315
1904
1025
2526
2033
2086
2034
942
974
2093
2365
2261
2483
1999
2267
2500
2419
2357
2511
2195
2049
1075
1397
1546
1503
1218
1098
1036
1047
1166
933
1109
920
1072
943
1011
979
985
961
953
959
1037
1001
1034
980
1055
875
928
1735
2120
2229
1999
2642
2558
1722
1700
2513
3161
1402
854
997
832
753
986
1190
1969
1618
2076
2491
2417
1962
2174
2030
2116
2268
2016
2121
2236
2252
1704
1961
1594
1394
1437
1597
1068
1202
1307
1123
1191
1195
1071
1037
916
916
1026
1225
1024
1009
1028
1092
1073
1137
1281
1153
900
814
988
830
850
926
758
943
930
1054
886
717
1025
2696
1454
1528
1652
1098
1174
1058
1017
929
1026
912
1059
1064
1684
4191
1002
1045
1092
887
1155
927
848
895
1085
1024
1223
1403
1594
1818
1607
1543
906
1286
636
1343
2254
2744
2601
2578
2620
2032
1443
2003
1876
1776
1429
1502
1649
2314
1735
2274
2107
2035
2462
2417
2213
2205
2202
2349
2368
2211
2443
1346
2400
2403
2330
2007
2323
2123
2122
2325
2254
1854
1889
1686
1992
1605
1272
2343
2315
2355
2300
2397
4058
2205
2092
2438
2095
2498
1264
1579
1169
1053
1466
1005
1060
940
1079
2208
2109
2043
1547
2386
772
1035
909
807
977
895
964
940
1019
1335
1444
1372
1127
1481
1484
858
759
945
1081
1131
1081
902
893
908
996
