649
860
747
815
1358
1512
834
992
772
719
856
704
719
839
793
768
850
808
716
726
816
882
872
836
711
758
944
1010
582
1755
1901
1744
1991
1959
1685
1477
838
1943
1918
1991
1943
1706
1984
1571
1650
1442
1755
1785
1666
2077
1657
2303
2042
1470
1284
1154
1097
1172
1021
999
975
885
913
899
937
827
837
726
850
738
933
939
861
740
868
834
924
850
884
718
954
858
750
877
681
791
738
857
841
721
920
862
851
789
831
727
826
818
899
733
729
725
651
832
773
767
843
828
759
903
824
785
663
724
897
833
907
825
810
612
725
876
931
816
874
735
819
857
835
821
819
851
720
834
834
853
859
1971
1772
1570
1907
1661
1669
1622
1570
535
1672
1933
921
1860
2026
1872
1880
1218
945
1590
1585
1223
1465
1661
1773
1658
1516
1195
1647
1989
1799
917
1650
1653
1583
1467
1366
802
741
1136
953
812
764
858
661
641
638
863
759
731
786
847
787
845
894
887
844
823
872
784
783
956
897
628
680
738
903
862
844
927
844
806
842
882
828
855
917
771
1094
1335
1901
1925
1905
1945
1925
1989
1856
1220
1495
1915
2055
1962
1956
1860
1509
1892
1886
1932
1442
1389
1474
1284
939
905
1484
2020
2165
1921
2591
1241
1146
1459
2416
1063
636
565
697
742
765
963
916
850
1283
1419
1401
1045
1068
1100
766
590
667
757
810
813
798
817
828
775
766
833
779
746
862
833
768
833
867
710
672
731
829
823
885
889
784
750
671
714
772
884
789
810
831
1545
1540
1876
2006
1943
1885
1796
1771
2017
1791
1969
1787
1705
1732
1960
1301
1892
1939
1901
1939
1863
1874
1675
2106
1946
1891
1632
1714
1753
1707
2041
2539
2489
1312
1112
899
841
801
897
868
700
688
795
812
862
1320
1840
1816
1952
1131
524
816
1665
1357
1891
1889
1853
903
1959
980
725
1246
1652
1796
1899
1997
1708
1972
1441
646
587
1553
1552
1415
1235
1087
1068
1064
1210
962
810
797
931
603
746
829
852
819
745
849
881
902
854
795
879
737
819
703
638
841
811
915
606
753
815
767
826
855
798
812
855
760
830
812
861
715
817
815
758
875
683
659
920
869
719
797
820
880
731
833
844
828
826
852
729
868
827
735
629
864
856
866
785
856
873
841
861
711
715
816
826
811
820
848
1409
1085
663
705
700
837
749
715
847
811
716
816
853
734
872
785
865
1461
623
1032
1032
759
754
818
726
841
797
730
836
856
865
747
855
894
670
776
810
712
734
831
761
802
884
885
815
812
887
846
848
798
1272
566
1291
1623
1446
1556
1539
1249
1293
1209
1004
1212
840
915
796
660
923
1039
834
722
855
902
623
703
678
816
838
708
874
824
849
897
737
886
1054
924
753
1002
1867
1759
1871
1686
1738
1621
1940
650
1039
1654
1524
1704
1558
1475
1326
1173
1052
1985
1247
2002
1837
1717
1892
1706
1861
1722
565
1381
1938
1659
1865
1962
1699
1857
1421
564
794
1807
1834
1578
2002
1903
1772
2016
817
1872
1819
1714
1857
1857
1712
2074
2013
1661
1863
1923
1978
1900
2015
1926
1846
1639
1816
1838
1767
1851
1873
1730
1469
1666
1464
1187
1334
1358
1164
854
1047
915
780
822
856
836
715
737
806
888
781
831
813
826
722
815
871
745
1521
1467
1791
1610
1935
1826
1887
1635
1321
1512
1855
1930
2040
1767
1826
2175
1342
1129
1107
913
987
665
1011
921
1115
712
703
673
753
695
719
818
881
718
774
824
839
873
720
886
833
811
1245
1372
1639
1747
1835
1899
1701
1771
2078
1858
1741
1075
996
1100
1136
987
1122
919
851
1004
901
912
796
780
811
818
821
720
770
821
809
836
859
764
761
770
731
837
735
803
814
876
591
713
705
692
766
814
808
842
771
725
849
915
810
918
858
820
904
868
667
827
857
851
827
792
895
924
887
865
912
891
714
824
779
718
836
542
881
823
828
814
829
813
791
818
838
755
771
857
890
869
731
2121
1342
1787
2012
1763
1691
1891
1743
2219
932
643
609
1471
1055
2036
1720
1812
2110
895
1472
1751
1745
1513
1996
1855
1809
1399
1523
1512
1496
1497
1224
1005
973
1058
1129
884
850
944
734
797
849
887
728
773
780
911
829
856
859
894
866
849
872
758
653
701
688
1217
1440
720
767
758
646
719
911
737
815
1250
927
1277
1956
2008
1578
1934
1022
1050
602
749
884
856
850
854
865
851
752
898
839
727
827
808
1198
1308
932
703
865
799
735
847
800
845
803
956
1020
997
790
730
722
1889
1155
1127
953
992
722
1041
772
936
679
935
695
744
623
686
734
1239
975
950
712
654
990
1260
991
645
742
756
669
823
718
614
687
848
916
1066
991
714
803
777
715
825
738
878
746
816
816
799
731
818
1073
1644
811
680
730
772
804
877
810
725
789
905
806
796
875
858
867
736
707
722
757
719
920
578
857
850
842
842
859
718
839
900
819
891
820
607
719
686
709
1034
1078
916
640
723
952
734
876
847
821
815
766
1015
581
656
904
910
689
732
688
689
813
1183
681
1689
889
2049
784
1193
749
666
1412
670
1334
