830
904
1865
1992
2203
2210
1968
2094
1113
454
366
402
618
707
854
737
437
1006
610
910
675
920
817
467
666
729
727
599
822
545
1133
989
1014
1025
1097
1101
902
840
778
778
772
831
792
687
932
515
621
630
573
526
517
582
555
577
566
529
495
537
528
497
536
526
508
537
575
551
524
548
554
855
856
884
573
516
536
568
548
490
527
524
538
538
539
533
542
526
566
579
560
506
542
575
609
419
406
550
530
531
669
491
515
567
536
479
520
525
529
556
563
550
554
553
535
580
521
506
532
551
485
427
445
502
477
532
475
535
527
507
543
527
498
569
575
477
570
574
551
539
589
518
550
535
524
529
770
754
874
514
558
514
582
563
541
544
483
539
559
545
540
483
581
553
528
548
563
553
553
533
479
413
487
540
538
559
542
535
487
561
553
537
534
554
556
570
497
476
496
562
579
541
492
586
571
505
661
419
376
492
511
516
544
541
473
483
557
474
586
546
537
523
539
502
749
682
878
526
457
495
455
678
463
578
449
848
595
485
1171
514
630
567
444
504
453
539
844
521
509
504
763
503
396
472
614
716
577
878
898
808
645
788
690
702
772
900
1440
891
481
825
877
893
643
794
628
746
656
650
616
712
685
524
512
616
647
500
962
801
538
533
596
727
689
721
485
420
563
506
479
516
482
443
491
474
445
518
497
599
586
546
487
671
525
490
523
501
550
514
539
555
480
474
533
576
547
514
510
508
551
504
575
542
585
530
484
475
476
835
617
442
781
937
577
507
405
600
546
446
538
537
494
505
550
546
495
531
575
542
539
525
561
522
526
688
588
433
452
479
444
472
500
530
487
488
486
492
483
472
537
468
559
790
474
1214
986
1141
1000
875
1004
1276
1133
1167
1043
1209
1216
1151
1161
1172
898
452
1429
2086
1987
1871
1418
882
1249
1365
1115
1022
729
1017
718
444
596
672
627
913
800
698
685
842
734
573
415
476
480
557
610
369
462
534
556
529
550
540
543
506
472
550
476
542
547
538
523
582
544
546
530
521
553
537
1067
985
1012
985
615
584
495
546
537
539
547
554
543
661
944
766
555
565
569
509
491
567
613
469
448
515
545
523
514
549
541
447
422
536
525
489
481
529
523
545
525
561
531
471
527
499
497
510
543
1545
1947
1029
609
480
589
493
558
676
990
745
532
749
866
450
356
375
512
741
536
464
485
574
657
591
532
595
548
529
477
563
527
543
582
500
554
513
569
529
585
563
534
502
543
514
534
521
1128
1107
769
646
777
791
588
540
525
623
648
731
644
965
1098
1978
1613
1285
899
828
894
737
472
1042
1496
1196
1446
1310
379
726
725
651
696
715
694
637
591
486
526
602
812
1243
577
1014
894
543
560
606
566
555
977
717
481
777
804
718
790
806
602
1002
736
706
693
484
545
547
528
542
511
482
551
468
514
493
526
570
531
469
551
544
579
524
566
570
550
636
1003
1050
951
934
542
576
493
566
549
541
548
543
562
592
540
524
546
549
582
545
586
1036
431
468
380
536
492
563
577
527
544
580
565
564
505
523
577
567
514
490
568
519
586
522
494
476
507
534
363
473
1015
2068
2123
2311
2131
1621
1321
1609
1497
1217
1452
1006
774
620
1023
1032
976
937
481
737
810
446
788
1312
1325
1284
536
1189
1271
1301
1278
1227
1203
2029
1611
1160
1280
1235
1212
1222
1078
521
1169
1314
1089
1359
2045
2118
1747
1231
1265
1357
1816
1034
1199
780
806
440
566
697
705
1017
916
588
806
950
733
734
522
516
564
586
502
578
559
483
473
493
487
560
542
688
933
739
650
878
785
453
429
466
548
539
604
946
803
830
869
1062
1584
944
673
553
928
1438
1705
766
757
566
953
1337
1112
1252
1186
1059
1237
1533
1036
920
948
953
822
809
474
475
525
517
612
649
972
750
660
869
814
510
406
991
686
1050
1251
1100
1559
2228
1517
870
971
966
594
478
503
1389
1626
2466
1197
1238
1257
2223
1345
978
858
755
762
744
654
651
441
570
544
553
577
505
539
483
552
538
575
535
567
556
599
784
1218
1071
991
1013
1078
940
1088
1107
917
900
886
926
915
1006
455
667
715
631
713
669
659
703
710
560
511
591
555
510
577
532
539
517
556
577
420
681
1217
1313
1280
1254
1207
1239
1208
1205
1183
1232
1305
1164
934
1204
1215
1321
1193
1171
1088
1273
1175
1250
1196
1196
762
1271
1289
1238
1236
989
1169
1007
1142
1046
924
977
1448
1074
617
1293
1088
1158
1261
1269
1237
1253
1231
1443
2250
2102
2049
1205
1260
1079
1264
1210
1289
983
1251
1265
1149
1165
1166
1000
1164
1114
1081
912
779
1167
807
948
617
478
540
685
559
602
639
1407
1659
1563
2071
1671
988
1291
1408
1273
1242
1474
1801
1248
1162
1261
1256
1215
1266
1287
1223
1127
1249
867
1285
1229
1093
1234
1085
1277
1071
1253
1388
1139
