2282
1190
1094
1199
1101
1370
804
1258
945
722
905
666
926
1486
1313
1452
1453
1506
1386
1365
745
1665
1887
2012
1971
1832
1879
1557
1118
1851
1928
2110
2096
2943
2078
2087
1944
2222
2327
2231
1874
1872
2266
1861
2164
1797
1497
1539
1439
1420
1294
2078
1873
1951
1909
1913
2300
2166
2352
1995
3809
2603
1930
2900
2093
1929
2065
2080
2020
2179
2000
2280
2132
1895
1994
2067
2060
1338
1341
1897
1557
1686
1823
1753
1340
1401
1072
1117
1168
1048
1100
925
912
971
849
907
843
938
950
812
993
619
690
915
895
889
852
862
935
789
827
899
861
810
851
943
904
824
981
885
822
962
965
850
966
910
924
929
780
911
889
822
1141
882
683
938
897
838
974
749
735
1068
1166
1107
739
1393
1974
1784
2132
1685
1997
1873
569
1129
1251
1287
1164
1334
1267
1259
1001
996
986
1364
880
760
835
890
898
899
943
811
847
920
930
951
912
931
731
899
1193
946
824
832
917
954
875
898
1000
1022
939
929
1007
982
713
829
983
913
924
913
899
941
902
802
987
790
837
809
806
941
961
888
882
845
905
968
868
958
860
831
932
923
930
867
939
886
801
969
783
800
930
846
908
1699
982
2270
2187
1979
2122
2769
2269
1776
1985
3869
1581
2151
2244
2102
1855
2350
1217
2715
2347
2495
1335
1045
1144
1029
1105
1045
893
938
893
844
941
912
951
899
954
838
853
893
904
905
870
870
738
646
686
936
898
983
892
925
978
932
848
1002
928
821
846
877
980
926
803
981
970
863
1003
855
790
894
912
923
795
918
849
911
996
1035
878
791
1008
1126
1084
856
874
822
845
879
776
803
873
903
809
904
871
917
909
881
865
1153
972
703
726
853
827
959
918
787
922
904
939
887
815
902
920
971
717
817
915
962
828
949
912
969
971
902
788
798
845
819
948
805
975
972
934
894
979
923
942
945
902
808
828
840
921
922
875
908
906
936
826
990
944
948
893
927
902
911
879
910
939
850
920
944
876
920
919
672
816
685
967
952
866
917
1003
933
967
910
935
930
846
951
891
757
961
924
951
867
803
828
944
888
914
975
833
958
906
922
1005
825
856
771
980
968
899
993
1012
791
940
1049
946
888
926
1019
934
1019
802
929
999
850
946
974
925
779
804
947
875
841
983
804
881
930
843
963
963
903
876
897
938
912
959
899
831
900
1008
695
788
833
826
890
1009
903
812
921
832
912
845
848
951
871
934
970
769
939
827
942
839
810
928
919
922
998
969
817
826
884
972
636
668
789
891
933
797
949
881
924
823
956
981
826
815
935
921
818
858
1078
682
810
811
959
914
972
782
765
777
826
1311
1942
2120
2112
1843
1780
938
1206
1345
1307
1281
1592
1316
1224
1377
1376
1536
905
1129
2134
2252
1798
2199
2171
1922
1045
1869
1890
2179
1908
2085
2016
1653
2238
2054
936
1162
1499
1465
1433
1230
996
1152
1287
1042
773
916
956
833
867
778
802
919
953
987
935
956
945
801
957
1180
2058
2031
2576
2302
2253
2358
2101
2188
2106
1905
1800
1865
1932
1159
1953
1231
1671
1549
1601
1339
1253
1409
1086
793
899
902
843
948
928
934
897
821
920
804
951
878
800
1018
752
895
875
895
964
918
845
941
991
868
968
879
926
963
831
953
857
928
834
903
914
925
815
951
1003
1205
1417
924
914
1200
1388
899
892
922
930
930
970
849
797
789
972
945
940
804
990
877
879
924
940
925
1052
923
1104
801
866
676
672
926
761
1299
1249
1482
1864
1925
1182
1059
767
986
1059
1059
1096
916
956
891
817
754
921
926
908
789
924
716
628
901
833
897
798
829
891
950
930
931
979
858
788
811
875
740
887
965
781
811
1041
950
675
811
1053
1904
2349
2126
2342
2249
2390
2225
1919
2328
1975
2443
3527
1908
1390
1389
1583
1431
1087
2457
1916
1673
1068
1102
1037
1805
2033
1909
1317
2101
1946
1976
1990
1952
1895
1668
1169
1423
1340
1349
1283
1372
1146
900
1067
1033
1416
1434
1204
953
953
948
917
965
925
876
934
792
804
995
851
824
942
986
839
958
817
854
962
840
973
978
1006
968
925
843
1361
1542
808
955
865
862
894
923
904
912
903
939
927
808
1037
833
905
934
991
921
904
1283
1779
2023
2314
2020
891
951
725
678
799
843
860
998
932
737
780
776
935
989
959
847
950
994
823
1007
848
822
1020
1384
832
695
1114
1310
1380
1398
1516
1358
1059
1252
1165
878
681
2102
1897
1830
1856
2094
2367
1314
1806
1255
1804
2171
1997
1764
1942
1379
1490
1510
1475
1298
1153
965
1145
1173
876
916
796
925
885
1090
845
850
874
796
808
980
899
898
956
887
857
909
960
791
930
883
788
896
935
987
952
777
810
932
941
967
964
909
952
839
880
940
810
786
856
898
987
929
813
916
820
868
862
967
909
934
1615
1847
974
894
935
796
921
917
1018
914
981
896
926
961
1274
2852
1276
1032
1297
1713
1510
1351
1576
1642
653
745
894
979
847
937
940
883
973
900
882
786
937
923
888
1373
1615
1538
970
