1616
1048
2157
2023
1723
1321
1168
1122
1210
957
1155
847
1610
2527
2238
1876
1319
1367
1144
1133
890
883
853
1031
1003
988
975
918
927
962
922
1065
1037
1480
1603
1093
1035
1074
1074
910
992
1090
1088
1085
1066
888
1041
900
886
1078
2043
1494
1038
937
1118
945
1019
1038
1036
1033
986
1171
1143
1168
1015
924
912
889
1072
1049
1035
1045
1023
993
1081
974
1209
1004
952
1109
1029
1069
1076
1028
1145
1099
1040
1094
1000
1063
1088
1038
964
1013
1071
1073
1038
1041
973
1078
1055
1008
1119
1155
1072
947
920
947
1063
1075
1038
1069
914
1048
1065
983
1094
993
965
1103
995
1115
1038
1065
1046
1088
1094
1099
920
896
984
1052
1117
1103
941
1072
1030
1068
1113
964
957
1167
1041
1153
1179
1228
1319
1084
1356
1218
1250
1385
1108
1071
935
1008
1025
883
971
952
1034
985
975
974
1449
1169
1048
856
1024
862
864
984
1031
1098
1019
893
867
948
1188
1192
1067
1006
1055
1060
901
1014
956
934
1066
978
1140
1078
1618
1056
1092
1062
1098
990
1135
1080
1024
992
1073
1098
1060
1049
1071
1094
1119
1076
1137
1082
1057
935
974
1092
1058
1106
1150
1093
1040
1054
1056
1127
1116
983
985
1061
1021
1107
1097
1095
1111
1029
1105
1182
1066
1052
1046
1111
1066
1056
1125
1137
900
1006
1131
1050
1131
1081
1145
1128
1179
1192
1143
941
1090
1173
1115
1068
978
1001
936
1065
1040
1117
1035
1116
1098
1106
1064
1078
1143
1075
1434
1750
1528
1549
962
1019
1016
945
1043
906
1054
993
1233
1166
1070
1046
1068
1070
925
1185
1139
932
1171
1068
1039
1200
1036
965
1132
1070
1060
970
938
1125
1052
1147
917
1121
940
1836
1719
1500
921
1068
918
1029
1086
980
1035
954
999
1163
1115
1118
1318
1385
1313
1464
1322
1129
1198
1187
1192
891
1080
927
965
1062
870
1110
1469
1212
1266
903
1024
882
1000
1016
1061
1066
1117
1135
1088
927
887
1254
1029
943
1082
1045
1036
1084
954
1134
1072
1102
1065
1050
981
972
1175
923
1079
931
1110
1061
1096
960
1085
913
1041
1099
1128
2084
1602
1509
1706
1002
1089
1529
1724
1744
1357
1066
1056
1204
1051
987
1126
1081
1079
1175
1050
1089
932
1026
1650
1897
1042
1904
2872
2758
2493
2168
1866
2653
2939
2915
2687
2598
1801
1405
1392
1200
1013
987
1030
1015
891
903
957
957
1268
1007
1035
1017
892
853
1045
1092
1001
970
1062
879
912
876
2037
2888
2494
2970
2907
2011
1587
1546
1284
1115
1032
974
922
875
986
1005
1052
1040
1176
1481
1235
1178
1541
1063
1436
1228
1077
1137
1066
883
861
978
971
1007
904
1167
1113
1128
973
1901
2089
1781
1589
1163
1111
1031
1050
1162
1194
1078
848
844
994
866
1074
930
970
1075
908
887
1041
898
1196
1212
1089
912
1121
1026
1071
1094
1074
1117
1094
1110
1094
1074
1051
1237
1077
1051
962
1103
1069
1055
1137
1023
1114
1070
1127
900
936
910
911
1090
1074
1114
1085
1053
900
1044
1085
1138
1058
900
1063
930
1271
1121
1047
1053
909
991
1046
1140
1095
897
1029
1056
1126
1086
920
1032
1033
1080
1055
897
1053
894
1067
971
1112
932
991
1087
1501
988
1003
906
1109
1041
1028
918
1015
1086
900
1163
976
1452
1354
1404
1021
937
997
920
1061
1012
1074
916
1020
1108
1069
1073
1290
1640
1128
1027
1100
1033
941
1107
939
966
1116
1112
1022
900
1107
1217
1052
936
921
1186
1048
1065
990
972
1036
1083
911
940
1096
1244
1848
1232
1239
1780
1229
1647
1777
1063
988
1089
1367
1105
1197
983
932
1006
855
963
889
1028
877
1010
1125
1065
2513
1145
1175
1333
1179
1276
1148
990
997
957
928
970
1001
1489
1027
859
878
894
1019
1066
1079
945
1022
1046
1021
1021
1165
1092
912
918
872
967
1178
893
965
1071
1090
1053
1142
1078
1067
1053
1062
1292
1003
961
923
1019
1178
1093
1070
1053
1081
1050
1160
1092
1154
1167
923
1037
1089
1066
1037
982
961
1022
1098
1044
1015
911
1143
1139
1134
909
972
1046
1097
1181
1018
967
954
1093
1110
1278
1033
916
979
927
1063
1021
1096
1127
955
970
1066
1149
952
1126
1086
1094
968
962
980
1029
1049
1072
1058
1050
1100
918
1074
1159
1084
1026
892
914
1023
1007
1051
1012
1109
1133
1005
1002
918
1032
901
1044
1064
985
1125
1087
1061
1080
960
1060
961
933
1105
1927
1262
971
1021
1007
1067
992
923
906
978
1080
1013
917
1614
1403
1194
1097
1515
1060
1558
2040
1182
1226
1104
1141
1109
963
1109
1105
964
1145
1409
1303
1151
1107
1780
978
2100
2079
1976
1969
1916
1326
1036
896
1055
1008
1053
1031
1084
1038
1040
990
1078
1324
2026
1486
1384
1118
1040
1154
1499
1238
1245
1014
1649
1286
1235
1559
1679
1882
2004
1614
1748
1282
1226
1093
1344
1839
1879
1673
1200
1004
1203
1330
1556
1444
1504
1086
1343
1392
1544
1266
1142
1147
1038
1198
1268
1127
1079
1134
1008
1062
975
1071
1081
1360
1248
1133
1197
1436
1065
1098
1182
1099
1003
1013
1158
1199
1112
1212
1120
1169
1034
980
1039
1136
1125
965
1288
1129
1112
1157
972
1141
1122
1217
1066
1046
1175
1094
965
1181
1001
1155
1192
1182
1015
991
1077
1042
953
1083
1097
907
986
881
907
921
972
1013
1069
1001
1088
1028
1249
1211
1144
1196
1249
2346
1287
1308
1005
940
1695
1017
972
913
1021
1315
1297
885
958
1055
999
1010
1021
1003
1023
1000
1158
980
1347
1837
