2044
1723
1585
2282
2020
2120
1519
2166
2150
1543
1436
1421
1299
1106
1195
1249
1140
1113
1209
1282
1142
1865
1287
1213
1477
1558
1857
1190
1066
1151
1322
1237
1011
1273
1241
1345
1280
1207
1456
2712
2818
2872
2656
2549
2610
2750
2472
2736
2230
2415
2051
1937
1727
1308
1429
1528
1228
1341
1367
2361
2853
4582
2923
2895
2762
2803
3949
3937
3489
3153
2843
1756
1819
1265
2546
2906
2711
2169
2308
1648
1551
1353
1239
1342
1295
1278
1202
1081
1278
1647
997
1232
1210
1234
1268
1059
1288
1171
1158
1081
1276
1320
1014
882
1101
1214
1136
1162
1313
1284
1217
1295
1224
2269
1366
2213
2594
2722
2610
2670
3235
2488
3037
2342
2565
2813
2610
2485
2316
1981
1843
1594
1636
1203
1353
1308
1328
1275
1216
1166
1111
1234
1040
865
911
1247
1233
1221
1270
1370
1244
1240
1230
1237
1273
2239
2705
2984
2925
2411
4167
3596
2350
2796
3022
2777
2758
2954
2591
3021
3959
4461
4243
4377
3403
4600
2596
2853
3022
2795
1829
2274
2366
2719
2929
2588
4787
3413
2983
2761
2935
2253
2193
2131
1886
1929
1431
1424
1583
1380
1271
1281
1206
1060
1265
1242
1195
1095
1345
1172
1186
1150
1050
1238
1052
1204
1189
1261
1082
1313
1244
2191
1416
1232
1295
1294
1223
1222
1313
1249
1296
1121
1108
1238
1043
1099
1182
1378
1375
1302
1321
1218
1273
1719
2530
2213
1190
2974
2831
2215
2239
2782
2700
2745
2672
1977
1874
1875
1944
1627
1580
1324
1456
1309
1053
1235
1130
1224
1235
1224
1200
1225
1269
1328
1196
1319
1252
1922
3703
1685
3590
3128
1757
1227
1102
2734
1646
1145
2014
1903
1876
1990
2014
1454
1597
1421
1027
1082
1389
1255
1311
1242
1175
1188
1109
1171
1326
953
1071
1064
1077
1037
1285
1306
1081
1049
1150
1292
1260
1034
1013
1079
1213
1078
1193
1268
1268
1249
1086
1053
1256
1156
1135
1255
1240
1246
1168
1291
1070
1294
1308
1264
1245
1364
1939
2371
1223
1313
1155
1052
1251
1262
1513
1896
2691
2302
2651
2703
2768
2650
2483
2302
2243
1745
1951
1238
1281
1233
1504
1433
1349
1129
1125
1303
1047
1145
1252
1321
1169
1126
1226
1243
1097
1068
1323
1201
1351
1076
1060
1060
1109
1123
1182
1115
1197
1295
1242
1231
1215
1493
2590
2667
1197
1108
1232
1090
1382
1383
1177
1717
2293
2312
2380
1989
1700
4073
2745
3413
2673
2584
2381
2497
2151
3491
1497
1282
1241
2834
2337
2697
2838
2884
2556
2501
2832
2176
2113
2256
1775
1234
1276
1221
1193
1125
1251
1313
1080
1225
1261
1279
1220
1130
1230
1283
1096
1092
1286
1260
1191
1185
1205
1167
1352
1105
1280
1226
1216
1263
1087
1177
1230
1287
1230
1149
1167
1274
2146
3063
1870
1168
1064
1294
1426
2913
1996
1749
1894
1431
1721
1386
1175
1211
1211
1278
1253
1375
1202
1149
1236
1102
1228
1748
2806
2026
1163
1229
1283
1046
1814
1646
1857
2725
2864
2710
2960
3689
4468
3593
1596
2649
2397
2191
1984
2477
2369
2055
2483
2527
2808
1997
1172
1808
2830
2427
2670
2762
2561
2808
3563
3660
3618
3281
2933
2517
2629
2385
1746
1759
1641
1438
1418
1389
1231
1234
1059
1320
1985
3037
2414
3107
2949
2272
2433
2869
2454
2825
2590
3193
2722
2495
2894
2630
3060
2827
2577
2712
2675
3193
2609
2515
2915
2923
3054
2742
2849
2910
2660
2438
1790
1909
2417
1565
2909
2472
2411
2742
2836
1413
1152
1620
1714
1558
1118
1152
1312
1139
1210
1785
1150
2800
2551
2447
2427
2721
2322
2847
2528
2577
2540
3049
2457
2696
2889
2602
2679
4070
3996
2395
2017
2091
1444
1081
1294
1088
1249
1289
1280
1135
1059
1240
1268
1148
1324
865
1319
1192
1309
1251
1264
1356
1202
1086
1289
1239
1749
1507
1409
942
1201
1088
1277
1200
1041
1051
1109
1043
1011
1062
1071
1148
1263
1089
1214
1273
1071
1123
1238
1307
1072
1174
969
1058
1271
1211
1264
1141
1198
1185
1218
1403
940
1149
1193
1296
1163
1122
1231
1206
1320
1059
1245
1905
998
1286
1930
1237
1304
1330
1307
1042
1054
1270
1569
2749
2976
2653
2841
3175
3948
3642
2048
2860
3880
2587
2427
3194
2595
2664
2835
2466
2629
2357
1980
1632
1482
1468
1442
1217
1242
1176
1303
1177
1197
1357
1171
1137
1145
1133
1089
1328
1225
1353
1411
1051
1640
2031
1064
1168
1059
1223
1158
1227
1229
1630
1779
1177
1091
1088
1188
1070
1224
1115
1200
1203
1179
1121
1465
1110
1202
1220
1217
1058
1047
1288
1219
1055
1192
1278
1092
1161
1193
1085
1224
1112
1226
1313
1347
1242
1087
1302
1319
1194
1129
1200
1112
1199
1171
1072
1306
1306
1086
1176
1095
1263
1083
1271
1187
1204
1303
1233
1296
1238
1057
1263
1214
1274
1238
1286
1197
1279
1302
1262
1329
1336
1113
1126
1184
1507
2444
2760
2815
2632
2853
2900
2829
2637
2486
2086
2875
3741
3743
3977
2938
3414
3637
3292
2505
2600
2950
3953
3175
2656
3090
2814
5060
2374
2395
1851
2322
2205
1287
1226
1443
1392
1360
1236
1276
1190
1257
1653
2154
1093
1228
1139
1118
1254
1262
1217
1279
1229
1385
1216
1259
1314
1208
1237
1083
1213
1070
1116
1264
1225
1285
1023
1162
1234
1252
1225
1232
1076
1044
1280
1144
1281
1408
1132
1272
1317
1126
1071
1211
1237
1231
1254
1322
1157
1165
1149
1292
1095
1218
1100
1268
1289
1238
1296
1282
2070
2018
1254
1077
1114
1272
1134
1067
1055
1221
1232
1249
1190
1296
1240
1250
1212
1198
1193
1205
1094
1156
1088
2336
2980
2798
2368
2337
2059
929
1160
1782
4303
1091
2836
1399
1356
1241
1734
2084
2082
1692
1097
2525
2181
2463
2298
1713
2196
999
1127
1367
1278
1223
1320
1356
1382
1312
1288
1228
2690
2725
1411
