790
1346
1371
1393
929
1211
1452
1149
1425
1161
1165
1160
1127
1219
1073
958
977
1008
1033
879
795
795
765
769
739
848
668
616
521
520
592
577
649
582
600
579
609
521
566
700
695
566
523
512
597
632
580
543
597
593
629
640
517
592
527
538
635
603
637
545
590
520
716
526
596
630
606
585
536
668
627
538
577
589
627
642
541
595
592
603
546
592
568
547
592
518
652
626
763
572
693
758
555
1403
565
451
412
552
662
632
1460
1826
945
791
863
1524
1308
1355
1670
1292
515
571
529
464
593
1405
1214
1238
1391
690
1021
1046
1078
1303
655
478
565
521
488
513
472
485
495
525
1118
933
454
1227
623
954
1002
1041
1133
731
494
616
670
687
726
689
703
682
745
640
674
670
583
511
561
646
671
649
655
609
648
560
515
546
546
555
575
504
536
558
578
506
537
547
531
551
592
579
617
568
566
563
601
600
558
1832
1904
1444
445
925
1397
1349
1342
1325
1377
1694
2281
2319
1306
1342
1242
1346
1375
1229
1315
1198
554
444
1127
1203
1160
1137
1173
953
890
918
795
853
984
848
1416
438
1301
624
559
556
433
443
578
587
599
527
528
593
576
552
609
586
591
580
503
637
565
655
631
510
624
598
613
556
595
611
537
617
548
559
563
519
570
624
519
616
708
991
917
1037
515
624
617
528
623
507
640
568
516
629
627
568
630
523
618
615
656
649
859
490
887
1326
1221
1301
1442
475
1189
1376
1353
1322
1392
404
808
1235
1325
1282
1140
1110
926
937
1029
1061
822
848
1046
532
927
1198
1145
1001
1525
904
1663
1451
1024
502
608
824
735
954
1344
1336
1284
1318
1284
2050
1002
1190
1187
1420
1195
1394
1494
1336
1302
1215
491
473
990
1370
1278
1167
1230
1238
1156
1235
1247
1270
1633
1254
1165
1363
1402
1361
1299
1324
1196
1233
1301
1338
1954
1009
1018
920
1058
1058
843
794
844
782
806
786
850
673
1068
895
752
611
539
619
573
571
578
597
595
572
576
556
522
572
601
514
512
614
598
666
537
530
533
568
559
571
542
612
572
602
534
516
519
614
570
513
519
571
579
543
529
576
591
583
635
433
590
515
626
622
562
616
550
611
541
652
508
526
594
609
655
658
604
519
560
615
562
538
621
524
422
430
551
548
550
628
480
530
597
581
553
607
520
551
603
514
513
570
507
611
647
570
763
738
529
605
587
582
625
562
619
518
596
618
588
601
521
544
562
581
623
613
631
612
510
634
1278
1134
1157
984
1239
423
807
1068
1302
1345
748
897
1397
1188
950
1148
742
1262
1320
557
1307
1338
1037
781
1376
1469
771
598
906
872
1696
1463
1001
812
1745
656
585
1200
1278
1205
1288
1267
1091
2180
1517
1383
746
1084
1053
1181
1019
845
953
869
953
992
905
820
697
760
727
596
429
498
652
641
520
601
655
605
585
591
562
552
539
620
552
566
640
549
655
549
593
559
497
489
577
501
578
513
547
537
594
603
561
606
588
600
533
587
527
619
580
596
607
525
591
707
600
516
554
552
1222
1394
1227
1166
1171
1329
1203
459
431
1018
1109
1484
954
728
883
948
895
883
956
825
750
785
715
789
775
681
618
521
950
986
800
608
580
594
591
569
513
511
595
514
580
607
592
536
619
512
597
557
629
614
581
499
433
586
598
524
593
655
632
635
435
552
593
643
634
591
583
595
658
527
552
538
612
514
871
517
1328
1396
1352
1294
1348
1174
1285
1389
1153
1445
1525
1414
1162
1342
1355
1371
1405
1197
1183
1432
1486
1439
1370
1391
1151
1153
1344
1176
1041
985
966
1521
617
483
436
600
727
612
683
663
628
642
571
529
632
572
542
508
594
593
559
596
538
596
607
408
466
595
609
616
513
584
647
606
589
611
612
602
608
604
590
585
593
645
603
592
592
1189
955
845
822
877
740
869
719
592
1063
633
759
617
540
574
457
407
458
615
621
629
590
536
601
619
579
582
614
510
576
629
611
697
696
1357
1904
1872
1343
1383
1170
1408
1291
1455
1518
2200
2195
1330
1250
1267
1365
1172
1360
1452
1503
1375
1360
1429
1291
1365
1152
1356
1444
1318
1512
1340
1165
1314
1376
1209
1388
1245
1298
1352
1278
1466
1322
1294
1341
1364
1161
1219
1293
1340
1411
1437
569
490
492
525
399
499
689
596
658
662
591
575
626
630
586
519
530
576
603
566
749
796
522
1057
993
1242
1302
808
509
613
683
952
748
459
838
653
480
523
673
808
722
462
576
557
512
602
619
510
554
615
534
580
572
584
505
524
665
598
509
577
593
549
601
398
524
527
579
597
623
579
599
525
528
550
544
518
607
620
538
596
492
577
545
593
573
606
527
440
516
411
425
1231
1145
1270
1364
1259
1267
1331
1236
1299
1351
408
837
1471
1337
1221
1371
1244
1188
1201
1183
987
1210
969
380
560
668
646
630
599
623
663
601
559
526
614
520
526
539
575
625
580
538
577
590
721
527
469
801
797
887
912
1500
697
733
908
1035
1738
