807
899
826
926
2275
1828
2619
1284
766
1141
1466
2019
678
1410
1356
1028
1270
1262
1218
1257
1033
830
869
1003
931
844
981
905
969
807
1073
988
1031
922
930
967
1058
1026
1088
765
722
859
972
973
958
795
997
941
879
986
1033
931
950
1112
1013
1341
2198
2310
2208
2146
1867
3594
2193
1571
1841
796
781
1225
675
1163
1130
1208
1128
928
739
837
934
885
1220
779
805
733
894
816
1008
875
1042
822
952
1005
999
958
979
862
832
1953
732
717
840
964
1114
2254
1794
1002
865
1444
1745
918
737
659
936
1041
871
960
910
988
871
1030
979
978
967
870
1329
870
752
603
2042
2241
2370
1830
2046
2426
630
2068
1872
1891
2012
2048
1997
2283
1593
2092
2038
2202
2137
1865
1825
927
1353
1398
1593
1361
1402
1238
1240
1282
1014
989
1057
1007
962
959
954
887
1023
1030
974
970
1042
1048
940
1050
953
1003
816
776
997
876
974
849
887
976
904
899
985
885
977
856
903
1379
1362
2127
2545
1297
695
2345
1689
2024
1155
3275
3203
2708
3099
2976
1209
1580
1081
906
737
1867
1560
1909
886
795
941
887
882
785
1599
769
841
931
909
1054
1196
1216
1182
1000
970
810
1013
1037
1175
1319
940
797
831
722
915
1005
1027
1364
988
867
848
978
1123
1455
1024
2280
2143
2231
2203
2175
2655
3299
1971
1650
1567
1451
1398
1460
1550
1031
886
1021
926
891
856
839
965
844
939
924
970
914
1488
2106
1027
1077
857
827
987
986
1213
1379
1314
1136
1614
2075
2304
2486
1948
2016
2530
1952
1241
1613
2133
2331
2125
2319
2414
1603
2519
2173
2420
2136
2055
2031
732
876
2516
1936
1981
1909
2156
2309
1997
2199
1782
2311
2260
2270
1811
1832
1939
727
1140
1131
1361
1088
1202
978
961
903
931
967
1414
1105
1085
724
935
802
850
981
986
863
792
754
929
896
907
729
1363
842
678
923
795
802
980
834
883
849
1042
1021
825
826
945
943
987
882
982
797
834
939
931
996
1034
968
898
825
963
993
1020
935
980
982
903
983
755
1478
1986
2277
894
2003
2363
2361
780
1632
1660
1854
1060
1448
729
1055
803
937
1202
972
861
1309
1314
1434
1346
1107
1125
1024
889
805
833
1036
1162
909
1068
1297
949
871
899
948
827
931
962
1012
890
994
946
982
875
1128
877
744
1626
2597
1108
786
1153
949
838
943
759
1028
1262
1136
927
928
1159
847
1152
925
842
896
1000
970
840
995
1013
989
761
1084
957
1039
901
1118
763
793
821
1149
1205
988
950
892
898
909
832
994
870
805
955
981
852
977
1024
982
1020
934
945
1030
922
860
911
821
983
962
983
1050
977
972
917
930
959
969
1156
776
859
1027
1036
979
946
971
902
953
935
977
847
927
853
901
872
724
821
942
1258
882
867
861
906
782
1007
1102
1405
699
1039
960
1053
1083
1207
1159
809
844
873
925
800
1020
929
879
766
863
878
905
869
852
882
704
1057
807
919
870
999
1000
863
865
1028
960
982
856
827
962
840
893
1366
769
1335
2338
2015
2144
2177
2337
1348
820
624
628
1188
1114
971
1041
826
994
1121
1004
784
983
803
849
722
798
812
967
986
949
1004
1005
914
882
835
1024
977
956
958
891
1121
727
708
717
768
947
986
861
868
852
798
825
828
949
861
983
931
853
917
893
936
962
823
979
941
943
1027
1050
995
991
1078
951
856
983
769
890
1055
976
971
1006
999
830
947
968
823
929
935
811
856
798
1041
1021
833
972
931
969
915
1001
884
908
905
840
1113
955
930
935
935
966
948
904
833
942
839
965
952
965
837
942
947
1062
868
848
860
862
1039
940
929
972
877
1101
1235
1297
801
1525
1821
867
888
894
973
884
846
1081
1361
2457
893
1115
803
1027
1255
824
1081
1418
1390
1162
735
951
1044
1056
1000
988
999
982
917
1002
1771
1149
852
940
967
857
955
956
949
949
1006
958
974
1006
985
769
835
856
846
1800
798
922
814
782
942
777
848
1199
1169
1031
978
764
739
908
1012
984
896
883
1004
978
1133
1511
963
899
897
874
818
880
861
948
1045
977
854
1006
984
881
924
1004
882
819
914
1203
830
736
835
995
894
821
1231
899
852
692
1038
1038
943
991
1098
898
1174
871
942
968
971
970
859
1002
978
947
980
989
971
1135
702
891
1026
2201
1915
1993
2250
1876
1068
891
1673
1964
2036
1579
1296
1648
1610
1271
815
936
1058
935
1005
1005
893
916
962
936
948
876
866
897
981
701
823
841
800
911
933
956
827
950
953
918
851
958
848
1200
825
690
787
924
904
942
906
966
931
975
969
967
912
991
1001
1568
1384
2230
2154
1893
2196
2342
1809
1099
997
879
1052
1435
979
904
695
1447
1742
1734
1628
1550
1634
790
2198
1649
1382
1033
1508
1188
1752
1061
1213
1193
1105
2275
1912
791
1017
1881
2184
2258
2150
2352
2459
2322
2097
2011
2322
2175
1844
2182
2073
2369
2336
2191
1941
2214
2283
1908
2048
2004
2194
2224
1957
2231
2340
2218
2258
1937
2265
2389
2198
1837
1620
1746
1453
1341
1285
1201
1295
909
836
969
944
950
908
819
1016
834
987
1002
1010
1392
951
1377
1423
903
792
813
989
825
