844
1260
1102
1298
832
1043
1054
714
1216
621
1352
1200
1025
1345
677
459
560
1184
1170
1180
432
1022
1057
1039
1153
897
985
1082
1137
1056
1070
1178
1221
1200
1222
1266
1732
2119
1745
1284
1159
1052
821
690
618
1057
1336
790
1074
592
443
729
442
617
460
673
606
658
998
1910
1273
1184
2019
1780
1399
870
1271
1250
2743
819
632
1394
661
621
712
736
695
368
476
567
578
473
598
865
500
737
511
674
797
403
460
395
620
843
1306
443
519
473
454
548
477
444
503
545
389
1055
480
498
430
647
695
1158
771
500
564
506
643
423
478
456
1029
572
466
485
454
457
448
413
426
479
499
539
475
460
417
449
423
528
713
571
481
498
531
569
536
532
962
726
537
453
470
464
441
491
507
492
409
544
550
467
487
375
729
575
654
754
797
692
586
662
729
642
519
740
530
451
387
421
521
649
649
611
615
551
603
516
539
472
550
777
1221
763
463
732
964
1383
1256
847
919
844
827
454
852
678
1257
797
451
447
746
1163
661
420
1181
1220
1142
1254
1253
1022
874
1153
1025
1066
482
1055
1268
1120
894
1111
1137
601
1119
1102
1051
1062
931
1030
1324
666
638
468
526
841
818
841
868
813
985
889
898
814
860
801
802
868
770
754
711
774
783
1399
1068
782
721
492
405
594
622
561
595
595
529
692
1493
1139
1107
1745
1823
1222
2130
1945
1339
1238
1361
753
1088
1248
1078
1605
2182
1143
1038
1013
1148
1092
1024
1089
1238
1212
1112
1225
2122
1875
1797
1796
1221
1724
2067
2211
2085
1640
1038
1224
1208
1508
1338
875
1179
1083
1251
1132
1140
1150
1182
1079
1088
1381
1056
1102
1169
1083
1206
1202
1163
1007
1141
1041
1274
1071
1198
1188
1166
1199
1089
1184
1111
1117
1030
797
361
568
772
893
1091
1100
1091
1309
1253
1191
1195
1071
1272
1174
1233
1182
1260
1157
1033
1140
1196
1072
1243
1072
1124
1101
1171
1205
1206
1089
1121
1059
1031
881
977
978
1008
1003
731
653
633
760
827
827
747
605
479
517
506
488
455
481
462
503
565
495
493
505
517
475
457
473
784
732
686
428
503
531
442
450
451
430
451
481
526
525
597
735
728
734
750
740
449
421
522
455
512
484
513
493
467
585
482
403
530
446
464
518
575
541
482
608
805
671
707
428
495
570
526
762
707
715
803
779
641
545
429
561
729
549
426
468
627
525
411
482
454
445
416
460
460
472
505
456
427
419
513
504
523
520
487
445
499
1222
837
825
763
699
403
491
604
385
490
547
399
558
494
443
499
459
468
535
704
801
422
465
584
581
466
431
384
505
445
610
569
416
450
449
530
561
399
482
782
504
462
518
622
615
486
441
392
443
514
711
643
958
789
930
881
857
636
551
580
813
559
390
435
519
539
573
383
382
580
568
464
518
537
501
516
516
797
752
772
864
1546
749
552
730
1237
575
613
572
620
458
507
494
460
448
425
539
560
392
572
696
457
417
437
474
686
712
493
578
741
986
572
647
452
395
441
690
712
708
706
594
568
832
725
676
665
529
683
621
697
595
624
543
678
467
502
534
618
744
746
732
668
738
730
638
668
677
637
724
611
653
700
658
638
387
450
469
934
1031
1162
1072
1126
944
1101
1117
1064
1221
1054
874
736
816
795
755
781
800
717
728
797
748
812
832
804
807
820
711
847
717
834
740
764
639
764
709
757
736
717
719
773
748
706
749
753
770
789
713
753
782
758
756
727
948
931
1046
1210
1065
1102
1208
1140
1317
433
1106
996
964
1048
1069
1007
1092
1026
1115
1078
1155
1058
572
1023
1109
1094
1091
1095
1055
1114
1087
1077
1121
1018
807
790
817
809
742
772
641
522
586
632
598
445
478
550
476
457
490
534
488
526
462
531
475
525
551
608
423
430
514
458
533
479
475
506
475
505
501
518
534
497
528
558
459
562
534
609
505
453
511
477
481
500
523
455
464
516
524
468
456
464
525
535
520
506
513
511
514
482
510
511
502
559
533
493
457
538
485
502
507
520
532
548
417
1251
1126
633
1344
696
727
696
683
496
708
1112
522
750
491
464
531
565
514
539
501
515
972
1510
1032
699
732
767
721
801
815
846
756
759
726
780
685
709
774
694
739
761
784
802
778
827
730
774
639
704
654
614
1046
1092
1095
1094
1319
1123
792
369
491
500
527
494
489
499
752
663
401
420
468
515
436
512
503
509
443
538
510
554
491
447
493
498
465
492
492
516
531
481
506
524
506
542
446
547
729
1279
1366
584
496
629
772
757
462
467
463
558
423
543
603
479
390
517
415
700
735
991
905
943
605
652
670
705
661
696
595
699
691
651
597
703
699
872
534
465
865
793
729
816
655
511
438
535
505
481
398
461
484
528
526
481
509
478
534
443
553
533
515
464
552
661
673
650
698
583
701
684
444
445
510
742
455
548
440
676
639
709
691
809
431
622
607
