185
175
169
157
187
161
186
163
167
182
163
175
188
159
178
187
167
176
161
153
160
173
179
188
199
211
170
159
172
174
183
175
179
167
178
153
184
181
185
174
178
193
177
184
174
160
172
162
175
180
171
183
180
182
162
190
172
182
185
177
165
160
191
185
182
164
191
189
174
185
169
194
187
168
188
180
189
190
162
173
182
196
196
188
189
197
182
197
189
171
183
182
193
193
197
193
217
216
183
209
219
205
205
177
196
194
182
182
197
167
202
208
182
180
210
163
179
196
171
192
178
189
193
193
193
207
199
192
170
195
204
208
200
199
166
176
182
176
203
192
174
177
190
167
199
181
185
189
190
189
169
200
181
183
162
182
176
187
190
201
190
175
189
187
297
180
187
204
188
181
194
208
193
187
199
192
183
169
191
172
191
189
199
207
192
196
194
166
176
179
169
193
199
165
172
201
183
188
182
187
199
194
185
192
193
180
179
193
170
172
184
202
212
195
183
185
179
175
175
179
190
178
184
177
209
171
213
176
192
177
171
196
211
204
196
187
206
174
214
177
198
176
192
196
181
204
199
172
204
198
191
208
198
198
199
201
203
183
185
172
205
209
193
208
194
215
200
179
181
208
174
193
197
207
202
197
185
197
202
186
183
191
181
180
170
181
172
189
206
173
183
186
179
174
201
167
188
184
177
187
210
201
191
189
181
193
200
198
193
168
180
194
201
211
199
174
171
209
192
178
202
173
197
182
170
199
201
192
179
189
171
173
176
189
201
175
195
178
197
175
198
189
184
188
183
178
193
179
193
168
210
189
175
188
205
190
193
192
177
187
195
188
206
188
202
203
188
193
188
176
225
212
185
178
201
184
189
171
192
177
184
202
192
171
194
171
197
196
195
166
191
202
173
184
189
185
190
182
169
180
211
194
171
187
209
193
194
191
190
188
194
189
176
197
195
209
179
176
195
201
171
201
205
200
190
191
177
212
171
192
193
192
211
203
196
202
193
190
189
342
249
201
199
193
197
244
209
201
179
349
250
183
195
200
183
336
338
236
329
643
438
193
192
259
312
419
374
376
367
315
286
356
263
213
198
182
203
248
272
214
215
174
200
179
191
202
165
214
187
193
188
156
188
160
168
161
197
192
185
185
170
158
180
188
174
182
187
192
182
185
176
161
158
196
173
198
199
185
204
171
178
192
163
168
176
181
172
184
204
166
196
355
614
299
350
239
225
190
178
185
187
179
185
180
165
179
185
178
177
172
205
191
168
171
175
158
174
178
177
192
159
177
176
168
180
158
158
186
183
196
178
179
168
177
185
160
178
161
186
193
198
194
203
209
206
163
199
175
200
167
183
189
190
168
177
166
178
177
194
166
280
243
215
207
262
209
198
192
197
192
193
217
187
178
195
189
169
186
196
201
191
193
183
188
197
178
202
191
188
188
178
185
190
183
197
181
216
165
189
181
186
199
169
197
176
192
194
188
187
194
176
214
210
180
203
184
196
176
169
181
196
181
195
200
207
192
173
204
213
191
193
199
211
300
205
215
192
189
180
227
205
177
196
192
208
164
173
184
180
181
181
187
180
195
175
164
161
170
187
177
157
167
202
187
163
163
182
176
169
160
179
173
196
192
193
188
201
185
167
167
172
200
176
179
182
188
175
200
181
183
200
191
188
197
188
185
162
181
173
174
192
187
185
198
219
201
209
182
187
180
190
179
194
195
184
185
180
186
197
196
197
183
185
167
178
189
170
201
204
189
202
187
186
183
192
193
185
188
190
172
204
198
196
192
187
192
169
211
197
198
197
186
206
178
172
178
197
179
188
186
197
187
196
190
180
177
175
184
202
211
192
177
180
191
205
170
198
190
174
178
198
199
266
271
185
210
205
181
168
191
190
180
186
173
192
174
206
205
198
214
189
171
180
210
176
191
194
187
183
205
214
216
195
212
197
206
169
181
168
196
194
180
176
168
190
173
180
193
195
196
198
184
179
194
172
193
177
176
196
194
173
199
186
172
194
196
194
202
193
184
188
202
249
224
208
184
197
188
207
188
209
210
202
195
211
217
200
209
213
179
206
213
204
197
203
194
177
214
211
173
195
189
195
182
176
197
168
173
189
200
186
190
216
197
197
202
179
193
197
189
206
197
201
166
188
192
200
191
196
195
189
195
224
178
188
189
197
206
226
185
187
199
182
192
198
192
191
189
203
173
177
198
202
192
205
192
185
174
188
202
204
180
192
197
191
171
192
183
181
179
184
173
175
179
177
195
208
204
179
192
