3805
3789
2700
2043
1331
1147
1437
1114
1370
1402
1258
1133
1356
1575
1281
1166
1325
1298
1312
1366
1211
1216
1180
1126
1412
1047
1112
1260
1450
1673
1796
2908
2508
2469
1749
2919
2970
1623
2668
3111
2440
2223
2424
4997
2545
2567
2964
3086
2916
2702
2673
2963
2996
2771
2965
2224
2342
2153
1706
1895
1617
1374
1504
1387
1258
1209
1326
1287
1409
1341
1156
1171
1268
1344
1311
1270
1299
1329
1641
2206
1351
1200
1215
1296
1200
1306
1316
1313
1310
1633
1332
1330
1139
1368
1333
1235
1264
1222
1229
1254
1267
1216
1184
1324
1386
1177
1211
1217
1231
1313
1369
1366
1211
1280
1263
1210
1365
1217
1287
1289
1369
1300
1257
1407
1363
1389
1216
1319
1236
1446
1462
1161
1359
1376
1156
1381
1341
1125
1338
1426
1152
1222
1323
2199
1299
1378
1538
2153
1203
2169
2653
1250
2732
3064
3035
2488
1301
2722
3095
2969
3205
2163
2680
2934
2611
3091
2095
2086
2028
2115
1608
1370
1517
1464
1428
1330
1140
1167
1135
1390
1299
1208
1371
1197
1244
1346
2141
2798
2931
3078
2911
2457
2762
2930
2836
2760
2961
2945
3008
2641
3177
3170
2613
3063
3026
2887
2246
2262
2546
2387
1972
1948
1428
1593
1490
1420
1292
1342
1319
1430
1333
1266
1263
1316
1562
1425
1040
1315
1208
1313
1187
1115
1365
1321
1187
1081
1233
1924
2919
3117
3054
2306
4293
4259
3451
3614
2695
2677
1686
2810
1507
1797
1514
1655
1235
1386
1483
2379
1409
1427
2431
2970
3034
3058
2504
1407
3134
3012
2864
3611
2587
2368
2209
1916
1717
1531
1547
1579
1101
1236
1150
1337
1416
1316
1176
1329
1381
1304
1163
815
1302
943
1113
1296
1272
1213
1151
1318
1230
1117
1344
1048
1297
1170
1171
1316
1281
1312
1381
1197
1114
1438
1015
1253
1289
1087
1232
1120
1400
1320
1186
1300
1115
1892
2850
2953
2502
2771
3166
2668
2589
3005
3059
2536
3091
2534
2449
2421
3049
2938
3467
4383
4608
3821
4610
3008
1622
1470
2157
2295
1802
1826
1378
1621
1741
1214
2072
3128
1793
1799
3266
3021
2634
2963
3017
2011
2097
2402
1899
1765
1871
1573
1402
1317
1181
1166
1166
1138
1128
1398
1111
1119
1338
1473
1331
1050
1316
1268
1277
1203
1273
1287
1318
1177
1387
1368
1325
1390
1146
1145
2034
1453
1391
1390
1153
1292
1770
3068
1312
1304
1161
1299
1130
1386
1150
1296
1286
1222
1670
2053
2317
2843
2900
1637
1606
1818
1636
1631
1505
1490
1506
1268
1141
1122
1353
1369
1140
1368
1336
1269
1267
1425
1364
1112
1162
1351
1120
1202
1281
1297
1246
1261
1143
1432
1679
2419
3556
1561
1377
1685
2699
2640
1450
1319
1424
1536
1264
1391
1390
1205
1380
1700
2782
3512
1904
1628
1401
1546
1429
1197
1207
1267
1330
1270
1176
1153
1347
1038
1330
1294
1427
1249
1334
1417
1626
2843
3185
3772
3500
4911
5285
4952
3405
2612
1211
2030
1628
1341
1271
1172
1415
1076
1418
1239
1417
1381
1373
1434
1387
1342
1506
3109
2157
1469
1491
1580
1435
1176
1590
2022
1542
1428
1815
1662
1370
1238
1270
1308
1166
1018
1753
2139
2234
2274
2132
2246
3642
4072
2253
2752
2640
2952
1173
2077
2153
1262
3268
3721
2150
1336
2465
2020
1522
1684
1359
1468
1167
1352
1366
1291
1645
2289
2443
2697
2688
2646
2369
1554
1869
2017
1196
3971
5042
1166
1547
2319
1953
1852
1937
1578
2164
1298
1169
1238
983
1175
1263
1161
1325
1343
1388
1235
1401
1144
2401
2997
2959
2760
2184
2591
3026
2952
3032
2949
2088
2509
2253
2151
1953
1798
1411
933
1277
1062
1090
1292
1151
1357
1324
1331
1305
1443
1301
1158
1530
1413
1227
1174
1368
1304
1319
1368
1168
1375
920
1046
1375
1159
1095
1142
1385
1256
1323
1195
1494
4994
2842
3395
3111
2133
2756
2474
2866
4470
3943
2951
1175
1605
3139
2591
3089
2214
1483
1684
3163
3174
2551
3189
2747
2977
3029
3053
2804
1603
1159
3026
3747
3088
2983
2579
1072
2289
2732
3160
1347
1067
1670
1362
1447
1361
1411
1206
1416
1356
1230
1154
1341
1269
1241
944
974
1182
1235
1380
1191
1236
1172
1329
1264
1438
1306
1122
1133
1384
1345
1318
1221
1390
1264
1117
1133
1226
2623
3067
2856
2574
2618
2860
2576
2998
2934
2898
4063
3010
3079
3306
3623
3348
3428
2325
3741
2813
3910
3684
2716
2637
2922
2949
1591
2060
1893
1243
1358
1316
1433
1252
1374
1108
1364
1150
2984
4409
4571
3120
3125
2662
1855
2905
4002
3062
2857
2092
2308
1606
966
1435
1452
1413
1365
1403
1331
1186
1294
1987
3098
3166
2719
2576
3014
2744
3106
3175
3040
4543
3556
2269
2038
2185
1575
1497
1579
1648
1377
1347
1351
1313
1275
1384
1216
1158
1238
1241
1230
1184
1221
1133
1289
1149
1206
1613
1687
1654
1172
1444
1220
1179
1281
1330
1111
1245
1672
1325
1483
2793
1778
3155
2482
2989
2603
2632
1323
2525
1083
1388
1147
1071
3137
2047
1738
1962
1261
1437
2087
2675
1356
2419
2253
1515
3147
2742
3195
2926
1456
1552
2493
3217
3631
3406
3519
2799
2759
3213
4508
5519
4536
4569
5391
4420
3992
5022
3747
2072
3192
2690
3069
3374
2920
3299
1713
1401
1015
1193
1281
1305
1321
1309
1307
1019
3013
2530
2562
2956
2824
2996
2069
2128
1805
1415
1384
1383
3115
4234
2312
2481
2662
1532
1559
2345
3106
2090
2773
2923
2546
2982
1745
2978
3174
3034
2467
2415
2190
1768
1801
1773
1107
1174
1392
1287
1447
924
1209
1264
1321
1349
1310
1332
1234
1339
1289
1365
3226
3050
2952
2659
3007
3333
3107
2973
2497
3173
830
2367
2730
2628
2231
1991
1698
1242
1445
1399
1449
1404
1295
1285
1187
1358
1332
1059
1374
1337
1310
1373
1151
1304
1371
1335
2319
2997
2685
1280
