108
51
57
58
58
58
57
65
61
59
50
53
55
58
61
58
51
63
59
59
52
55
56
59
58
56
60
52
53
52
58
51
51
54
55
58
55
57
56
103
100
67
61
56
55
57
54
56
64
95
87
59
61
58
51
54
56
56
50
56
62
63
58
57
51
52
54
54
53
54
55
66
61
51
57
53
55
54
59
56
54
59
50
56
56
50
57
60
53
60
51
52
57
57
59
55
57
55
56
54
55
55
60
52
56
50
52
58
54
59
56
56
60
58
51
55
54
59
59
58
55
58
54
56
52
53
57
58
58
51
53
57
156
57
58
59
58
57
62
51
60
62
56
57
60
52
56
57
58
50
51
56
55
50
51
56
50
57
59
55
53
51
57
54
50
58
58
53
49
55
53
55
55
56
56
59
56
55
52
58
52
60
54
53
56
57
59
57
52
53
54
55
53
54
57
55
58
55
53
59
57
52
56
52
59
57
51
51
57
58
50
58
51
56
50
56
55
53
57
53
57
50
53
50
56
55
57
50
50
56
56
56
57
50
54
56
58
51
62
63
62
62
59
67
62
56
64
63
75
92
132
61
66
63
67
65
60
63
64
63
57
64
65
61
65
66
65
59
64
59
62
84
74
57
50
57
59
52
57
58
59
66
63
51
60
159
59
58
58
57
63
60
53
57
58
57
52
59
78
55
54
64
67
61
62
59
57
53
60
60
56
56
56
57
59
59
59
57
56
52
56
56
55
55
58
53
59
54
56
49
55
55
57
57
54
51
57
57
55
54
51
56
54
55
55
60
54
51
55
56
54
58
59
56
54
56
60
55
56
51
51
54
56
52
62
58
59
51
53
54
57
59
57
52
62
55
54
50
58
57
56
55
60
56
50
51
55
54
55
49
54
59
58
53
57
55
57
55
52
59
60
56
59
52
52
51
53
54
57
53
57
53
55
58
54
56
50
58
61
56
56
58
55
55
57
56
52
57
56
58
59
57
58
57
55
57
62
54
54
51
59
62
54
59
58
117
145
122
62
66
64
65
65
67
68
60
59
64
70
60
64
65
65
61
57
61
62
62
66
62
63
64
63
65
62
58
58
53
59
62
67
63
57
57
62
64
60
65
66
65
176
71
70
66
60
65
55
60
63
59
61
66
58
57
69
59
58
57
52
67
66
56
53
57
55
51
51
54
51
56
56
60
53
59
58
60
58
57
58
50
59
53
51
58
65
63
61
56
59
56
50
58
53
58
56
55
58
55
54
53
61
52
56
50
55
50
56
51
52
58
58
52
57
51
63
55
52
59
50
58
62
55
61
57
53
51
54
59
51
53
55
55
59
62
59
58
57
57
53
60
54
61
57
58
60
58
59
61
55
52
51
59
53
53
54
58
57
58
58
57
56
57
51
53
50
49
52
58
60
61
60
60
50
52
53
55
56
51
55
60
55
57
52
55
55
56
61
58
58
55
54
54
51
54
51
57
59
58
58
50
58
59
58
60
60
56
62
59
57
58
50
55
55
51
59
55
54
51
57
62
58
58
50
61
55
54
57
58
56
57
53
59
59
56
58
57
60
61
55
63
57
58
67
60
124
119
105
108
106
110
107
102
108
109
111
107
109
108
110
100
103
68
57
57
58
52
54
54
55
56
52
54
60
53
59
56
60
55
51
63
57
62
52
57
59
58
56
55
63
56
55
54
59
60
54
61
59
62
65
56
56
62
61
57
55
55
60
54
62
63
62
60
55
59
56
57
58
62
54
63
56
59
61
60
57
59
59
60
54
56
56
56
59
61
63
56
55
63
63
60
63
60
57
60
58
59
54
59
54
52
59
58
59
58
59
56
56
62
57
58
55
58
61
55
57
60
60
57
60
60
57
63
62
59
58
61
58
63
59
60
57
57
60
61
56
63
62
59
61
66
59
54
59
60
63
60
59
54
60
58
56
64
59
60
59
59
61
61
63
57
61
64
58
64
60
61
62
62
62
56
61
63
62
59
59
53
61
60
54
62
65
66
55
56
58
58
63
59
57
56
65
63
62
59
63
59
59
52
54
61
60
57
62
64
60
56
62
53
59
58
59
55
65
58
59
56
63
62
58
61
59
61
56
55
59
54
55
65
61
62
63
59
61
64
60
61
55
57
58
61
55
61
62
61
59
60
60
63
65
60
59
57
63
61
58
56
57
64
63
64
61
61
64
59
58
55
59
63
61
59
57
58
60
58
58
60
59
61
59
54
56
56
61
61
59
57
60
55
59
63
60
57
61
57
60
58
59
58
60
58
