1823
1548
1771
2363
3738
2342
4474
3370
3544
4911
5466
3695
2035
3861
3421
3154
4395
5340
3866
3476
2797
2393
2292
2320
1899
1882
1661
1254
1402
1675
1319
1385
1618
1613
1365
1577
2271
1576
1475
1421
1570
1527
1550
1615
1464
1456
1525
1323
1359
1441
1568
1634
1660
1595
1414
1521
1438
1551
1385
1605
1360
1354
1360
1635
1578
1559
1395
1385
1454
1570
1607
1587
1580
1982
1555
1462
1547
1372
1542
1490
1626
1382
1571
1250
1266
1480
2777
3133
3466
2912
1716
1547
1176
1660
1855
4353
1812
1528
1437
2209
2481
1536
1198
2080
1696
2016
1918
1791
1456
1508
1265
1449
1607
1089
1622
1397
1414
1340
1639
1568
1573
1270
1291
1350
1631
1505
1532
1314
1523
1612
2578
1660
1497
1570
1322
1550
1569
1328
1656
3583
2517
2154
2007
1971
1678
1715
1535
1812
2058
1558
1642
1558
1596
1551
2416
1678
1572
1574
1689
1626
1602
1758
1595
1408
1656
1350
1442
1446
1632
1570
1525
1703
2972
3189
3664
2853
3264
3457
3464
3635
3267
3115
3698
2914
3280
1793
1799
1945
1997
1515
1545
1556
1600
1658
1449
1186
1432
1821
3639
2354
2093
1527
1425
1651
1699
1569
1324
1585
1582
1682
1828
2045
1300
1657
1580
1314
1988
1227
1315
1295
1481
1518
1394
1505
1442
1319
1417
1380
1257
1590
1428
1421
1507
1540
1300
1520
1512
2824
2947
1694
1460
1507
1526
1595
1570
1189
3241
3415
3476
3513
2434
2535
2226
2239
2314
1748
1869
1472
1554
1549
1641
1638
1350
1585
1619
2458
1772
1688
1626
1666
1438
1304
1619
1561
1167
1371
1605
1394
1548
1421
1537
1521
1538
1626
3441
2935
2938
2802
2245
3154
3209
2998
2773
2829
2880
2853
3431
2500
2259
1387
1891
1625
2490
1531
2711
4325
2138
3706
3391
3330
3741
3813
3585
2581
3230
3554
4182
1825
2372
3130
3081
2556
2399
1954
1703
1826
1889
1550
1423
1396
1362
2823
5542
3406
2971
4938
4037
3529
3638
3140
3335
3239
2714
2863
2381
2329
1775
1802
1872
1589
1341
1208
1310
1341
1310
1513
1617
1615
1293
1597
1617
1180
1570
1485
1592
1445
1445
1404
1307
1543
1633
1374
1557
1529
1522
1560
2466
3402
3806
3560
3446
3522
4289
4974
1231
2243
3639
1615
1921
1892
1857
1930
1109
1569
1343
1573
1385
1539
1536
1296
1620
2054
1815
1548
1662
1293
1421
1499
1590
1829
1792
1702
1801
1615
2129
2367
2041
1561
1663
1622
1310
1376
1415
1638
1701
1615
1576
1616
1435
1500
1554
1413
1139
1365
1302
1545
1798
1431
1480
1639
1384
1596
1630
1695
1489
1745
1362
1283
3538
2145
3445
3479
3978
4099
3749
3220
3064
3499
3633
3660
2218
3064
2215
3378
3904
2940
3597
3492
3141
2600
2240
2472
2027
2016
1701
1493
1760
1627
2246
4453
2357
1725
1539
1522
1512
1524
1679
1620
1571
2619
2460
1844
1589
1307
1573
1437
1782
1981
4118
1931
1901
2129
1672
2010
1603
1256
1424
1512
1516
1655
1574
1297
1410
1414
1410
1529
1531
1578
1519
1340
1641
1672
1879
2307
1813
1609
1522
1367
1307
1668
1623
3394
3450
3616
3464
2243
3511
3259
3551
3328
1280
1673
1860
1906
1937
1731
1512
1491
1250
1332
1609
1688
1565
1519
1434
1367
1292
1509
1492
1503
1414
1306
1553
1616
1326
1630
1496
1545
1370
1247
1539
1342
1668
1548
1522
1785
1508
1432
1563
1349
1539
1634
1634
1546
1297
1419
1535
1359
1444
1771
2047
1936
1909
2742
1737
2032
1265
1350
1582
1521
1563
1399
1296
1373
1582
1599
1330
1568
1556
1456
1762
1152
1617
1559
1445
1514
1516
1510
1519
1434
1652
1656
1554
1511
1526
1554
1292
1487
1542
1624
2327
1926
1556
1610
1394
1595
1635
1417
1359
1308
1281
1614
1519
1359
1418
1480
1633
1492
1582
1493
1394
1287
1522
1474
1385
1307
1601
1538
1477
1264
1528
3343
3289
3468
2845
2727
2595
2192
2495
2253
1837
1771
1924
1359
1418
1652
1558
1574
1508
1609
1663
1369
1592
1631
1616
1520
1419
1717
1500
1409
1503
1542
1543
1357
1564
1552
1418
1591
1440
1541
1366
1357
1557
1532
1354
1419
1687
1470
1509
1170
1392
1383
1496
1920
1335
1380
1827
2839
3050
2845
2997
1250
1664
1868
2026
1999
2107
1747
1837
1198
1652
3085
3611
3519
2891
2257
2534
2317
1962
2238
1827
1555
1626
1509
1383
1379
1621
1588
1561
1418
1559
1514
1583
1617
1514
1488
1596
1553
1578
1539
1049
1258
1216
1545
1406
1609
1475
1433
1522
1662
1654
1328
1385
1657
1689
1285
1659
1570
1613
1881
2228
1516
1343
1324
1541
1589
1553
1616
1553
1619
1304
1319
1498
1539
1572
1535
1418
5533
6410
3557
2499
2548
3515
2541
1980
1988
2042
3492
3413
3182
3586
2275
2995
1583
1875
2729
1721
1866
1659
1473
2260
2385
1435
3329
3533
3568
3949
2089
3557
3140
3243
3535
3563
3630
2898
2779
3672
2101
1894
1639
1620
1368
1660
1540
1319
1188
1532
1535
1405
1492
1361
1557
1559
1551
1470
1369
1319
1649
1595
1565
1519
1467
1678
1298
1481
1454
1510
1568
1652
1525
1474
1616
1552
1102
1572
1559
1644
1310
1570
2438
3539
1611
2918
3451
2991
4289
5173
2949
3270
2466
3006
3634
3486
3625
2944
3526
2806
3673
3405
4681
1646
4847
1641
3427
3235
4080
1951
3461
3403
3681
2284
3516
3635
3166
2522
2062
2195
2326
2030
1678
1897
1648
1404
1636
1642
1475
1667
1374
1389
1352
1544
1661
2749
3350
3836
3324
2340
1060
3328
3463
3229
3356
3685
3197
3469
3383
1681
3768
3545
3510
3214
3431
3668
3033
3644
3282
3468
2791
2510
2342
1506
1326
1368
1543
1369
1443
1514
1302
1330
1596
1064
1526
1505
1656
1745
1502
1504
1292
1453
1621
1553
1825
2309
2574
3067
2630
2211
1959
1552
1573
1377
3316
2143
2411
2643
2445
2411
2209
1698
1365
