83
79
66
70
68
66
62
65
66
72
63
60
60
65
68
67
70
59
71
70
68
66
67
63
70
70
69
69
73
61
71
64
69
71
66
69
68
69
66
74
65
67
74
72
68
66
72
68
66
70
70
67
68
73
70
66
67
70
73
70
72
70
66
71
71
67
63
69
63
69
73
68
73
70
67
75
71
73
74
77
66
76
72
72
67
72
141
144
139
150
136
128
138
153
157
139
156
124
142
128
117
88
77
81
63
83
69
62
71
66
71
74
66
66
74
68
68
73
73
72
69
69
70
69
76
69
72
64
70
66
76
69
64
68
73
69
64
63
72
65
74
69
68
72
70
69
70
64
80
75
69
72
71
70
72
74
69
75
74
67
69
71
75
66
65
73
69
70
74
75
64
71
73
72
71
71
71
64
73
73
67
64
73
65
67
76
68
70
71
70
68
76
70
70
76
68
69
67
65
76
64
65
72
75
76
72
69
65
66
66
70
68
65
73
70
70
72
72
71
69
73
77
68
65
72
74
77
67
74
64
76
63
75
73
72
72
68
66
71
74
67
73
66
71
129
141
134
125
133
149
164
142
141
133
141
137
134
157
153
155
92
67
77
77
75
72
77
71
76
72
73
69
72
72
72
69
76
74
75
74
69
73
72
71
69
76
72
67
73
69
76
73
71
73
78
74
86
72
72
71
68
74
76
73
76
73
69
77
72
73
72
75
76
77
71
70
68
73
74
79
74
77
65
72
75
67
73
70
65
71
70
76
70
70
68
67
69
65
64
72
74
66
72
75
71
76
78
74
73
77
78
75
67
72
74
67
75
74
76
70
78
75
74
76
72
72
74
76
73
66
73
74
70
66
74
71
71
69
74
71
71
72
70
72
67
76
81
71
71
73
77
103
74
69
75
73
75
79
72
69
73
74
72
76
75
73
75
74
68
73
71
78
69
80
70
76
77
75
74
65
72
71
80
69
73
65
73
66
69
76
79
71
70
76
73
75
65
76
67
74
67
77
74
68
75
70
78
77
74
72
66
71
72
72
64
73
68
77
77
82
67
78
77
69
68
74
67
74
78
69
80
73
66
77
66
72
72
80
77
77
69
68
74
71
76
76
77
67
75
67
71
65
75
72
73
72
79
72
70
72
74
78
71
72
70
70
79
76
79
72
77
75
73
65
75
64
69
71
72
70
74
66
77
67
68
73
73
75
72
68
70
72
74
73
66
71
74
75
67
71
75
66
70
75
76
75
68
73
75
81
72
67
76
71
75
75
71
71
74
73
65
75
65
65
75
74
65
75
68
71
76
75
73
75
70
66
76
75
74
77
73
77
69
70
70
69
72
75
68
69
65
69
64
66
76
72
79
72
75
70
71
72
73
65
78
74
78
76
78
67
72
72
75
76
70
75
70
74
75
71
65
68
77
76
70
76
77
67
71
67
73
77
65
70
76
74
78
68
71
73
66
72
79
72
69
68
73
70
66
72
76
77
74
74
74
66
69
70
73
67
77
76
70
71
72
75
72
79
81
75
76
78
75
78
73
70
72
68
76
76
73
76
66
73
77
73
73
73
76
72
66
75
66
67
66
66
75
66
67
71
77
70
74
77
76
70
72
78
74
74
68
75
68
73
74
78
68
70
78
75
75
71
79
77
71
74
76
72
75
76
76
72
72
80
76
73
73
74
75
78
72
78
77
76
73
72
79
72
73
68
75
81
74
77
66
75
71
76
76
67
79
80
74
66
69
80
258
132
79
77
80
75
69
74
194
197
176
148
72
72
67
70
68
69
74
74
67
72
78
67
76
75
65
64
61
62
71
67
66
71
66
69
68
67
61
62
69
61
63
76
79
68
68
73
68
67
62
63
61
70
78
82
71
69
70
64
66
72
63
66
70
63
69
61
67
69
69
61
70
71
62
59
60
70
64
69
67
67
67
67
62
59
69
66
60
68
70
70
72
67
73
72
62
70
64
63
70
74
69
67
72
62
71
72
68
62
64
66
69
66
66
66
70
69
72
72
64
71
73
68
67
71
76
72
69
70
72
66
73
63
72
70
73
62
65
65
72
65
68
63
75
66
67
71
67
73
72
72
69
70
67
71
71
73
70
63
64
73
124
88
70
76
79
73
74
71
74
71
71
76
67
67
63
72
70
67
78
69
75
71
70
68
73
73
71
75
70
78
72
70
76
68
72
71
72
68
72
71
66
77
65
69
73
67
74
66
67
67
70
77
70
77
73
65
65
70
71
71
71
70
73
71
71
70
67
72
70
71
66
72
