1064
562
496
629
679
949
708
632
799
855
801
412
453
557
544
760
967
676
845
953
880
451
542
509
606
536
1053
788
559
859
875
557
576
477
508
541
558
597
485
515
553
586
520
487
511
558
712
591
496
545
593
559
554
571
566
543
494
501
561
703
1103
703
563
538
518
498
597
541
566
693
1109
787
1072
634
594
593
627
504
550
589
553
645
944
930
961
951
1069
738
374
410
427
581
533
559
545
549
556
556
515
519
588
565
527
603
486
509
369
1074
1272
1146
1225
767
1412
946
913
1022
1321
1220
1290
1261
583
1368
2926
998
967
732
589
562
587
544
560
524
570
556
588
604
626
485
582
526
566
582
802
832
467
395
456
472
584
475
607
482
469
500
600
514
550
520
541
553
540
490
570
567
534
572
568
537
442
407
928
918
649
1093
719
778
440
546
592
567
653
1214
863
654
811
793
767
457
1668
2302
520
676
686
1401
944
804
792
765
834
1224
1219
944
1591
996
995
981
1022
890
921
682
945
930
958
818
1001
943
959
891
783
975
659
617
551
667
596
657
648
562
609
512
555
574
514
572
507
568
564
593
574
561
530
564
565
632
559
517
552
562
501
368
452
386
435
541
549
559
535
501
579
524
587
593
569
578
566
589
499
489
485
585
496
532
564
561
526
650
1022
665
431
532
577
519
594
586
536
603
591
559
573
545
516
590
490
557
486
542
503
599
603
622
548
933
1173
1300
1278
1122
1053
1044
1179
1196
1200
1116
1049
797
528
1192
1169
1338
1241
1301
1253
1227
1336
1245
1164
1133
828
1115
1035
1069
975
834
841
763
860
825
875
684
660
679
644
656
458
423
426
562
559
557
501
554
519
497
522
509
545
568
484
595
577
561
570
520
518
596
519
487
580
475
439
559
597
550
602
511
565
564
490
564
557
487
569
546
581
483
572
590
564
553
559
552
543
631
374
467
544
556
549
584
543
531
513
550
561
559
549
560
573
590
569
519
586
504
564
559
503
608
490
568
411
433
402
483
565
532
597
553
569
519
563
580
598
591
591
588
579
569
553
555
507
493
551
586
529
455
491
573
561
486
495
553
564
518
571
570
568
614
581
529
507
513
579
591
568
562
608
498
533
676
512
533
808
709
503
648
690
696
859
1258
1969
1201
1682
2232
1544
579
569
567
499
519
764
886
521
691
508
653
561
552
541
526
551
557
526
544
480
583
559
483
554
599
489
561
500
557
601
550
553
521
500
586
1094
1025
713
669
559
714
507
519
545
495
518
547
532
579
596
557
534
551
555
492
552
556
597
487
705
610
926
1098
371
413
1117
971
1254
1005
1158
841
831
928
974
802
969
777
470
1361
1142
1267
1321
1301
1186
1203
1106
1184
1214
1435
1389
1312
1263
1259
1214
1145
1257
1293
1161
1342
1245
1498
1271
1268
1339
1280
1323
1027
903
999
1001
958
901
780
778
739
701
813
741
763
508
512
530
551
532
581
525
550
570
485
598
503
616
561
520
618
415
484
483
606
499
562
502
605
494
571
552
609
581
634
565
621
521
581
608
563
579
570
566
823
1407
1069
1125
1050
561
500
554
591
538
566
516
554
613
568
567
566
519
556
543
642
574
600
1244
1164
1195
1215
1180
1301
1393
1221
1256
1321
1433
1190
1292
1047
1025
918
1116
939
851
866
866
829
857
1007
676
731
887
897
985
1026
976
1399
669
918
664
896
1204
722
516
551
499
557
571
496
525
515
689
792
816
896
521
599
562
529
353
937
1266
1265
1417
1264
1268
1279
1295
1175
1510
927
577
550
1034
916
1064
920
1035
1009
1000
818
776
862
826
1247
473
474
380
438
906
579
1042
1343
1221
1281
1286
1268
1261
1309
964
1266
1179
1314
1323
1411
1321
1131
1198
1157
1162
1114
1340
1402
1261
1435
1048
934
1102
964
1076
1058
1369
1257
1101
1335
1392
1224
1343
1394
1242
1340
1217
1255
1328
957
1162
1236
1043
1263
1121
975
1001
1102
975
804
785
865
384
712
672
684
681
649
689
596
581
555
555
517
589
570
577
582
504
579
582
489
505
612
571
482
461
452
538
571
569
487
521
500
436
568
572
551
518
556
614
532
490
535
552
526
492
519
587
566
533
672
445
506
567
587
585
581
575
564
530
568
600
587
573
576
557
617
538
532
498
510
576
573
530
508
478
515
540
548
514
544
489
594
584
486
513
553
504
559
492
580
562
522
516
553
494
499
482
532
680
504
1040
1220
1226
1161
1208
1191
1278
1210
1112
1274
1069
1168
1402
1646
1566
1828
1659
1314
1681
1588
1280
1230
1297
1396
1346
2221
1647
1263
1270
1411
1211
1277
1275
1099
1296
1092
1127
1543
1766
928
744
747
748
715
718
732
592
486
542
534
593
544
517
546
492
575
532
541
932
1210
1034
1417
1426
1291
1513
1292
1387
1210
1438
1023
505
471
510
838
1326
1431
1280
1210
1149
1277
1345
1172
1254
945
782
902
926
961
955
882
719
755
682
738
