20
16
10
10
9
9
10
9
9
9
9
9
9
9
8
9
9
9
12
9
9
9
9
9
8
9
9
9
9
9
9
10
9
9
9
9
9
9
9
9
9
9
9
10
12
9
9
9
9
9
8
9
9
9
8
9
9
9
9
8
8
8
9
9
9
9
9
9
9
11
9
9
9
8
9
9
9
9
9
9
9
9
9
8
8
9
9
9
9
9
9
9
14
14
14
16
14
16
16
14
15
14
14
17
14
14
16
14
15
14
14
16
16
16
15
15
16
15
16
14
18
14
15
16
17
16
15
15
16
17
17
18
18
18
18
18
17
18
17
16
15
16
15
15
15
16
18
15
17
16
16
15
15
16
17
17
16
17
18
18
17
17
18
18
18
18
17
17
17
18
16
16
20
18
17
16
15
15
14
16
16
15
15
14
16
10
9
9
9
9
9
9
9
9
9
9
9
12
9
9
9
9
9
9
10
9
9
9
9
9
9
9
9
9
10
9
10
9
9
9
9
9
9
12
9
9
9
9
9
10
9
9
9
9
9
9
9
9
9
9
9
9
9
9
9
9
9
10
13
9
9
9
9
9
9
10
9
9
9
9
9
9
9
9
10
9
8
9
10
9
9
9
9
9
11
9
10
9
9
9
9
9
8
9
9
9
9
9
9
9
9
9
9
9
9
9
9
8
9
9
12
9
9
9
9
10
9
9
9
9
8
10
9
9
9
8
9
8
9
9
9
9
9
9
9
12
10
9
9
9
9
9
9
9
9
9
9
9
9
9
9
9
10
9
9
9
9
9
9
9
9
12
9
9
9
9
9
9
9
9
9
9
9
9
9
10
9
9
9
9
9
9
9
9
10
9
12
8
9
9
9
9
9
9
9
9
9
9
9
9
9
9
9
9
9
10
9
9
9
9
8
9
11
9
9
9
10
9
9
10
9
9
9
9
9
9
9
9
9
9
9
10
9
9
9
9
9
9
12
9
9
9
9
10
9
9
9
9
9
9
9
9
9
9
9
9
9
9
9
9
9
9
9
12
9
8
9
9
9
9
9
9
9
9
10
9
8
9
9
9
8
9
9
9
8
9
9
9
9
12
9
9
9
9
9
9
9
8
9
9
9
9
9
9
10
10
9
9
9
9
9
9
9
9
12
10
9
9
9
9
9
9
8
9
9
10
9
9
9
9
9
9
9
9
15
15
13
18
9
23
18
18
29
16
16
15
14
20
16
17
21
64
19
15
16
17
10
9
9
9
9
13
9
9
9
9
17
14
13
17
15
16
32
16
16
15
15
15
17
14
14
15
15
15
15
16
14
16
16
15
16
29
16
15
16
15
18
16
16
17
16
16
15
51
24
25
15
16
15
80
18
17
16
18
23
22
17
18
16
17
15
17
16
18
15
16
16
33
17
16
16
16
16
15
16
15
16
16
16
17
16
17
19
16
15
17
15
16
17
17
16
23
20
15
15
44
18
16
18
16
16
16
34
16
16
16
17
17
247
22
18
38
18
17
17
17
18
18
18
19
18
17
16
17
17
17
17
17
18
17
17
18
17
17
18
16
17
17
18
18
18
17
21
17
16
17
17
18
18
18
18
17
17
16
16
17
17
17
17
19
18
16
18
17
18
18
18
17
17
16
17
17
18
18
17
17
17
18
17
17
18
19
18
18
18
20
18
18
18
20
19
17
20
16
16
18
18
17
17
18
17
17
16
17
17
17
17
17
17
17
21
17
16
22
17
18
18
18
18
17
17
17
17
16
17
18
17
18
18
17
17
16
16
17
18
17
20
17
17
17
17
17
17
17
18
18
16
17
17
38
17
18
17
18
17
17
16
16
17
18
17
17
20
17
17
16
17
17
17
18
18
17
17
16
16
17
17
17
17
18
17
17
16
16
17
18
18
20
17
17
17
17
18
18
17
17
17
17
17
17
17
17
18
17
17
16
16
15
16
17
17
18
18
21
17
16
17
16
17
16
17
17
17
17
16
17
17
17
17
18
17
16
17
17
17
17
17
18
21
17
16
17
16
18
17
17
17
18
17
18
16
17
17
17
18
17
17
17
17
17
17
16
17
17
20
18
17
17
16
17
17
18
17
18
18
17
17
17
16
18
16
18
18
17
17
16
16
16
17
17
20
18
17
22
17
17
17
16
17
18
17
17
17
17
17
17
17
17
17
18
18
18
17
17
16
19
16
17
18
18
18
17
17
17
16
17
17
18
18
20
17
17
17
17
17
16
18
18
18
18
16
20
16
16
17
18
18
17
17
17
