807
756
878
817
719
1044
2147
1763
1689
1510
1556
1882
1698
1747
2304
3219
2905
2604
2505
2300
1348
1210
1767
1703
1726
1501
1772
1447
1894
633
1808
1518
1969
1578
1360
1462
1533
1390
753
863
1284
2475
2349
1930
1748
1721
1194
822
815
763
783
865
852
815
827
879
828
814
750
833
854
744
792
901
497
595
829
783
784
727
723
791
688
823
798
823
824
705
809
785
790
736
601
849
777
739
784
791
1312
1427
1487
1593
1440
1533
1521
1484
1522
1419
1433
1488
1492
1566
1387
1537
1555
1914
1555
778
741
707
817
846
702
809
772
836
808
696
2774
1665
923
1766
2141
1552
770
780
781
821
798
732
798
781
785
770
798
739
844
766
924
1253
692
1404
1724
1212
710
711
822
815
728
828
874
834
809
789
1369
2315
1357
1316
1274
1349
1196
1244
1036
1057
1296
1590
1539
1535
1251
820
829
825
689
772
692
704
786
792
777
685
739
790
1052
1816
1709
1673
1449
1509
1355
1369
1366
781
1176
1127
1133
1010
929
881
895
808
901
934
795
782
849
1125
1229
1429
1538
1567
1451
1506
1483
1480
1441
1549
1443
1411
1402
1512
1521
1497
1490
1513
1465
1511
1381
1509
1514
1593
1497
1575
1590
1427
1522
1483
1427
1449
1495
1596
1549
1579
1475
1546
1508
1605
1493
1566
1504
1458
1558
1529
1432
1513
1539
1540
1504
1540
1508
1568
1535
1431
1514
1504
1525
1533
1537
1512
1546
1523
1476
929
1008
799
1606
1745
2735
791
847
690
992
1410
1487
1501
1711
1512
1583
1766
1510
657
1320
1828
1533
1200
1181
1260
1198
1156
1108
1089
997
1268
1695
1703
1642
1739
1591
1439
1168
1622
2296
2017
1974
1908
1471
1536
1493
1485
1455
1431
1476
1386
1522
1499
1518
1399
1505
1944
1652
1659
1531
846
801
830
770
786
695
690
791
793
773
795
1025
775
873
714
688
813
779
783
824
836
699
787
876
786
743
741
1035
1274
1368
1338
1502
1537
1438
1516
1509
1592
1562
1390
1572
1550
1554
1489
1497
1495
1472
1010
690
695
746
847
693
808
777
768
1309
1254
1330
1292
1288
1227
1391
1385
1308
1316
1231
1328
1265
1271
1275
1323
1223
1216
1313
1348
1298
1355
1288
1238
1473
1372
1627
2259
909
754
791
800
622
621
1590
1138
1698
1816
1800
1062
975
1131
1012
1483
1175
1530
1532
1156
1408
700
743
791
857
719
847
1189
1241
790
698
861
853
915
1183
1331
755
861
818
847
758
795
788
861
825
738
879
854
717
845
946
1360
1339
1231
1320
1321
1260
2053
2294
2359
2278
2302
2420
2483
2593
2612
2731
2746
2847
2814
2899
2884
2908
2877
2937
2948
3008
2914
2970
3012
2963
2991
2976
3020
3005
2941
2818
2533
1919
1783
1867
1739
1580
5222
6721
6738
6885
6335
4208
3224
2897
2664
2772
2799
2753
2844
1786
887
900
833
924
1223
2778
3651
1902
1733
1585
1968
618
1068
1081
579
861
1637
5597
5728
3998
851
655
756
790
735
829
854
783
823
883
707
726
748
751
817
789
2342
2893
2920
2974
2830
2486
1481
1682
1638
725
754
751
743
688
813
735
805
847
762
812
766
821
1153
1521
1307
995
1002
1372
1320
1033
1161
1253
2736
3638
3496
3023
2764
2732
2642
2713
2714
2960
2734
2695
2758
2783
2791
2824
2691
2647
2780
2792
2802
2849
2962
2864
2661
2347
997
739
798
822
852
801
736
806
833
845
686
786
816
831
875
988
1030
973
945
915
657
780
844
806
841
857
809
897
832
710
805
705
951
845
1075
903
834
693
718
770
655
745
826
4257
7921
4033
790
666
659
1012
1102
1015
986
934
966
1005
1049
843
807
854
808
1968
4046
4392
3521
3039
3090
3023
3091
3063
2628
3119
3111
3088
3152
3125
3165
3201
3195
3032
4797
3230
2003
1758
1798
1711
2068
2232
3892
7014
1267
1944
2065
1603
1806
1662
1622
1236
1166
1601
1827
1810
1947
1810
1787
1909
1177
736
1818
1819
1743
1389
1453
1465
1314
1167
3666
4176
4027
2824
2635
1259
849
1409
1058
1211
911
651
879
638
774
867
823
747
793
813
873
844
703
811
693
1020
745
662
1002
1988
1313
711
802
802
918
762
771
796
689
750
995
1527
1601
1126
1056
948
887
881
851
1053
593
772
782
785
1006
1037
795
706
741
808
840
795
804
782
810
785
681
724
718
893
686
728
889
1528
2750
3442
3487
3297
2349
695
1773
2700
3137
3100
2999
3090
3240
3122
2897
2357
2249
2083
1763
1919
1537
1389
1296
1272
730
758
862
813
795
824
804
775
780
793
807
727
814
758
1244
1499
1349
1386
1325
1255
1182
1282
1383
1383
1194
1350
1372
1243
1327
1371
1389
1203
1378
1324
1370
1348
1330
792
674
817
730
857
848
1014
897
678
690
876
707
708
737
806
811
804
799
710
3277
3068
2893
3447
2410
2706
911
887
910
772
867
958
699
675
937
664
1066
1180
1154
1128
697
805
868
812
779
865
963
1090
1666
1734
1694
1543
1646
1622
1340
1266
685
633
986
1099
1276
1266
1370
1206
1600
1490
1365
1216
1197
2260
1437
1358
1451
1483
1276
1253
1259
1331
1446
1375
1419
1280
1365
1369
1334
1316
1237
1391
1442
1344
748
693
985
731
776
733
685
709
825
731
724
816
840
849
742
691
783
781
1239
1269
1044
837
795
866
851
807
797
685
789
1036
766
707
725
791
887
620
823
926
624
740
871
620
763
877
712
