1548
1546
1428
1425
1845
1293
3613
3389
3243
2876
1805
1584
1033
1800
1712
1731
1320
1293
1369
1578
1362
1419
1483
1249
1301
1425
1485
1428
1465
1497
1544
1447
1433
1319
1427
1406
1530
1396
1595
1349
1624
1037
1321
1336
1472
1237
1251
1374
1424
1364
1455
1304
1105
1470
1548
1456
1425
1554
1346
1390
1431
1471
1214
1315
1207
1202
1240
1442
1494
1273
1565
1472
1401
1301
1466
1501
1255
1377
1307
1328
1481
1439
1410
956
1291
1391
1238
1288
1220
1229
1431
1341
1369
1441
1320
1458
1376
1286
1509
1318
1450
1387
1436
2149
1869
1682
2362
2437
3295
4677
5698
3588
3468
1260
1151
1284
1317
1684
1167
1151
1268
1323
2074
2205
2165
1863
2018
1321
3086
3436
3670
2893
1092
2508
3467
3352
3278
2496
2247
3063
3161
2713
2707
1710
2693
3115
3257
3261
2324
2842
3481
2762
3388
4872
4063
3125
2909
3276
3354
3237
3213
2692
2013
2973
2352
2798
2169
2286
2930
2898
3048
3174
3000
2957
2503
2994
2793
2774
2960
3141
2719
2240
1921
2258
1569
1647
1537
1483
1258
1360
1495
1297
1616
1536
2085
1504
1261
1775
1432
1372
1427
1438
1486
1475
1467
1287
1579
1591
1149
1262
1386
1230
1358
1373
1309
1388
1468
1393
1084
1289
1302
1481
1438
1237
1354
1492
1468
1227
1222
1254
1244
1326
1486
1434
1372
1392
1370
1398
1259
1292
1499
1392
1378
1441
1318
1406
1408
1436
1485
1422
1442
1391
1417
1409
1461
1402
1226
1422
1321
1238
1433
1372
1487
1407
1210
1456
1456
1365
1442
1408
1359
1436
4289
3461
3380
2692
2697
2698
3380
2935
3255
3022
2463
3298
3266
3305
1958
3646
3131
2882
3234
2983
2124
2050
1826
1358
1403
1389
1552
1461
1442
1438
1232
1497
1498
1318
1320
1302
1550
1343
1329
1292
1638
1556
1445
1062
1341
1333
1247
1240
1885
2141
1516
1506
1189
2552
1340
1539
1835
3294
3381
2102
1713
1224
1548
1581
1553
1414
1413
1324
1274
1177
1288
1213
1332
1288
1338
1333
1224
1412
1239
1392
1160
1178
1409
1426
1618
1994
1698
1716
1597
1548
1119
1215
1431
1506
1337
1474
1476
1449
1310
1336
1157
1349
1463
1249
1599
1450
1225
1410
1288
1259
1158
1223
1779
1772
1216
1393
1436
1412
1477
1252
1224
1356
1400
1329
1453
1344
1454
1458
1539
1420
1458
1442
1578
1337
1132
1410
1321
1288
1259
1289
1285
1387
1447
1493
1415
1398
1362
1420
1478
1411
1510
1418
1408
1483
1409
1448
1614
1475
1377
1223
1260
1460
1511
1488
1452
2371
1685
1101
1218
1764
1379
1295
1463
1333
1417
1594
1435
1153
1106
2661
3250
3196
3696
3904
2806
2969
2557
2822
1741
1385
1570
2092
1621
2248
1348
2252
2526
1826
1409
1572
1675
1358
1248
1527
1172
1369
1243
1434
1473
1429
1388
1294
1467
1363
1241
1470
1290
1219
1367
1351
1443
1523
1405
1419
1359
1549
1499
1257
1247
1242
1393
1245
1418
1308
1243
1395
1474
1292
1292
1467
1479
1473
1486
1424
1278
1445
1219
1452
1293
1325
1454
1400
1440
1366
1521
1599
1382
1588
1226
1429
1456
1305
1440
1322
1236
1595
1579
1410
1411
1437
1281
1438
1467
1463
1403
1560
1381
1260
1886
2938
3152
2654
3155
2445
1126
1304
1288
1303
1149
1159
1400
1427
1478
1355
1411
1393
1395
1502
1234
1363
1789
2002
1470
1244
1250
1405
1446
1263
1243
1236
1377
1216
1955
1949
1911
1604
1487
1731
1367
1617
1493
1444
1492
1404
1238
1259
1425
1479
1448
1312
1315
1196
1220
1259
1407
1493
1427
1486
1457
1317
1515
1399
1290
1264
1219
1402
1306
1504
1283
1388
1409
1472
1502
1444
1411
1276
1269
1495
1267
1448
1402
1272
1513
1246
1298
1502
1445
1509
1212
1241
1324
1400
1282
1316
1154
1324
1383
1455
1369
1418
1435
1449
1441
1432
1215
1295
1421
1310
1421
1466
1425
1366
1465
1597
1360
1326
1244
1318
1414
1448
1484
1520
1420
1223
1523
1104
1368
1317
1403
1478
1423
1563
1426
1381
1272
1187
1317
1416
1520
1401
1393
1387
1367
1429
1309
1465
1216
1237
1117
1467
1431
1649
1290
1081
1403
1430
1424
1230
1248
1573
1692
1088
3283
2751
3308
3243
2439
2190
2153
1683
1694
1656
1715
1557
1300
1089
1171
1433
1236
1351
1474
1175
1382
1331
1353
1448
1286
1007
1162
1162
1341
1268
1150
1188
1391
1264
992
1304
1337
1406
1219
1362
1501
1369
1246
1236
1350
1474
1369
1252
1333
1111
1464
1377
1439
1558
1438
1214
1358
1467
1456
1226
1287
1471
1489
1441
1295
1378
1414
1329
1416
1456
1299
1336
1260
1348
1299
1463
1306
1467
1418
1305
1253
1332
1415
1333
1271
1502
1410
1234
1191
1914
1005
1128
1188
1332
1256
1277
1490
1355
1280
1221
1464
1161
1371
1653
1456
1331
1383
1388
1324
1427
1505
1190
1347
1494
1519
1452
1388
1455
1434
1220
1422
1500
1281
1342
1341
1209
1630
1217
1382
1217
1219
1309
1192
1352
1379
1157
1264
1625
1062
2124
1235
1305
3381
3366
3360
1741
2778
2495
1863
1950
1916
1647
1145
1356
1353
1908
1801
1722
2698
3028
3114
3185
3153
2662
5147
2585
2504
2068
2045
1815
1651
1621
1344
1367
1458
1576
1255
1244
1434
1299
1262
1442
1332
1484
1485
1268
1424
1320
1438
1496
1515
1564
1252
1315
1543
1208
1253
1230
1429
1257
2203
2888
3290
2800
3032
3144
2950
2721
3289
3099
3173
1599
1495
1283
1758
1858
2454
2575
2100
1387
2070
1966
2073
1981
1445
1116
1578
2316
1865
2078
2012
1577
1969
2077
2153
2008
1799
2412
1876
2924
2329
1803
1684
1478
1391
2137
1967
1820
1839
1990
2428
1750
2052
2179
1446
1716
2288
2404
2657
2385
2151
1678
1369
1514
1687
2015
1894
1582
1816
2043
1619
1795
2309
2426
2455
2354
2539
2471
2464
2297
2477
2532
2524
2585
2392
2633
