574
571
708
860
1122
990
985
1004
909
1006
831
710
713
771
782
803
708
476
735
767
734
778
793
684
698
759
755
750
846
734
703
633
657
679
780
734
711
600
766
689
729
594
770
1019
884
1292
1600
2407
1876
1136
567
833
1477
1658
658
770
755
718
710
722
815
628
718
688
1108
1091
1026
1115
1247
1114
1125
1097
1127
1168
793
827
948
819
842
826
914
784
636
726
745
734
704
712
749
726
707
660
951
692
979
1634
1419
1639
1551
1439
1592
1426
1612
1787
1769
1548
1619
1453
1677
1494
1665
1914
1753
1636
1408
1653
1607
1257
1305
1376
1350
1099
734
840
782
937
949
941
833
629
771
746
727
798
741
731
797
718
845
1573
1401
1572
1569
1443
1443
1596
1595
1558
2443
2216
1721
1711
1510
1700
1752
3030
2854
1612
668
1034
1317
611
786
1628
1123
653
549
619
656
602
720
659
638
639
732
751
629
664
720
710
1092
1487
1457
528
1764
1731
1419
1615
1745
1813
1461
1636
1695
1701
1751
1646
1620
1672
1636
1640
1735
1328
1718
1813
1947
797
604
620
721
1188
1516
1413
1595
2398
815
530
518
1693
1017
584
1136
669
1448
1652
1699
1598
1607
1477
1661
599
861
914
547
888
895
1034
933
1033
859
845
900
829
824
839
717
721
586
690
677
632
699
775
749
694
775
757
770
692
644
725
645
636
719
722
783
762
748
657
640
743
770
704
784
638
730
767
717
752
744
677
694
661
708
706
729
779
770
1159
1265
825
766
749
655
642
689
757
684
778
678
756
671
779
802
781
768
731
776
655
495
725
655
755
719
712
664
768
725
757
769
737
833
1197
1210
554
618
554
865
538
457
1463
1660
1344
1574
1337
1439
1786
1279
1692
662
533
1001
1308
1434
1217
1231
1032
981
1107
941
677
728
747
851
724
541
695
770
752
738
822
775
725
676
750
716
878
608
552
582
642
712
713
639
719
656
633
723
633
770
749
648
738
726
636
719
823
1200
1096
935
730
661
671
733
681
692
784
726
620
741
644
714
675
623
711
957
543
717
754
721
645
690
664
676
709
652
609
756
727
704
736
620
623
719
724
891
576
840
1140
672
813
863
697
877
1062
1127
574
843
803
638
1062
805
509
481
717
624
1056
1533
1609
1686
1730
537
600
988
1790
736
1676
1637
1757
1542
1175
1663
1093
1474
949
944
886
976
977
975
975
927
1032
765
633
787
635
708
607
1506
1630
1080
851
964
1023
849
980
748
1339
1328
2637
2317
700
548
500
1195
1315
1151
555
551
765
875
842
798
750
726
635
616
527
524
658
737
779
685
778
744
731
622
636
690
696
759
773
685
583
591
492
631
662
604
717
549
715
642
752
729
768
732
612
629
718
738
671
641
717
719
677
726
526
785
648
625
553
729
640
770
750
690
691
651
677
742
695
698
649
728
547
662
724
1610
1650
1515
1540
1543
1347
1482
1335
683
1581
1607
1714
1693
1669
1764
1534
1825
884
897
1683
1653
1715
1648
1475
1520
1461
959
573
1593
1669
1431
1163
1253
1084
1223
1057
1030
994
1122
1608
1375
1635
1440
1614
1560
1588
1745
2223
2340
2169
2192
1104
1104
1070
2057
1658
1567
829
746
667
1512
1652
1274
739
1084
2017
1620
1693
1581
1632
1736
1428
2034
2024
1522
1662
1728
1712
1457
1432
1375
1237
738
1627
1748
1595
1802
1774
1605
1799
1496
585
602
649
1400
1440
1525
1081
1595
1534
1506
1451
1349
1457
789
787
815
806
863
748
809
787
828
699
645
768
742
771
686
795
742
643
736
628
802
779
744
637
719
679
677
748
790
773
745
726
757
569
513
608
657
679
712
715
728
708
777
667
716
669
675
663
640
712
711
737
713
835
519
713
730
792
657
812
666
783
716
633
729
716
704
620
772
711
753
694
788
513
548
737
677
675
786
748
669
579
772
667
672
708
770
622
716
737
729
687
702
1328
727
534
553
555
722
746
763
724
638
731
791
706
744
737
776
755
654
750
794
1067
1125
973
653
764
785
638
713
696
644
638
698
723
683
728
693
786
973
1554
1369
1613
1078
1495
1833
1837
1647
1903
2732
1615
1821
1920
967
1318
1965
1470
749
1321
1410
1538
1638
1593
2280
1922
1820
1717
1825
1658
1163
1625
1618
1456
761
1112
1019
1068
1048
1200
1100
1107
925
1127
1177
687
777
871
904
1142
1202
1139
1171
873
933
957
939
894
866
681
651
859
660
596
615
550
705
719
776
717
672
630
617
633
638
669
728
706
757
675
762
696
592
732
629
678
763
815
728
746
755
639
731
734
659
753
723
631
741
745
730
697
476
658
744
763
699
636
712
722
636
667
760
664
740
726
708
697
774
723
717
683
512
769
669
625
623
757
725
714
666
624
712
678
737
729
784
706
805
669
674
759
540
583
676
704
629
635
492
624
635
648
617
742
703
713
725
748
661
624
725
620
727
619
686
710
777
715
738
732
721
743
659
727
641
631
683
752
718
688
729
769
650
719
722
711
770
748
751
713
734
645
797
739
739
723
664
779
