630
778
826
1497
958
1383
1361
1868
1502
1421
1164
1437
1350
1358
979
951
1000
1106
1150
928
1155
1380
1887
1936
1670
1923
1796
1857
1983
1001
1472
1560
1849
1757
1675
1878
1971
1730
1633
1665
1790
1875
1695
1843
1840
2628
2679
1923
1867
1944
1737
1964
1592
1903
1989
1771
2019
1560
1808
1974
1106
1963
1958
1628
1284
1462
1467
970
1248
663
872
724
743
804
865
741
853
851
877
759
797
811
826
731
806
943
651
1025
906
715
642
807
778
781
664
706
723
710
722
734
831
899
716
805
794
874
905
851
836
1126
667
969
643
1311
976
816
782
839
812
736
817
806
822
802
824
807
828
832
937
1255
1593
1870
1846
1735
1953
1964
1701
1997
2041
3366
2865
1876
1833
2243
760
941
1264
993
2089
2129
949
2313
906
2541
2569
1486
1411
1489
1157
1149
1090
1201
1065
954
840
1164
946
868
893
787
793
860
801
710
720
728
876
927
815
711
874
777
813
803
714
660
759
810
852
807
790
870
802
850
812
836
868
788
803
862
728
824
706
791
846
826
929
763
869
843
835
834
844
767
712
735
809
819
836
640
766
845
914
833
724
831
782
750
757
850
712
825
823
825
824
859
671
779
718
850
822
741
747
728
738
881
808
795
831
834
817
868
776
759
683
704
880
812
704
829
828
760
837
942
617
661
700
738
660
757
746
641
744
716
956
732
648
1298
1042
699
763
695
719
726
804
819
830
815
837
762
718
771
915
904
1172
1047
813
650
1212
1490
1562
1498
1302
1177
1350
1348
1187
873
526
767
866
815
912
825
789
784
867
717
834
853
833
727
861
1134
1656
1269
1881
1819
2104
1883
1874
1402
1469
1956
1643
1988
1713
1829
1779
1979
1653
1357
706
764
786
879
759
783
1119
1208
1462
1437
1380
1357
817
800
761
1876
677
1639
965
1092
898
769
718
759
641
685
605
743
770
686
980
775
608
781
814
808
852
779
790
1085
652
700
544
819
819
811
1291
1177
934
797
679
612
727
770
871
695
733
746
819
814
800
765
999
748
755
831
936
753
882
834
832
732
837
728
838
850
829
750
849
849
1210
1347
711
820
843
812
782
904
747
1139
852
951
977
686
756
694
759
751
1220
1107
1218
1142
1241
1226
1153
1242
1180
1280
1136
1005
1161
1065
1298
1263
751
751
753
845
878
714
747
840
903
1034
667
788
1063
1078
921
833
799
1057
793
822
1206
1360
1277
891
1001
1025
1181
1073
1332
983
875
1035
636
665
654
766
698
889
878
805
823
844
797
876
838
891
714
703
1127
890
844
1917
1955
1796
1961
1612
1899
1586
1893
1897
1847
1774
1579
1772
1360
1584
892
1313
1312
1306
1145
1091
970
956
1007
983
862
735
852
824
785
745
915
601
602
733
832
747
826
810
741
800
878
814
813
831
779
809
857
780
872
666
642
736
826
824
820
906
761
874
901
902
769
735
833
857
840
847
888
755
823
719
812
787
814
727
793
869
752
762
833
844
807
813
731
904
787
902
869
810
821
728
838
711
777
880
736
881
898
833
737
879
1294
1272
978
868
1020
1130
829
824
893
825
1048
1183
600
735
854
730
627
868
875
773
775
815
806
803
867
717
777
799
815
730
826
827
1078
3171
2919
1763
1785
1881
1677
1555
1573
1906
1801
1768
1933
1643
1878
649
623
1640
919
681
674
739
713
731
705
914
730
747
825
715
699
776
851
934
817
887
896
886
976
906
998
805
776
566
631
829
830
738
725
821
842
752
730
781
849
767
838
742
842
1401
896
1606
1913
1609
1609
1978
1606
1825
1228
1073
1350
1859
1886
1649
2008
1911
1833
644
691
1385
1315
1375
1273
1136
945
951
1070
937
869
834
808
839
718
878
536
643
648
788
839
715
787
823
843
822
821
720
801
736
806
812
835
663
730
765
760
701
837
853
909
736
838
769
700
755
780
768
728
732
829
952
573
813
857
920
829
874
710
828
858
725
811
828
845
848
849
845
715
681
847
765
817
713
827
825
799
775
810
839
760
796
818
863
797
751
744
852
822
825
740
839
859
840
854
713
837
897
865
757
744
781
907
1269
1981
1769
1906
1821
1788
1891
1927
1140
1611
1894
1879
1969
1691
1814
1953
2485
2981
1871
1105
1346
1576
1583
1336
1002
868
1145
780
833
905
832
809
905
991
693
610
784
682
799
818
723
850
578
885
795
814
760
1097
1324
958
862
604
582
696
877
722
868
735
828
868
814
824
821
726
853
706
856
1414
1107
996
767
739
801
857
712
720
711
723
880
720
702
879
865
857
725
794
850
755
820
747
816
743
870
747
820
855
791
742
839
781
754
863
615
870
784
816
816
822
751
752
820
729
879
854
857
819
799
848
872
804
800
751
785
604
768
768
816
845
742
841
818
749
769
704
837
846
851
870
848
719
1042
897
764
807
824
853
819
869
820
821
864
879
833
803
770
825
916
613
847
815
834
799
839
759
762
817
717
816
726
816
777
787
846
1020
1059
1012
974
664
650
