622
808
1185
567
919
586
628
885
1130
1127
1352
1159
617
771
693
681
669
774
754
628
799
623
552
616
687
672
618
713
708
681
728
688
657
714
665
616
690
726
736
685
706
797
561
680
645
631
643
683
766
699
663
737
736
778
682
687
750
756
707
659
707
741
722
916
676
996
1074
868
1055
941
763
513
559
768
955
758
949
1106
789
823
866
887
1320
1152
1250
1231
955
1149
1050
1051
1007
827
983
729
584
554
683
648
610
687
706
722
697
724
720
731
703
628
692
673
773
663
735
711
969
903
670
702
1827
1685
1719
1666
1459
1535
1822
574
812
1597
1663
1539
1369
1542
1413
1335
1330
1139
825
800
820
967
958
921
947
877
812
647
742
720
764
712
760
666
746
575
461
639
621
675
766
743
630
751
712
635
708
753
656
628
657
736
696
718
706
619
713
704
751
669
577
735
605
736
644
698
679
698
730
697
706
751
640
764
713
782
572
693
706
694
700
582
734
667
515
601
636
679
714
727
716
672
699
695
708
756
552
694
720
728
683
718
684
585
629
761
722
694
696
711
742
699
710
639
776
713
863
547
776
878
589
703
627
953
632
786
648
624
656
551
594
632
703
674
701
681
939
803
1098
1258
1243
1618
1102
531
586
1622
1731
1507
1410
1725
1667
1413
1145
626
1245
1425
1421
1730
1550
1353
1363
1301
1154
856
1076
702
851
818
896
777
767
900
742
749
662
645
725
664
761
728
761
668
675
716
627
689
741
676
676
738
736
609
746
667
662
737
609
693
670
736
633
674
678
714
618
548
619
713
629
728
703
737
653
652
746
699
730
710
690
773
619
631
712
651
715
1652
1584
1007
620
565
562
652
700
524
784
716
710
701
674
728
617
713
1242
867
698
698
702
723
753
712
656
677
785
735
659
749
695
760
699
702
607
752
734
603
1355
1553
961
1512
1583
1206
1634
1693
1617
510
1646
1389
1760
1704
1233
1462
1284
1215
1005
1080
593
715
883
832
674
694
748
718
676
775
728
727
726
727
810
747
705
942
1211
842
711
635
659
799
712
720
749
756
626
736
701
631
705
734
695
609
845
714
691
606
539
446
936
1428
1665
1636
1347
1332
1401
1259
1300
734
601
608
616
827
661
728
771
551
798
641
608
800
901
921
902
970
875
936
908
884
784
783
730
781
699
616
489
587
593
770
654
717
711
755
792
760
703
727
755
759
704
700
756
652
765
670
517
527
771
683
692
639
751
713
701
610
660
647
648
743
738
724
707
712
813
558
476
619
510
718
678
781
710
717
716
714
690
712
611
777
733
627
752
649
777
630
634
777
744
673
702
688
693
627
711
746
762
697
707
662
745
651
723
648
638
676
635
721
714
743
551
759
731
712
710
731
652
730
687
737
605
686
748
676
629
707
739
764
616
728
621
652
676
693
695
687
729
611
671
720
643
663
694
632
698
705
702
609
725
687
637
530
715
656
664
659
643
662
693
624
694
696
661
711
702
716
693
671
705
790
1252
1472
1370
1383
1326
1322
1572
1401
1491
1589
624
612
1033
1734
1602
1722
1377
1447
1399
1197
1510
927
1080
661
791
861
861
829
829
816
808
754
732
710
607
733
686
698
1218
985
667
768
709
657
714
770
631
700
704
752
661
712
712
782
666
653
715
686
642
622
744
706
700
622
687
699
621
651
727
726
755
697
677
613
702
703
682
932
1003
906
1141
1058
984
1037
593
763
923
568
595
867
802
531
636
732
623
977
1091
1101
620
713
717
793
760
781
609
643
773
740
717
720
913
823
968
658
816
622
609
1080
632
694
703
674
1185
651
687
727
771
740
748
596
675
718
752
755
681
735
522
763
751
735
644
764
715
884
1022
712
680
637
699
615
760
753
634
538
651
761
679
657
656
618
579
801
629
645
757
632
575
671
681
732
716
727
708
684
728
742
698
689
690
579
757
763
730
751
665
964
637
719
735
1263
641
717
1038
989
1075
861
987
1122
766
833
792
566
870
934
525
628
666
634
643
697
682
755
743
632
673
709
737
627
697
642
689
670
508
725
756
631
748
708
686
686
730
658
701
710
622
669
693
744
748
622
640
1573
740
1081
741
1579
1516
1564
1445
1587
1401
1683
711
610
579
597
802
801
592
774
909
949
979
1001
976
669
776
810
884
582
756
701
763
747
691
719
701
715
617
726
714
709
732
652
715
652
726
751
945
599
1249
1466
956
964
708
654
447
629
756
712
697
692
622
644
725
628
903
1166
795
689
714
626
723
709
616
632
687
703
613
606
708
716
761
732
679
699
640
589
638
691
575
625
651
719
637
619
817
617
653
610
1444
564
1563
1601
1578
1372
1335
1601
1743
612
573
551
1486
1684
1649
1839
1621
1639
1638
1854
670
1163
1153
1122
1021
1202
1222
1122
887
800
901
802
903
613
718
717
