408
803
561
474
559
603
494
567
893
426
398
576
703
462
500
463
377
399
513
458
415
517
388
364
424
466
437
453
512
453
502
448
431
771
717
611
697
730
728
621
838
994
1553
889
637
539
504
945
617
391
400
448
778
827
705
577
826
742
872
794
409
539
945
687
806
1118
1085
960
1097
1139
1086
1051
1060
1119
908
1117
1253
474
452
733
1175
1081
1040
1067
1144
1158
1089
1002
1173
996
1099
681
618
404
747
1037
954
958
1100
1015
1011
1032
922
1090
997
1209
1028
414
377
431
392
357
480
378
488
935
1063
1018
929
1021
1077
1058
1002
1042
804
712
1060
543
847
1137
1115
918
1174
1014
1023
1105
920
936
998
1355
1650
1279
996
855
1012
982
1036
928
768
811
788
857
639
728
676
692
694
698
666
740
734
706
742
719
760
701
732
704
748
744
735
619
446
1034
996
950
1017
1025
887
1091
1014
932
949
966
928
1159
468
978
888
1122
915
1093
1048
973
1101
920
1056
950
1405
531
429
420
802
1126
619
697
573
403
430
501
556
572
637
550
402
506
368
516
668
700
647
739
426
669
725
747
461
419
404
576
432
416
510
459
629
651
509
418
496
642
737
719
383
441
447
376
393
460
406
1012
368
424
439
631
634
568
482
388
411
413
409
401
387
408
370
370
583
441
366
368
401
420
464
435
428
500
415
374
413
588
741
456
645
603
562
595
1025
819
612
578
622
433
399
420
409
428
432
394
433
466
470
428
493
496
538
476
464
500
496
873
420
516
528
662
506
405
392
412
380
410
453
662
664
757
362
439
451
411
467
449
476
492
480
487
469
424
489
475
461
509
437
499
504
450
512
502
491
442
492
488
508
807
752
677
419
395
359
703
410
398
502
450
365
425
474
517
504
425
532
500
536
391
411
490
498
469
505
440
384
524
570
669
447
719
774
519
899
576
665
423
574
746
751
967
813
726
972
601
731
573
465
641
655
433
368
480
470
537
537
533
481
548
459
464
530
517
527
456
467
483
496
451
532
499
451
560
457
419
396
476
501
439
366
450
463
485
430
436
410
391
411
465
481
454
422
366
492
418
381
443
521
491
482
451
484
506
535
1181
2130
635
1086
850
879
439
435
405
400
561
606
491
598
436
406
396
626
1214
408
900
1032
1116
716
967
1087
361
756
1178
1064
1243
734
400
398
1106
468
547
546
674
415
570
953
778
673
708
500
591
675
711
660
722
691
695
745
729
737
403
488
586
707
660
901
622
638
398
437
554
524
921
818
776
532
714
767
535
610
670
729
573
615
605
736
700
588
627
451
424
476
636
687
496
417
429
470
461
510
580
449
432
863
459
970
691
1374
803
483
402
1000
871
699
621
428
460
405
498
592
813
747
489
589
739
1550
683
467
440
417
419
630
634
464
400
475
430
523
597
598
479
522
572
525
579
566
530
554
553
540
657
504
516
546
508
572
672
475
857
661
776
645
579
794
639
805
743
508
407
515
473
827
783
567
540
861
762
717
581
739
643
660
415
438
518
472
433
697
743
556
374
388
646
619
1006
1145
1218
1081
565
1130
1039
1099
641
665
1155
483
370
881
1130
1149
1061
996
1088
721
1144
1166
1101
1144
1115
423
568
859
445
471
866
997
996
813
887
883
892
934
982
754
798
816
841
423
425
448
373
543
911
1051
983
1081
997
948
981
1047
972
884
410
818
882
510
1000
653
611
350
343
586
704
634
681
696
650
456
554
598
644
575
653
702
649
472
1125
1308
1995
1649
1110
1078
1689
1947
1679
658
837
1096
959
1030
692
562
983
1095
1009
868
654
1111
1182
1147
789
1127
325
872
1099
1091
1093
995
993
1087
1084
968
1101
1135
837
1558
1010
1108
1321
1006
1129
1106
986
2083
1805
1134
974
1193
1198
2120
1962
1780
1202
1137
1011
2079
1798
1640
1274
1588
887
1136
1565
1371
683
734
970
828
886
892
906
892
842
672
764
729
741
748
648
720
803
561
469
523
805
1391
926
1553
711
770
653
835
1839
1256
1096
1156
1003
776
752
718
707
789
637
726
1425
1173
1107
670
471
643
637
588
674
658
658
654
513
448
459
558
516
509
445
524
541
515
524
440
424
536
930
588
1092
1087
1074
1130
1051
958
1125
1137
1077
1025
950
1391
1815
2095
1506
1094
1104
1074
1009
1018
1099
962
1144
1278
684
495
946
917
783
965
979
726
672
614
618
644
754
615
673
554
485
464
543
767
535
556
1587
1449
684
581
410
447
387
508
636
420
364
461
409
406
511
528
400
503
940
660
425
508
417
409
385
472
547
520
521
507
445
557
512
520
554
491
539
520
424
473
501
484
799
572
514
605
585
527
929
845
695
1110
884
757
706
734
704
758
801
744
718
719
682
659
642
628
666
667
702
663
715
726
748
716
688
727
751
381
428
445
757
823
638
865
769
725
758
701
694
