1391
1952
1488
1761
1966
1593
2600
2613
1719
1447
1638
1476
1759
1521
1359
1854
1981
1797
1976
2057
1777
1803
2003
1414
1599
1350
1697
1616
1668
1646
1377
1659
1386
1411
1606
1447
1545
1345
1629
1363
1507
1320
1466
1565
1341
1623
1609
1639
1431
1382
1610
3505
2902
3558
3060
3292
3202
3480
3277
3783
3596
3441
3424
2828
1864
2271
1951
1809
1741
1742
1564
1587
2963
2546
2473
2559
4255
2012
3425
3411
3590
5010
3778
3455
3369
2954
3427
2696
2764
2585
2481
1643
2061
2056
1806
1359
2956
3742
3623
3135
1707
2243
3214
3655
3262
2797
2982
2885
1821
1822
1942
2527
3781
3723
3685
2896
1612
3644
3698
3566
2505
2572
2701
3101
2180
2293
1757
1655
1498
1650
1606
1640
1717
1672
1642
1550
1570
1675
1798
1740
1840
1707
1640
1703
1436
1387
1629
1427
1635
1412
1476
1713
1786
1636
1436
1620
1584
1642
1704
1367
1499
1657
1693
1572
1461
1406
1581
1397
1427
1403
1547
1380
1252
1520
1615
1735
1604
1774
1554
1481
1629
1781
1325
1321
1841
1687
2886
3246
3763
3811
5659
3262
3317
3855
2457
2977
3431
3803
3798
2493
3358
3507
3530
2545
2713
1918
1836
1856
1704
1755
1493
1675
1684
1743
1667
1357
1704
1599
1612
1527
1708
1156
1556
1649
1534
1489
1603
1498
1658
1591
2529
1610
1668
1604
1569
1670
1629
1734
2954
1685
1447
1458
1667
1661
1394
1476
1654
1502
1657
1699
1444
1615
1595
1598
1480
1353
1378
1130
1424
1630
1764
1649
1630
1649
1458
1341
1587
1721
1426
1882
1295
1472
1335
1442
1531
1708
1588
1598
1376
1607
1559
1695
1563
1924
3535
4886
3118
1730
2136
1596
1462
1577
1584
1725
3293
3557
3564
3783
2596
1730
1908
1979
2313
1762
1659
1381
5195
2476
2082
2295
3457
3137
3529
3848
3521
2117
3257
2995
2524
2400
1816
1528
1572
1598
1439
1517
1671
1506
1574
1716
1525
1423
1564
1389
1616
1407
1583
1696
1559
2316
3924
3658
4047
3612
4067
3738
3425
5899
3575
3691
3262
2953
2476
1876
2211
1700
1451
1619
1499
1604
1690
1673
1669
1515
1618
1421
1711
1442
1299
1449
1787
3071
2023
1804
3566
3319
3994
1348
1546
3649
3812
3612
3152
3688
3550
3357
2351
1797
1951
1746
1955
1939
1448
1562
1639
1101
1458
1648
1591
1645
1140
1597
1601
1710
3760
3816
3799
3510
2901
2540
3573
3276
3023
2105
2667
2463
2415
2241
1826
3074
1825
2373
2232
2346
1964
1845
1359
1519
1618
1413
3815
5529
4292
2649
3355
3519
2584
2772
2318
2197
2027
1541
1817
1496
1650
1747
1735
1358
1578
1568
1380
1799
1722
1759
2023
1601
3549
1616
1755
3148
3692
2463
1412
3339
3529
3735
3312
2704
3479
2892
3170
3467
3661
3198
3239
3278
3718
3638
3615
3338
3249
3621
2760
2573
1913
1729
1986
2606
3035
3234
3669
3185
3056
3402
2960
2867
2621
2416
2048
1602
1799
1751
1709
1621
1558
1527
1731
1576
1609
1758
1582
1413
1578
1455
1614
1468
1284
1347
1669
1518
1424
1571
1597
1612
1440
1630
1195
1370
1608
1661
1781
1651
1519
1665
1896
1873
1416
1521
1495
1237
1273
2345
1816
4009
4516
3677
3596
3048
1704
2881
2568
2044
1811
2183
2210
1436
1713
1746
1391
1557
1563
1630
1260
1176
1543
1593
1466
1495
1596
1627
1371
1469
1446
3148
3660
3136
3913
3628
3782
3030
3378
3887
3636
3449
2979
2571
1439
1612
1523
1708
1731
1614
1595
1751
1554
1082
1671
1581
1595
1532
1605
1389
1380
1592
1517
1634
1677
1758
1610
1561
1722
1626
1597
1359
1673
1597
1379
1569
1431
1372
1609
1694
1399
1534
1555
1370
1658
1565
1459
1672
1598
2051
1272
1408
3173
1442
1499
1607
1380
2081
1749
2426
3207
2708
1755
1250
1393
1449
1444
1609
1671
1500
1926
2220
1704
1751
1379
1459
1461
1161
1414
1584
1613
2054
2298
1299
1768
1495
2192
1649
1711
1589
1868
1913
1538
1545
1791
1649
1678
1837
1286
1631
1584
1425
1430
1541
1613
1355
2036
2225
2037
2084
2076
2088
1864
1674
1472
1494
1606
1472
1487
1486
1504
1656
1714
1521
1688
1392
1687
1319
1560
1433
1536
1557
1311
1588
1421
1438
1742
1397
1497
1688
1628
1599
1229
1455
1461
1564
1385
1366
2148
3391
1753
2905
2948
1984
2053
1940
1705
1604
1674
1688
1710
1728
1650
1642
1618
1466
1481
1586
1742
1455
1626
1379
1514
1401
1693
1279
1641
1263
1643
1615
3137
1441
1668
1425
1341
1448
1494
1411
1671
1605
1047
2473
2513
1844
1756
2028
1763
2817
2619
3995
3972
3919
3228
3152
3157
3558
3708
3969
3920
3826
3648
3374
3368
2455
2224
1932
1529
1686
1360
1712
1540
1606
1615
1337
1610
1944
1527
1671
1465
1708
1624
1464
2567
1771
1576
1310
1545
1569
1363
1664
1502
1175
1627
1555
1266
1306
1605
1685
1549
1570
1417
1329
1552
1507
1475
1527
1704
1603
1383
1398
2336
1338
1583
1576
1524
1221
1379
1697
1558
1441
1369
1897
1778
2750
4689
1877
1579
3072
1914
2738
2069
1979
1766
1622
1407
1557
1524
1841
1586
1482
1711
1463
1640
1464
1541
1711
1679
1739
1581
1615
1659
1637
1569
1685
1616
1670
2649
2670
2755
2777
1882
1497
1669
1365
1677
1380
1594
1569
1702
1509
1497
3279
2982
1406
1720
1665
1512
1729
1497
1401
1609
1603
1684
1685
1578
1521
1607
1570
1507
2342
1573
1539
1544
1691
1489
1572
1555
1796
1538
1781
1622
1641
1713
1657
1667
1304
1575
1409
1481
1561
1574
1554
1532
1635
1418
1455
1406
1769
1741
1643
1592
1615
1300
1945
1871
3153
2851
1513
2734
1548
1434
3809
2733
2050
1471
2418
3233
3569
2455
1845
2776
1970
2388
1717
1846
1581
1764
2021
1063
3146
2634
1564
3417
4589
3608
3760
3690
2327
3077
3570
3253
3462
2617
3714
3426
3369
3149
2176
