1758
2994
1367
2182
2841
3266
2590
2851
2608
2420
2245
2128
1645
1508
1757
1599
1377
1218
1472
1307
1308
1129
1431
1205
1203
1364
1122
1139
1277
1283
1117
1202
1281
1372
1285
1316
1304
1341
1339
1300
1116
1331
1277
1292
1453
1778
1139
1154
1892
3085
3097
2714
3111
2772
2908
2989
2752
3039
2920
2969
2446
2865
2863
3597
4207
3817
3954
3037
2842
3541
3622
2470
2647
2641
3364
2588
2726
2587
2462
2770
2987
2791
2798
3037
2987
2535
2217
1880
1651
1671
1733
1332
1335
1247
1307
1274
1339
1296
1324
1320
1223
1159
1351
1231
1141
1122
1344
1320
1303
1297
1290
1346
1123
1372
1788
1846
2656
1297
1276
1208
1264
1202
1156
1197
1338
1479
1492
1421
1344
1409
967
1183
1206
1233
1195
1335
1068
1318
1420
1268
1123
1353
1322
1313
1222
1228
1241
1216
1200
1146
1273
1232
1154
1314
1327
1351
1140
1258
1890
1335
1410
1134
1198
1423
1110
1158
1245
1269
1143
1308
967
1295
1202
1127
1318
1213
1357
1284
1469
1327
1186
1107
917
2301
3524
2245
4080
2624
1751
2031
3061
1583
1165
3088
2722
2444
2548
3816
3267
2943
2546
3065
1132
2864
2741
2695
2780
2720
1324
2781
2947
2723
2981
1787
1484
1392
1581
1613
1467
1262
1444
1158
1456
1403
1040
1123
1258
1331
952
1189
1200
1193
1137
1286
1195
1239
1019
1839
2847
3209
2848
2313
2783
3243
3098
3228
2992
2921
2953
2401
2472
2520
1235
2917
3266
2913
2666
2100
2581
2863
2415
2719
3279
3277
3791
3166
2981
4883
1720
2635
2235
3953
3866
2450
3027
1595
1399
2399
2971
1815
2633
2472
2766
3297
3280
2973
2858
2542
2926
3057
2917
2910
2801
3077
2547
1367
2043
1413
1829
2979
2970
2636
3109
2668
3036
3000
3177
2745
2456
2454
3147
2743
2667
2923
3644
3013
2267
1273
1441
1116
1173
1279
1413
1337
1250
1231
1119
1288
1284
1142
1389
1457
1126
1130
1325
1120
1357
1293
1328
1197
1296
1127
1111
1245
1270
1386
1156
1270
1143
1200
1271
1248
1117
1249
1148
1359
1317
1166
1343
1234
1361
1284
1267
1277
1389
1106
1173
1128
1492
1606
1920
2816
3535
2551
2536
1326
1927
2720
1674
1212
1272
1340
1144
1255
1181
1171
1412
1168
1194
1818
1643
3237
3028
2996
2778
1092
929
2407
3068
3140
2560
2437
1080
1564
1555
1350
1709
1591
1175
1186
1326
1447
1704
1054
973
2825
2649
3044
3039
4061
1398
3131
3130
1526
2113
2788
1377
1754
3093
1604
1821
2562
1636
1445
1618
1269
1352
1146
1320
1161
1390
1216
1315
1339
1243
1305
1129
1334
1299
1255
1317
1280
1134
1374
1304
1271
1375
1278
1101
1325
1312
1308
1164
2012
1815
1255
1162
1469
1438
1428
1422
1285
1281
1181
2021
1554
2051
2453
1551
3544
3114
1418
2896
3537
3322
3002
3043
2154
1206
1134
1336
1251
1169
1323
1288
1366
1264
1386
1263
1071
1173
1198
1183
1294
1312
1296
1206
1340
1279
1311
1340
1014
1193
1318
1229
1340
1307
1366
1424
1340
1348
1915
2509
3029
1056
1337
1280
1279
1110
1271
1480
1059
1156
1331
1213
1386
1442
1175
1102
1136
1352
1137
1108
1410
1365
1301
1314
1249
1341
1224
1219
1287
1312
1176
1223
1316
1358
1760
2864
2704
2991
2189
3080
3040
2713
2870
2696
2421
2680
2703
3540
2829
2176
2129
1871
1489
1579
1579
1676
1932
1326
1332
1302
1124
1226
1154
1320
1185
1415
1418
2135
1210
1632
1722
1394
1420
1329
1468
1757
1727
2006
3306
4221
3094
2970
2946
2669
2354
2434
2650
2943
2734
2620
4886
3101
2698
2813
2848
887
2854
1678
1405
1159
1179
1255
1330
1345
1252
1598
1558
1406
1302
957
1377
1273
1116
1301
1039
1338
1202
1211
1073
1131
1099
1786
2812
3158
2565
2998
2695
2127
2448
2134
1566
1512
1404
1425
1548
1494
1415
1190
1405
1230
1201
1311
1377
1189
1301
1302
1215
1299
1114
1338
1147
1217
1240
1343
1274
1257
1163
1192
1289
1103
1310
1109
1382
1269
1135
1331
1423
1151
1327
1192
1390
1307
1353
1566
1600
1695
1353
1478
2456
2001
2048
1622
1376
1319
1285
1333
1644
1328
2274
2593
2479
2730
3054
1847
2971
3152
2948
2215
3014
3138
2754
2586
1287
1334
1208
1338
1239
1218
1279
1312
1113
1274
1258
2193
2951
1346
1927
1751
1765
1312
1518
1387
1382
1131
1322
1251
1290
1416
1187
1132
1108
1291
1335
1345
976
1318
2274
5439
3423
2529
1592
2850
2528
2974
1750
2199
3795
2863
2153
2950
2957
1647
2482
2909
2319
2454
3049
2283
2841
3064
3307
2851
2391
3026
3172
3154
2767
3053
2945
3430
2940
2482
2266
2995
3256
983
1635
1868
1385
1342
1308
1271
1295
1327
1236
1124
2010
1651
2893
2668
2943
2795
1489
1731
2939
2917
2745
2690
3648
2989
2652
2795
2680
3229
2725
2302
2199
1821
2002
1363
1216
1127
1171
1141
1287
1092
1319
1132
1323
1354
2749
4426
2758
3433
5140
2776
2586
3003
2738
2240
2831
2696
2480
2333
1994
3126
1459
1154
1372
1137
1216
1109
1302
1249
1110
1590
2132
3012
3261
2909
2202
3398
3462
3070
3153
3180
4244
1706
3701
4057
4314
3168
1324
1805
3116
3339
2780
3146
3071
3326
2891
3230
3071
2929
2519
2616
2530
3110
2505
2823
3135
2904
2839
2712
2483
2839
2919
3036
2683
2827
2436
2008
1925
1467
1751
1249
1633
2572
2960
3122
2520
2846
2513
2944
2565
3413
3152
1011
2372
1650
2691
1939
1386
2598
1941
1613
1060
1307
2926
2947
2092
995
1487
1441
1346
931
1077
1309
3002
2651
2084
2355
2045
1769
3917
1864
1957
1737
1594
1539
1209
1641
1500
1690
2031
1209
1117
1654
2033
1346
1326
1228
2088
1860
1695
1279
996
967
1217
1442
1894
2962
1977
1912
1498
891
2335
1675
1710
2079
1948
1587
971
1513
1008
1031
1442
