202
194
191
200
192
187
204
187
189
194
172
165
171
195
145
153
166
168
170
164
165
153
176
175
150
155
267
184
166
198
169
172
165
146
166
167
159
166
153
191
146
146
159
160
144
151
167
161
159
159
165
158
147
151
167
164
155
164
158
165
179
151
163
190
174
170
174
183
181
161
178
172
150
177
172
187
189
157
177
160
184
180
160
176
154
177
166
180
173
172
151
179
150
164
173
186
176
181
160
174
169
161
155
210
189
176
179
177
158
187
168
173
191
178
169
177
189
177
190
173
183
177
159
164
176
166
159
170
185
171
169
177
161
163
184
166
175
175
171
166
175
159
167
155
162
171
176
176
172
184
171
172
179
158
164
183
179
162
175
165
200
155
196
158
187
183
159
178
181
178
169
182
164
162
194
163
224
195
163
195
190
175
178
188
171
172
177
193
194
183
190
195
169
161
189
173
197
181
167
184
165
177
187
168
178
185
183
184
180
173
173
160
174
176
164
168
176
195
192
175
170
179
179
184
166
178
162
187
158
165
197
160
187
169
175
183
160
175
178
165
163
166
183
182
169
176
173
167
164
261
258
192
181
182
180
157
172
168
176
162
196
181
191
169
180
160
178
191
182
167
193
177
494
368
192
186
171
166
182
187
165
182
185
163
186
187
194
181
173
169
193
202
191
183
184
181
179
183
187
180
187
193
169
176
172
167
189
185
180
163
187
177
169
197
181
187
189
184
343
345
326
347
352
324
174
182
169
179
189
173
185
198
211
184
189
204
202
187
188
198
175
190
162
171
186
171
168
178
170
195
198
189
187
169
196
194
176
199
178
205
197
196
190
197
201
195
185
193
177
181
184
194
172
173
189
174
180
182
189
181
194
184
169
172
248
186
167
174
185
246
237
180
161
170
268
228
225
281
276
252
348
358
416
340
260
277
274
253
194
203
199
188
182
179
234
195
192
188
251
338
315
258
182
179
234
320
206
757
484
327
363
365
348
230
190
200
191
200
195
173
202
192
248
180
184
215
190
169
151
160
144
165
164
161
160
161
158
158
164
169
162
174
169
166
222
166
190
188
184
196
178
142
148
162
173
169
193
162
198
168
173
187
180
158
173
175
170
174
162
156
155
156
162
182
175
182
194
228
191
195
185
248
181
239
192
180
185
160
160
164
159
163
166
164
166
150
155
192
156
181
168
165
161
147
169
148
166
154
175
149
181
173
169
168
174
166
167
157
168
173
188
184
181
186
233
280
403
181
216
178
161
165
165
147
159
159
164
181
166
160
154
168
180
181
160
152
169
165
176
168
154
184
179
151
183
191
173
167
172
164
166
178
177
165
176
166
175
168
175
162
154
178
169
172
163
166
160
172
180
191
169
156
177
181
173
189
183
163
174
177
180
173
183
191
174
183
166
179
180
208
264
179
191
172
196
168
156
173
166
182
176
182
164
177
195
161
175
177
177
166
181
185
167
194
180
193
166
188
205
161
180
166
175
169
197
177
190
203
180
181
171
157
187
154
196
183
199
173
164
184
161
171
194
187
202
185
182
164
189
160
171
177
186
172
189
169
171
169
184
182
184
170
220
245
196
235
186
181
179
156
183
210
189
267
307
257
288
189
216
188
189
193
172
177
222
172
184
173
170
164
153
168
158
183
178
177
182
157
186
170
174
192
200
183
188
164
184
162
173
169
155
179
185
158
184
172
164
169
166
172
158
171
151
172
176
175
175
188
176
171
288
179
193
182
158
167
180
191
185
198
190
176
169
184
171
156
162
184
157
183
169
161
183
166
159
178
160
186
175
185
182
173
165
163
163
183
177
178
180
175
161
183
192
185
190
169
189
178
181
173
193
173
174
184
181
173
187
179
191
164
178
163
173
175
187
187
163
199
162
171
171
178
164
158
188
194
182
164
172
160
173
176
183
163
166
174
194
193
165
182
178
181
178
186
183
184
192
179
159
175
157
174
180
182
167
180
156
181
179
180
172
180
177
176
175
169
177
166
181
181
184
173
191
174
192
163
188
169
186
184
180
194
188
165
181
188
197
174
186
175
177
194
190
165
180
192
173
171
173
175
178
170
168
189
176
191
175
160
218
194
198
190
171
168
157
154
178
158
173
163
179
194
187
188
174
183
182
168
175
193
159
168
190
159
193
176
173
168
181
179
190
180
171
192
167
177
177
176
180
166
169
179
164
166
189
163
179
176
184
171
177
157
158
166
183
163
179
185
182
163
194
191
175
171
165
162
179
161
185
175
189
231
187
183
168
193
186
181
194
179
