331
279
290
298
298
303
283
349
279
278
227
173
249
238
263
196
259
292
319
240
176
180
167
302
298
273
359
387
308
275
272
253
144
163
157
134
142
153
136
161
145
153
149
157
141
148
137
168
142
159
163
161
154
152
153
153
157
163
140
152
157
151
162
155
156
170
152
146
157
165
148
158
143
161
159
160
169
170
166
183
173
174
150
155
160
170
217
214
171
175
163
173
229
217
216
181
173
152
166
171
160
144
154
155
163
162
147
168
176
165
171
159
145
151
166
164
150
167
174
151
163
158
168
160
153
165
159
174
158
150
169
168
156
164
169
157
144
168
145
144
176
165
171
166
162
188
167
146
166
156
163
174
168
165
160
176
150
167
165
166
165
158
179
164
161
169
160
175
165
282
271
159
166
175
173
146
174
169
179
162
145
170
175
154
177
172
153
163
164
161
143
170
149
182
151
150
175
169
165
163
149
158
166
154
165
174
165
179
152
169
167
153
178
166
149
168
165
173
143
156
158
171
155
165
162
149
177
157
182
148
167
157
155
162
148
167
159
156
166
165
152
165
167
172
165
167
163
157
170
152
173
173
151
150
154
151
160
158
143
161
167
156
149
174
165
173
175
163
156
168
173
162
163
165
162
159
168
168
147
172
168
165
162
167
171
168
162
162
162
157
163
166
171
158
152
156
152
165
164
148
177
176
151
147
163
162
164
166
160
161
165
152
163
166
174
167
159
168
165
169
157
162
148
149
144
147
257
208
156
179
165
171
173
171
157
152
142
161
165
153
152
170
169
177
148
152
177
166
162
179
153
166
176
165
155
152
164
166
148
162
162
168
147
165
162
158
146
174
157
162
165
153
167
174
166
160
170
168
172
164
158
157
162
162
162
156
145
167
145
148
172
169
172
172
144
151
153
164
153
165
160
218
151
163
165
152
162
173
160
177
149
151
166
176
328
268
282
283
260
265
274
274
275
265
278
270
274
284
281
205
160
173
169
178
164
166
174
182
158
171
146
156
177
167
166
170
186
163
147
143
163
159
183
159
161
164
173
161
166
169
160
144
145
159
170
182
163
156
152
156
159
165
163
164
173
159
176
169
158
163
168
153
168
272
154
152
154
171
175
168
150
168
167
163
150
161
143
157
160
149
175
154
167
145
159
171
173
145
163
170
164
167
147
164
168
148
154
168
148
147
178
169
162
172
175
166
161
171
154
168
152
159
160
183
157
146
149
171
148
147
177
164
168
161
170
144
179
144
171
178
147
141
167
169
166
149
170
175
161
146
156
178
151
183
172
165
159
158
157
147
171
165
150
170
143
166
175
145
154
148
145
166
149
159
154
148
161
167
168
149
147
170
153
149
176
161
161
165
150
177
171
149
166
146
154
166
156
173
164
149
163
146
151
168
162
174
161
157
170
173
145
173
145
151
179
174
155
174
166
179
170
170
152
166
165
157
176
146
151
163
173
179
215
370
195
175
161
176
160
146
160
168
160
146
166
179
171
163
166
174
165
155
165
169
170
161
166
163
167
151
168
143
176
165
169
148
154
164
153
156
150
151
155
170
152
153
149
176
171
175
171
184
166
149
150
166
163
166
146
163
156
177
181
177
186
158
173
180
146
148
174
167
152
158
145
161
163
179
165
178
153
160
170
180
168
153
165
178
145
166
161
145
167
169
165
174
178
172
146
173
155
154
169
177
167
161
166
166
158
160
163
160
178
167
168
181
165
172
187
167
175
179
156
175
153
184
171
175
169
173
169
161
161
170
146
151
151
162
150
166
164
158
145
162
157
151
168
149
166
163
174
174
167
148
177
178
149
173
209
183
172
158
152
156
171
162
150
160
175
177
181
152
174
163
166
168
167
154
179
159
180
159
178
164
155
146
165
164
144
163
149
162
148
168
172
152
174
151
172
163
166
157
165
174
165
164
169
146
167
157
163
176
179
164
156
159
165
145
170
157
152
158
162
162
152
177
162
166
150
161
159
147
168
161
147
150
294
303
300
273
288
282
277
359
339
171
171
169
169
177
165
171
152
142
155
186
160
177
149
174
152
151
168
160
160
172
162
164
177
170
165
164
167
159
163
165
176
160
149
173
166
166
152
218
153
201
159
145
154
170
146
164
180
197
172
158
197
168
162
145
157
162
149
163
162
152
164
151
172
169
159
158
163
161
173
141
169
162
164
167
169
151
168
175
181
154
169
176
171
164
152
159
179
178
170
155
178
168
146
173
165
149
150
159
171
178
153
157
164
169
172
173
174
161
183
157
177
155
173
171
