          10000        1194.67        456.333
          10100        1197.67        499.667
          10200        1243.33            483
          10300        1280.33        655.333
          10400           1290            643
          10500           1316            644
          10600        1336.33            556
          10700        1359.33        673.333
          10800           1377        673.667
          10900        1399.67        671.333
          11000           1426        702.333
          11100        1460.33            648
          11200           1474        632.333
          11300           1525        775.333
          11400           1529        732.333
          11500        1560.67        761.333
          11600           1592            627
          11700        1597.33            799
          11800           1656        818.667
