             11          46.36           2.11           3.85
             12          82.25           2.33           4.05
             13         165.74           2.85           4.24
             14         327.14           3.01           4.12
             15         631.14           3.09           4.19
             16        1262.68           3.72           5.49
             17        2559.58           4.11           8.62
             18        5011.25           4.15           5.14
             19        10028.3            5.1           6.13
             20        20059.6           5.11           6.17
             21          40100           6.34           6.28
             22        81960.9           6.41            6.5
             23         165856           7.17           7.12
             24         330217           8.09           7.37
             25         657570           8.43           11.5
