              1             58            554           1038
              2             99            643           1440
              3            165            664           1812
              4            295            809           2197
              5            601            916           2372
              6           1224           1063           3784
              7           2939           1292           3456
              8           5387           1736           3524
              9          10506           2094           3993
             10          20134           2060           4232
