              1            644           1356
              2            613           1492
              3            695           1868
              4            758           2272
              5            944           2279
              6           1119           2737
              7           1251           2961
              8           1498           3000
              9           1748           3522
             10           1916           3634
             11           2193           3811
             12           2489           3803
             13           2981           4443
             14           3640           4968
             15           3525           4786
             16           3929           4943
             17           4373           5439
             18           4773           5972
             19           5391           6142
             20           5769           6231
             21           6326           6777
             22           6783           6976
             23           7383           7032
             24           8036           7162
             25           8566           7757
