              1            574           1209
              2            637           1663
              3            743           2017
              4            863           2591
              5            981           2752
              6           1217           3090
              7           1434           3342
              8           1672           3102
              9           1969           4003
             10           2191           3894
             11           2219           3842
             12           3312           4351
             13           2955           4657
             14           3223           4982
             15           3641           4811
             16           4123           5311
             17           4481           5480
             18           4848           5514
             19           5323           6176
             20           5974           6706
             21           6507           6723
             22           6955           7019
             23           7756           7206
             24           8847           7292
             25           8527           7562
             26           9211           8006
             27          10045           8467
             28          10937           9122
             29          11485           9607
             30          12573           9771
