            500           2.13              1
           1000          11.05           5.02
           1500          25.52          11.87
           2000          46.32          21.43
           2500          74.01          28.96
           3000         107.65          50.84
           3500         144.35          66.83
           4000          188.4          86.21
           4500         237.62         112.98
           5000         295.82         147.31
           5500         356.03         135.56
           6000          433.2         227.58
           6500         511.08         196.58
           7000         578.65         285.53
           7500         663.39         262.68
           8000         830.09         363.55
           8500        1072.25         457.58
           9000        1180.11         581.24
           9500        1315.45         623.97
          10000        1457.13         618.53
